0 0.38046875 0.51796875 0.1203125 0.58671875
0 0.01875 0.5078125 0.0375 0.5265625
0 0.0296875 0.5296875 0.05 0.45078125
0 0.065625 0.5078125 0.0640625 0.41484375
0 0.115625 0.5234375 0.06640625 0.3609375
0 0.14140625 0.5203125 0.0390625 0.32265625
0 0.18671875 0.53515625 0.06875 0.315625
0 0.215625 0.52734375 0.0359375 0.30078125
0 0.23046875 0.53359375 0.0359375 0.2828125
0 0.27109375 0.534375 0.053125 0.2828125
0 0.29765625 0.5453125 0.03984375 0.23984375
0 0.31796875 0.53984375 0.034375 0.2125
0 0.44453125 0.55390625 0.02421875 0.1609375
0 0.45234375 0.534375 0.00859375 0.0328125
0 0.4625 0.56171875 0.01875 0.0859375
0 0.471875 0.56171875 0.01328125 0.0765625
0 0.48671875 0.5625 0.01484375 0.084375
0 0.49765625 0.57734375 0.0140625 0.1234375
0 0.5171875 0.546875 0.05859375 0.24921875
0 0.54921875 0.54921875 0.03671875 0.2125
0 0.53671875 0.60546875 0.021875 0.0671875
0 0.5875 0.553125 0.0546875 0.26015625
0 0.58828125 0.55 0.05625 0.28203125
0 0.634375 0.5609375 0.05234375 0.290625
0 0.6171875 0.56328125 0.028125 0.259375
0 0.66171875 0.5484375 0.034375 0.278125
0 0.68359375 0.5484375 0.05546875 0.3234375
0 0.71796875 0.56171875 0.0578125 0.33671875
0 0.7296875 0.42109375 0.02578125 0.07421875
0 0.753125 0.56015625 0.046875 0.33125
0 0.790625 0.5359375 0.071875 0.3390625
0 0.79453125 0.56171875 0.05703125 0.3453125
0 0.84140625 0.5578125 0.059375 0.3796875
0 0.98359375 0.5640625 0.03203125 0.5234375
0 0.95859375 0.56171875 0.06328125 0.4796875
0 0.91875 0.5640625 0.07578125 0.44453125
0 0.9 0.5359375 0.09375 0.44921875
0 0.875 0.54296875 0.0546875 0.425
0 0.34296875 0.57890625 0.021875 0.071875
0 0.2421875 0.615625 0.01640625 0.1109375
0 0.26640625 0.628125 0.0125 0.0734375
0 0.434375 0.58984375 0.0125 0.10859375
0 0.434375 0.47734375 0.00703125 0.03984375
0 0.82734375 0.3765625 0.0203125 0.02421875
0 0.9640625 0.37421875 0.06015625 0.0640625
0 0.01796875 0.60234375 0.03203125 0.30390625