0 0.1171875 0.63515625 0.23203125 0.72734375
0 0.28359375 0.64609375 0.196875 0.70625
0 0.375 0.63828125 0.10078125 0.62890625
0 0.42109375 0.65859375 0.234375 0.66484375
0 0.81484375 0.64609375 0.278125 0.70625
0 0.659375 0.6734375 0.19453125 0.64921875
0 0.6109375 0.62421875 0.15078125 0.64453125
0 0.53125 0.64140625 0.12734375 0.634375
0 0.8828125 0.56953125 0.19609375 0.7
0 0.74140625 0.36640625 0.284375 0.26953125
0 0.59609375 0.25078125 0.0859375 0.17265625
0 0.44765625 0.35390625 0.0953125 0.23984375
0 0.365625 0.32734375 0.0875 0.19140625