0 0.93203125 0.75078125 0.1328125 0.49453125
0 0.9265625 0.71953125 0.10625 0.3421875
0 0.8625 0.61328125 0.115625 0.27265625
0 0.74765625 0.6859375 0.0734375 0.39609375
0 0.72734375 0.7390625 0.0671875 0.31953125
0 0.64375 0.753125 0.15625 0.48984375
0 0.61953125 0.6390625 0.0703125 0.2796875
0 0.6859375 0.52109375 0.0625 0.14296875
0 0.75078125 0.61953125 0.0734375 0.3265625
0 0.76171875 0.49453125 0.0390625 0.08515625
0 0.5515625 0.58046875 0.090625 0.253125
0 0.4921875 0.59921875 0.046875 0.259375
0 0.459375 0.621875 0.1 0.3265625
0 0.43671875 0.63125 0.0703125 0.3265625
0 0.37890625 0.7 0.0953125 0.51484375
0 0.3234375 0.46640625 0.028125 0.046875
0 0.28828125 0.534375 0.1109375 0.2234375
0 0.378125 0.64296875 0.090625 0.39140625
0 0.3421875 0.571875 0.04375 0.25703125
0 0.225 0.5203125 0.03125 0.13671875
0 0.2015625 0.565625 0.0375 0.20546875
0 0.16640625 0.56484375 0.0765625 0.26640625
0 0.1578125 0.58984375 0.078125 0.26171875
0 0.11796875 0.58515625 0.0421875 0.2171875
0 0.07890625 0.58515625 0.0734375 0.284375
0 0.053125 0.5515625 0.05 0.23046875
0 0.04140625 0.559375 0.0328125 0.17421875
0 0.0078125 0.5234375 0.015625 0.08984375
0 0.27578125 0.70546875 0.1703125 0.503125
0 0.440625 0.47421875 0.06875 0.0625
0 0.115625 0.48203125 0.05 0.0515625
0 0.1515625 0.58984375 0.040625 0.1546875
0 0.21328125 0.53828125 0.0296875 0.140625