0 0.72890625 0.70703125 0.1984375 0.58203125
0 0.83046875 0.71015625 0.1203125 0.49453125
0 0.915625 0.80078125 0.128125 0.31328125
0 0.42890625 0.7046875 0.1984375 0.5859375
0 0.60625 0.7171875 0.13125 0.4765625
0 0.61484375 0.540625 0.1296875 0.20390625
0 0.52734375 0.665625 0.0828125 0.565625
0 0.0734375 0.7359375 0.146875 0.44296875
0 0.1125 0.8609375 0.18125 0.196875
0 0.0765625 0.575 0.121875 0.28671875
0 0.20078125 0.72265625 0.1703125 0.55
0 0.22578125 0.46171875 0.0859375 0.20390625
0 0.31796875 0.63203125 0.1203125 0.6015625
0 0.11328125 0.49140625 0.1203125 0.32890625
0 0.021875 0.46171875 0.04375 0.1453125
0 0.82421875 0.40625 0.0421875 0.1140625
0 0.79453125 0.36015625 0.0265625 0.040625
0 0.73984375 0.38046875 0.0671875 0.0984375
0 0.61875 0.4765625 0.121875 0.2328125
0 0.415625 0.66328125 0.15625 0.58359375
0 0.41328125 0.38671875 0.8265625 0.27734375
0 0.30546875 0.80234375 0.0796875 0.13203125