0 0.79453125 0.73828125 0.1671875 0.36953125
0 0.83671875 0.6515625 0.0984375 0.25703125
0 0.8546875 0.571875 0.0859375 0.159375
0 0.87890625 0.584375 0.09921875 0.2421875
0 0.6375 0.6640625 0.1796875 0.29765625
0 0.7484375 0.61640625 0.08125 0.19375
0 0.73828125 0.51328125 0.071875 0.1375
0 0.703125 0.46796875 0.16875 0.2609375
0 0.6984375 0.328125 0.02265625 0.08125
0 0.575 0.365625 0.0859375 0.196875
0 0.20859375 0.63984375 0.12421875 0.29765625
0 0.2578125 0.63125 0.10859375 0.2625
0 0.309375 0.6015625 0.06953125 0.2859375
0 0.3265625 0.5921875 0.0890625 0.2625
0 0.365625 0.57578125 0.0859375 0.2265625
0 0.4078125 0.5484375 0.08046875 0.228125
0 0.4515625 0.5375 0.08125 0.26953125
0 0.515625 0.52421875 0.09453125 0.23359375
0 0.09140625 0.61875 0.1828125 0.76015625
0 0.98125 0.73828125 0.0359375 0.1484375
0 0.815625 0.459375 0.171875 0.11484375
0 0.91796875 0.53046875 0.06015625 0.13125
0 0.65390625 0.45546875 0.003125 0.0015625
0 0.34296875 0.46953125 0.0546875 0.08359375
0 0.41640625 0.4609375 0.021875 0.0765625
0 0.5578125 0.46953125 0.08984375 0.15