0 0.9859375 0.8375 0.02734375 0.3234375
0 0.94609375 0.8375 0.07421875 0.3234375
0 0.865625 0.8265625 0.1171875 0.3453125
0 0.88046875 0.75703125 0.03203125 0.175
0 0.93671875 0.81875 0.05703125 0.30546875
0 0.9515625 0.66484375 0.02578125 0.040625
0 0.89453125 0.7703125 0.03359375 0.1890625
0 0.74921875 0.81328125 0.09609375 0.37109375
0 0.796875 0.8265625 0.046875 0.25546875
0 0.76796875 0.71171875 0.02578125 0.034375
0 0.79140625 0.684375 0.046875 0.11015625
0 0.81640625 0.68203125 0.02890625 0.07578125
0 0.7234375 0.70625 0.01796875 0.02421875
0 0.65 0.821875 0.15703125 0.3546875
0 0.5421875 0.90546875 0.17109375 0.18828125
0 0.5234375 0.82109375 0.12578125 0.28359375
0 0.5953125 0.828125 0.06328125 0.31171875
0 0.63515625 0.81484375 0.03828125 0.26875
0 0.559375 0.7015625 0.0515625 0.17578125
0 0.5140625 0.68125 0.03046875 0.06796875
0 0.4890625 0.69453125 0.03125 0.09453125
0 0.47265625 0.7015625 0.04375 0.12109375
0 0.45625 0.73671875 0.07890625 0.165625
0 0.45546875 0.85625 0.071875 0.2859375
0 0.42578125 0.6890625 0.02734375 0.08359375
0 0.40703125 0.7984375 0.046875 0.18203125
0 0.38359375 0.83203125 0.05703125 0.32578125
0 0.40234375 0.7609375 0.03359375 0.1484375
0 0.33359375 0.8453125 0.1359375 0.30703125
0 0.3359375 0.753125 0.1140625 0.25
0 0.2375 0.8375 0.09765625 0.31953125
0 0.13203125 0.84453125 0.17265625 0.309375
0 0.0140625 0.7984375 0.028125 0.30625
0 0.0359375 0.84296875 0.053125 0.31328125
0 0.06875 0.7875 0.05234375 0.26796875
0 0.08671875 0.75703125 0.04296875 0.1796875
0 0.1921875 0.74140625 0.02890625 0.109375
0 0.209375 0.73515625 0.01953125 0.10703125
0 0.27265625 0.740625 0.03671875 0.115625
0 0.3 0.69296875 0.03203125 0.06953125
0 0.025 0.67265625 0.03515625 0.06171875
0 0.08515625 0.66640625 0.02109375 0.03125
0 0.13046875 0.69609375 0.0203125 0.0765625
0 0.21953125 0.678125 0.0171875 0.03046875
0 0.14765625 0.68828125 0.01328125 0.01484375
0 0.44140625 0.6703125 0.17734375 0.04609375
0 0.72890625 0.67265625 0.31796875 0.084375
0 0.77265625 0.9359375 0.0875 0.12421875