0 0.19921875 0.7765625 0.1859375 0.2609375
0 0.27890625 0.7765625 0.125 0.2609375
0 0.47109375 0.84453125 0.125 0.309375
0 0.54140625 0.81015625 0.075 0.2765625
0 0.63984375 0.7875 0.06796875 0.25078125
0 0.67578125 0.73515625 0.03359375 0.1828125
0 0.69765625 0.76015625 0.04609375 0.13671875
0 0.7390625 0.740625 0.03515625 0.19765625
0 0.7421875 0.653125 0.03203125 0.05625
0 0.77109375 0.64453125 0.025 0.065625
0 0.8046875 0.76171875 0.12421875 0.29453125
0 0.8484375 0.75625 0.075 0.303125
0 0.88046875 0.67421875 0.0296875 0.11171875
0 0.92734375 0.7546875 0.0875 0.2796875
0 0.953125 0.73125 0.065625 0.23515625
0 0.58984375 0.58203125 0.04296875 0.0546875
0 0.86015625 0.6578125 0.04609375 0.06171875
0 0.828125 0.6109375 0.0765625 0.02890625
0 0.78359375 0.6171875 0.01328125 0.0375
0 0.7546875 0.62421875 0.009375 0.03828125
0 0.896875 0.62578125 0.015625 0.05859375
0 0.9140625 0.571875 0.028125 0.03515625
0 0.61484375 0.39375 0.0296875 0.06875
0 0.63671875 0.63828125 0.05078125 0.0609375
0 0.340625 0.7203125 0.0453125 0.0765625
0 0.465625 0.69375 0.12890625 0.03515625