0 0.12109375 0.6765625 0.2421875 0.46640625
0 0.321875 0.66953125 0.28671875 0.4828125
0 0.16171875 0.540625 0.13125 0.24765625
0 0.1625 0.46875 0.13046875 0.23671875
0 0.05234375 0.5 0.1046875 0.234375
0 0.11484375 0.421875 0.0453125 0.1171875
0 0.20078125 0.46953125 0.08125 0.2328125
0 0.24765625 0.415625 0.0515625 0.0984375
0 0.29375 0.38046875 0.06484375 0.109375
0 0.28828125 0.51640625 0.11640625 0.22109375
0 0.334375 0.41015625 0.059375 0.12734375
0 0.39609375 0.53359375 0.1359375 0.3890625
0 0.05546875 0.40546875 0.08828125 0.1390625
0 0.11171875 0.36796875 0.046875 0.13515625
0 0.20859375 0.4015625 0.04140625 0.190625
0 0.2359375 0.41328125 0.04140625 0.18671875
0 0.2796875 0.34765625 0.07734375 0.1078125
0 0.3171875 0.33359375 0.0453125 0.10546875
0 0.3921875 0.2953125 0.0265625 0.06484375
0 0.39765625 0.32265625 0.03046875 0.08203125
0 0.4234375 0.38203125 0.0609375 0.115625
0 0.45078125 0.43203125 0.0484375 0.22421875
0 0.47578125 0.415625 0.03515625 0.2328125
0 0.51328125 0.32421875 0.025 0.07265625
0 0.496875 0.35078125 0.0296875 0.0796875
0 0.496875 0.49453125 0.04921875 0.33203125
0 0.55546875 0.296875 0.04921875 0.07265625
0 0.55078125 0.43359375 0.06171875 0.23359375
0 0.5296875 0.51953125 0.065625 0.33828125
0 0.546875 0.54921875 0.13125 0.4875
0 0.5921875 0.37890625 0.03984375 0.084375
0 0.61328125 0.35859375 0.03203125 0.0984375
0 0.65078125 0.32109375 0.05859375 0.0625
0 0.6328125 0.3015625 0.02578125 0.06015625
0 0.66953125 0.43515625 0.0828125 0.26875
0 0.64765625 0.5828125 0.13125 0.46015625
0 0.69609375 0.309375 0.0203125 0.06953125
0 0.71015625 0.3203125 0.028125 0.06484375
0 0.7171875 0.375 0.04453125 0.12890625
0 0.74140625 0.38515625 0.06484375 0.14140625
0 0.72890625 0.66796875 0.21328125 0.48984375
0 0.78359375 0.42890625 0.04296875 0.2609375
0 0.8015625 0.47109375 0.071875 0.26328125
0 0.81328125 0.3578125 0.034375 0.07265625
0 0.85703125 0.3453125 0.03125 0.06796875
0 0.8578125 0.45234375 0.0453125 0.24296875
0 0.8796875 0.48671875 0.090625 0.3546875
0 0.94453125 0.53671875 0.11015625 0.434375
0 0.5 0.3359375 0.99921875 0.5484375