0 0.0203125 0.50078125 0.040625 0.36015625
0 0.05859375 0.5 0.06015625 0.32734375
0 0.0984375 0.49375 0.06796875 0.309375
0 0.14609375 0.4953125 0.059375 0.2765625
0 0.1796875 0.48359375 0.0515625 0.26796875
0 0.20078125 0.47578125 0.034375 0.25390625
0 0.234375 0.48203125 0.03984375 0.23671875
0 0.26875 0.48671875 0.05078125 0.20625
0 0.26875 0.53046875 0.07265625 0.340625
0 0.28984375 0.46796875 0.03984375 0.22578125
0 0.3234375 0.46796875 0.03828125 0.17578125
0 0.3484375 0.46875 0.02890625 0.1859375
0 0.34765625 0.46796875 0.0234375 0.196875
0 0.37421875 0.47578125 0.059375 0.23671875
0 0.3984375 0.4796875 0.0375 0.24140625
0 0.41484375 0.48359375 0.0453125 0.25703125
0 0.44453125 0.4828125 0.025 0.24296875
0 0.44453125 0.48125 0.0234375 0.23984375
0 0.465625 0.47890625 0.03671875 0.2625
0 0.48515625 0.48671875 0.06484375 0.26953125
0 0.4953125 0.4828125 0.0671875 0.29765625
0 0.55703125 0.4703125 0.07890625 0.3375
0 0.571875 0.48203125 0.04921875 0.275
0 0.603125 0.484375 0.078125 0.33671875
0 0.6203125 0.48359375 0.0671875 0.3078125
0 0.678125 0.46015625 0.07265625 0.41015625
0 0.75390625 0.45703125 0.0453125 0.4234375
0 0.88359375 0.45703125 0.12421875 0.50390625
0 0.9609375 0.46875 0.07734375 0.62421875