0 0.10859375 0.46953125 0.03046875 0.078125
0 0.128125 0.4671875 0.0234375 0.07265625
0 0.2796875 0.6875 0.15 0.621875
0 0.38046875 0.7015625 0.10625 0.5765625
0 0.46796875 0.6921875 0.09921875 0.51875
0 0.4953125 0.4578125 0.0296875 0.065625
0 0.54296875 0.67265625 0.11328125 0.57578125
0 0.6234375 0.659375 0.10078125 0.571875
0 0.72734375 0.69296875 0.16484375 0.5984375
0 0.93984375 0.70546875 0.1171875 0.5859375
0 0.48203125 0.440625 0.00703125 0.02421875
0 0.5765625 0.45859375 0.02109375 0.04609375
0 0.659375 0.4546875 0.015625 0.02421875