0 0.86328125 0.528125 0.1046875 0.5234375
0 0.7921875 0.559375 0.0953125 0.42890625
0 0.76875 0.571875 0.0953125 0.4875
0 0.70859375 0.36796875 0.040625 0.0765625
0 0.72734375 0.63203125 0.10703125 0.46640625
0 0.67421875 0.4546875 0.065625 0.2625
0 0.640625 0.353125 0.0328125 0.09453125
0 0.63984375 0.69375 0.12421875 0.3703125
0 0.6203125 0.528125 0.08671875 0.39453125
0 0.57421875 0.53984375 0.040625 0.440625
0 0.58671875 0.49453125 0.16171875 0.3265625
0 0.5015625 0.36015625 0.0546875 0.12578125
0 0.51484375 0.69453125 0.10703125 0.334375
0 0.42734375 0.7 0.10625 0.296875
0 0.478125 0.509375 0.09375 0.32421875
0 0.40546875 0.46796875 0.08671875 0.296875
0 0.4328125 0.371875 0.04296875 0.09921875
0 0.33046875 0.53515625 0.0890625 0.38671875
0 0.37265625 0.50078125 0.03828125 0.375
0 0.31484375 0.66015625 0.09609375 0.28671875
0 0.2265625 0.659375 0.11484375 0.3390625
0 0.26875 0.45390625 0.09765625 0.2640625
0 0.30546875 0.3453125 0.04296875 0.12734375
0 0.2484375 0.42734375 0.10703125 0.290625
0 0.1859375 0.5140625 0.05234375 0.4828125
0 0.1359375 0.55703125 0.1140625 0.490625