0 0.0828125 0.51953125 0.165625 0.54453125
0 0.221875 0.3625 0.12734375 0.2734375
0 0.41015625 0.39609375 0.16015625 0.29609375
0 0.62734375 0.4703125 0.128125 0.36640625
0 0.546875 0.42109375 0.10859375 0.409375
0 0.690625 0.3375 0.10625 0.1671875
0 0.76796875 0.34765625 0.10546875 0.1671875
0 0.50859375 0.66328125 0.30546875 0.56171875
0 0.7375 0.69453125 0.50078125 0.60859375
0 0.1265625 0.3875 0.0921875 0.2640625
0 0.48359375 0.3578125 0.08046875 0.18203125
0 0.465625 0.29296875 0.0578125 0.14765625
0 0.44453125 0.28828125 0.06640625 0.1484375
0 0.3921875 0.234375 0.0390625 0.04921875
0 0.3484375 0.4640625 0.07421875 0.3890625
0 0.29140625 0.40703125 0.07578125 0.165625
0 0.2953125 0.33828125 0.08125 0.10625
0 0.28671875 0.309375 0.0609375 0.0640625
0 0.7703125 0.346875 0.10546875 0.175
0 0.74765625 0.3046875 0.0828125 0.134375
0 0.921875 0.56796875 0.1546875 0.86171875
0 0.42109375 0.9328125 0.840625 0.1234375
0 0.209375 0.67421875 0.4171875 0.39453125
0 0.60859375 0.265625 0.084375 0.09296875
0 0.75078125 0.20546875 0.19921875 0.115625
0 0.00859375 0.29140625 0.0171875 0.09453125
0 0.08046875 0.30234375 0.03203125 0.09453125
0 0.1625 0.29140625 0.04140625 0.1078125
0 0.4640625 0.8265625 0.0953125 0.09921875
0 0.3484375 0.25546875 0.0359375 0.04375
0 0.50703125 0.25078125 0.021875 0.05078125
0 0.81171875 0.371875 0.07578125 0.13828125