0 0.96796875 0.86171875 0.06015625 0.22109375
0 0.9765625 0.90234375 0.04609375 0.1375
0 0.9234375 0.87734375 0.05546875 0.17578125
0 0.8828125 0.9140625 0.0546875 0.12109375
0 0.72421875 0.8734375 0.04609375 0.18984375
0 0.7046875 0.87421875 0.0328125 0.184375
0 0.6734375 0.87578125 0.05546875 0.18671875
0 0.65546875 0.875 0.02890625 0.1828125
0 0.61796875 0.85625 0.08203125 0.23515625
0 0.5828125 0.88203125 0.0375 0.17109375
0 0.553125 0.87109375 0.0484375 0.1921875
0 0.51953125 0.87265625 0.03984375 0.1875
0 0.490625 0.8765625 0.04609375 0.18359375
0 0.45078125 0.878125 0.02890625 0.1796875
0 0.434375 0.8609375 0.05546875 0.21171875
0 0.3890625 0.8734375 0.0578125 0.18984375
0 0.31328125 0.87734375 0.05 0.18203125
0 0.1796875 0.8890625 0.0484375 0.16171875
0 0.2015625 0.453125 0.053125 0.07109375
0 0.39296875 0.9328125 0.02890625 0.0625
0 0.1625 0.859375 0.03671875 0.07890625