0 0.0890625 0.60546875 0.02265625 0.09609375
0 0.12421875 0.58046875 0.01015625 0.0609375
0 0.159375 0.57421875 0.0140625 0.03671875
0 0.29296875 0.60703125 0.03359375 0.159375
0 0.3515625 0.61484375 0.02734375 0.09453125
0 0.371875 0.59921875 0.01640625 0.08984375
0 0.3796875 0.60546875 0.01640625 0.0984375
0 0.38984375 0.61875 0.03046875 0.10390625
0 0.39765625 0.5625 0.01328125 0.0234375
0 0.4046875 0.59140625 0.01484375 0.075
0 0.41171875 0.61171875 0.02109375 0.1046875
0 0.4328125 0.59453125 0.015625 0.0890625
0 0.440625 0.59140625 0.00859375 0.08046875
0 0.44921875 0.6015625 0.02421875 0.10703125
0 0.46640625 0.60703125 0.01953125 0.10625
0 0.475 0.60078125 0.0140625 0.096875
0 0.49921875 0.60859375 0.02421875 0.10078125
0 0.50859375 0.56171875 0.01015625 0.034375
0 0.51796875 0.5765625 0.0171875 0.04296875
0 0.5453125 0.565625 0.009375 0.034375
0 0.54921875 0.565625 0.0140625 0.034375
0 0.70546875 0.60546875 0.01640625 0.0796875
0 0.68984375 0.578125 0.02265625 0.065625
0 0.7 0.56640625 0.01171875 0.03828125
0 0.759375 0.5421875 0.0125 0.03203125
0 0.484375 0.59609375 0.01171875 0.08828125
0 0.01953125 0.53828125 0.02265625 0.075
0 0.12265625 0.52578125 0.01953125 0.04375
0 0.221875 0.53125 0.01953125 0.0484375
0 0.19375 0.54296875 0.0265625 0.028125
0 0.0796875 0.5765625 0.015625 0.04609375
0 0.18515625 0.59921875 0.06953125 0.028125
0 0.21484375 0.56640625 0.0109375 0.02109375
0 0.46640625 0.1890625 0.05234375 0.16171875
0 0.38671875 0.56328125 0.01015625 0.025
0 0.41953125 0.59453125 0.01640625 0.09375
0 0.46171875 0.56640625 0.00546875 0.01875
0 0.5375 0.56796875 0.0078125 0.03359375
0 0.59296875 0.56796875 0.06953125 0.04140625
0 0.65 0.56796875 0.03984375 0.03828125
0 0.72109375 0.53203125 0.0140625 0.04296875
0 0.696875 0.45390625 0.02734375 0.046875
0 0.76484375 0.5734375 0.01796875 0.02578125
0 0.9140625 0.42890625 0.02109375 0.04296875
0 0.89921875 0.5421875 0.196875 0.0453125
0 0.24921875 0.5359375 0.01328125 0.0390625
0 0.76328125 0.540625 0.00859375 0.0390625
0 0.38515625 0.04921875 0.01953125 0.059375
0 0.42890625 0.05546875 0.01953125 0.05703125
0 0.49375 0.58984375 0.01484375 0.08359375
0 0.5171875 0.559375 0.00859375 0.0265625