0 0.89921875 0.52890625 0.1984375 0.9375
0 0.75546875 0.53203125 0.153125 0.85390625
0 0.6578125 0.5484375 0.2 0.89921875
0 0.55 0.28828125 0.103125 0.33515625
0 0.43984375 0.540625 0.23046875 0.9140625
0 0.36484375 0.55234375 0.12578125 0.890625
0 0.51328125 0.17734375 0.06484375 0.221875
0 0.28046875 0.27109375 0.1390625 0.35234375
0 0.32578125 0.1625 0.06796875 0.2171875
0 0.14765625 0.55625 0.1953125 0.88359375
0 0.178125 0.15625 0.140625 0.26484375
0 0.06640625 0.56796875 0.13203125 0.86015625
0 0.053125 0.17109375 0.10625 0.2390625