0 0.82109375 0.6859375 0.3484375 0.53828125
0 0.6328125 0.6578125 0.3875 0.459375
0 0.284375 0.7515625 0.23125 0.4921875
0 0.09921875 0.71796875 0.1984375 0.559375
0 0.21328125 0.4265625 0.1015625 0.2765625
0 0.3796875 0.6453125 0.203125 0.39609375
0 0.10078125 0.17734375 0.1359375 0.3546875
0 0.196875 0.16640625 0.08125 0.3046875
0 0.103125 0.3984375 0.134375 0.20625
0 0.265625 0.3890625 0.171875 0.35625
0 0.50625 0.1265625 0.140625 0.2390625
0 0.6609375 0.159375 0.10625 0.2765625
0 0.91015625 0.50703125 0.1203125 0.32109375
0 0.95625 0.51640625 0.084375 0.35390625
0 0.68671875 0.51171875 0.1890625 0.30234375
0 0.5296875 0.47890625 0.18125 0.34453125
0 0.746875 0.35703125 0.09375 0.23203125
0 0.8953125 0.32578125 0.06875 0.0890625
0 0.9171875 0.25390625 0.084375 0.15234375
0 0.84453125 0.39140625 0.0984375 0.2765625
0 0.8296875 0.29140625 0.09375 0.18984375
0 0.04296875 0.340625 0.0828125 0.64375
0 0.3703125 0.09609375 0.1 0.159375
0 0.85546875 0.103125 0.2859375 0.196875
0 0.590625 0.11796875 0.05625 0.22734375
0 0.96796875 0.29375 0.0609375 0.17109375
0 0.75390625 0.24375 0.0640625 0.0703125
0 0.68359375 0.40625 0.1109375 0.19921875