0 0.02421875 0.47734375 0.0484375 0.27890625
0 0.06328125 0.496875 0.04609375 0.23359375
0 0.06171875 0.39296875 0.05703125 0.10546875
0 0.13203125 0.58203125 0.16796875 0.52265625
0 0.22109375 0.4703125 0.06875 0.2828125
0 0.28046875 0.47421875 0.0390625 0.21953125
0 0.32109375 0.475 0.05546875 0.2484375
0 0.36328125 0.47578125 0.03828125 0.2109375
0 0.39609375 0.4796875 0.059375 0.22890625
0 0.45 0.49609375 0.04765625 0.26953125
0 0.484375 0.52109375 0.08984375 0.33828125
0 0.5625 0.509375 0.0765625 0.35390625
0 0.61953125 0.51328125 0.10078125 0.3234375
0 0.5765625 0.509375 0.840625 0.328125