0 0.03125 0.4765625 0.0625 0.3765625
0 0.08359375 0.409375 0.11015625 0.28828125
0 0.1265625 0.37578125 0.04765625 0.25078125
0 0.178125 0.409375 0.06640625 0.33203125
0 0.22109375 0.40234375 0.05546875 0.2265625
0 0.27890625 0.43359375 0.10078125 0.26796875
0 0.3875 0.48671875 0.11796875 0.51875
0 0.45390625 0.58046875 0.33203125 0.83671875
0 0.50625 0.609375 0.2484375 0.778125
0 0.68671875 0.45703125 0.1640625 0.4125
0 0.14375 0.2921875 0.0234375 0.0375
0 0.09609375 0.38359375 0.04609375 0.190625
0 0.025 0.29765625 0.05 0.05703125
0 0.159375 0.290625 0.0140625 0.02265625