0 0.11328125 0.58984375 0.0875 0.48984375
0 0.2015625 0.5734375 0.103125 0.4359375
0 0.25703125 0.5671875 0.07109375 0.3875
0 0.31640625 0.5078125 0.06640625 0.2453125
0 0.365625 0.55703125 0.06796875 0.3265625
0 0.4015625 0.53515625 0.06171875 0.33984375
0 0.440625 0.5421875 0.08359375 0.29765625
0 0.4515625 0.45703125 0.07265625 0.2234375
0 0.50625 0.546875 0.065625 0.3265625
0 0.5703125 0.53828125 0.08203125 0.24609375
0 0.58203125 0.42265625 0.05859375 0.1421875
0 0.62578125 0.56875 0.07578125 0.41015625
0 0.67734375 0.58359375 0.1109375 0.3875
0 0.72421875 0.5796875 0.07578125 0.4390625
0 0.80625 0.5890625 0.1078125 0.4703125
0 0.92890625 0.54765625 0.140625 0.3921875
0 0.48203125 0.4296875 0.0265625 0.06875
0 0.96484375 0.4375 0.0671875 0.10234375
0 0.8703125 0.4296875 0.015625 0.0515625