0 0.98125 0.23046875 0.03671875 0.1234375
0 0.96171875 0.2078125 0.075 0.1921875
0 0.9078125 0.56484375 0.16953125 0.86796875
0 0.98125 0.51171875 0.034375 0.9734375
0 0.8515625 0.2609375 0.0609375 0.1390625
0 0.80625 0.24609375 0.1078125 0.275
0 0.76484375 0.38046875 0.14140625 0.46640625
0 0.684375 0.1984375 0.0375 0.1109375
0 0.55859375 0.221875 0.059375 0.14765625
0 0.51484375 0.303125 0.0671875 0.225
0 0.47265625 0.27421875 0.05078125 0.209375
0 0.43046875 0.2453125 0.096875 0.2171875
0 0.41796875 0.590625 0.12734375 0.81796875
0 0.32890625 0.2078125 0.09375 0.27734375
0 0.2640625 0.50859375 0.178125 0.86796875
0 0.15625 0.23828125 0.0609375 0.078125
0 0.12265625 0.2125 0.0625 0.12421875
0 0.08671875 0.51640625 0.165625 0.8796875
0 0.2359375 0.51015625 0.321875 0.978125
0 0.61328125 0.53046875 0.35078125 0.9375
0 0.76171875 0.26015625 0.01953125 0.05546875
0 0.83828125 0.834375 0.06484375 0.23984375
0 0.58671875 0.25546875 0.0375 0.078125
0 0.35703125 0.1984375 0.05078125 0.0546875
0 0.0421875 0.5828125 0.084375 0.83125