0 0.95390625 0.44296875 0.05078125 0.33671875
0 0.9171875 0.46640625 0.07890625 0.371875
0 0.88046875 0.309375 0.03984375 0.0875
0 0.85703125 0.4453125 0.06328125 0.32734375
0 0.80390625 0.465625 0.08515625 0.39609375
0 0.771875 0.53671875 0.02265625 0.06484375
0 0.7765625 0.31484375 0.0171875 0.034375
0 0.75 0.43046875 0.03828125 0.225
0 0.72578125 0.3265625 0.0296875 0.04296875
0 0.6921875 0.453125 0.08984375 0.39765625
0 0.66328125 0.4203125 0.04140625 0.24609375
0 0.62890625 0.3671875 0.02734375 0.05234375
0 0.5875 0.4734375 0.09609375 0.36015625
0 0.59375 0.31796875 0.04140625 0.0640625
0 0.53359375 0.4078125 0.06484375 0.26640625
0 0.465625 0.41171875 0.06328125 0.25625
0 0.36015625 0.56171875 0.203125 0.75
0 0.22734375 0.53671875 0.16328125 0.71875
0 0.15 0.38359375 0.01953125 0.0625
0 0.13125 0.3890625 0.015625 0.0609375
0 0.14140625 0.3890625 0.0109375 0.04296875
0 0.0859375 0.3875 0.0171875 0.0609375
0 0.05234375 0.37734375 0.0125 0.04375
0 0.0296875 0.36875 0.01171875 0.03984375
0 0.01640625 0.38203125 0.01171875 0.04375
0 0.0046875 0.37890625 0.00625 0.0421875
0 0.99453125 0.42265625 0.01015625 0.1359375