0 0.0359375 0.71015625 0.0703125 0.29453125
0 0.071875 0.6140625 0.02890625 0.13671875
0 0.10078125 0.61875 0.0390625 0.13125
0 0.128125 0.58828125 0.0265625 0.0953125
0 0.12578125 0.70859375 0.07109375 0.13671875
0 0.1484375 0.63984375 0.02890625 0.06015625
0 0.1890625 0.66796875 0.04609375 0.13125
0 0.1953125 0.6015625 0.0296875 0.06171875
0 0.17734375 0.5796875 0.02265625 0.0859375
0 0.2109375 0.56875 0.0203125 0.0671875
0 0.2328125 0.79140625 0.0984375 0.35625
0 0.2515625 0.609375 0.0265625 0.0640625
0 0.3078125 0.65078125 0.03515625 0.14609375
0 0.3421875 0.64921875 0.02890625 0.1015625
0 0.2875 0.58359375 0.0171875 0.0640625
0 0.3109375 0.57421875 0.02109375 0.0484375
0 0.3484375 0.5625 0.0109375 0.04140625
0 0.36015625 0.57890625 0.0171875 0.06953125
0 0.3765625 0.5796875 0.0171875 0.0671875
0 0.41875 0.575 0.0203125 0.065625
0 0.51953125 0.5703125 0.01640625 0.05234375
0 0.54765625 0.578125 0.01484375 0.0640625
0 0.58046875 0.5734375 0.0140625 0.0390625
0 0.62578125 0.57578125 0.0140625 0.04140625
0 0.6265625 0.5796875 0.0109375 0.0453125
0 0.65078125 0.584375 0.0234375 0.065625
0 0.6875 0.5859375 0.025 0.05078125
0 0.7171875 0.5671875 0.01640625 0.046875
0 0.73671875 0.5953125 0.0265625 0.0578125
0 0.7578125 0.5765625 0.01640625 0.0734375
0 0.77890625 0.59375 0.0328125 0.103125
0 0.8109375 0.61640625 0.04140625 0.121875
0 0.8625 0.62109375 0.0453125 0.13515625
0 0.8734375 0.6 0.0171875 0.1015625
0 0.88359375 0.596875 0.0171875 0.1015625
0 0.9140625 0.64609375 0.03984375 0.1140625
0 0.9234375 0.584375 0.02109375 0.08046875
0 0.97890625 0.61328125 0.03984375 0.15390625
0 0.6640625 0.57578125 0.0203125 0.0296875