0 0.04609375 0.73046875 0.09140625 0.534375
0 0.078125 0.640625 0.03046875 0.21953125
0 0.10703125 0.64609375 0.0640625 0.21953125
0 0.1421875 0.58046875 0.04609375 0.08828125
0 0.1625 0.6359375 0.05546875 0.20546875
0 0.17890625 0.6375 0.0640625 0.20546875
0 0.146875 0.54140625 0.03046875 0.06328125
0 0.11640625 0.54140625 0.03046875 0.0484375
0 0.178125 0.64609375 0.065625 0.21953125
0 0.2578125 0.71328125 0.134375 0.56953125
0 0.31484375 0.7203125 0.0765625 0.55546875
0 0.4 0.72578125 0.08359375 0.509375
0 0.49609375 0.7375 0.09140625 0.409375
0 0.54609375 0.71796875 0.06953125 0.39453125
0 0.5734375 0.678125 0.046875 0.37109375
0 0.60234375 0.6328125 0.06796875 0.3265625
0 0.90078125 0.63828125 0.07109375 0.16171875
0 0.0125 0.48046875 0.0140625 0.05390625
0 0.746875 0.64296875 0.10546875 0.1671875
0 0.003125 0.4875 0.00546875 0.03671875
0 0.184375 0.74453125 0.0609375 0.11171875