0 0.04765625 0.325 0.021875 0.046875
0 0.121875 0.32890625 0.02890625 0.05
0 0.16953125 0.325 0.01875 0.04609375
0 0.18515625 0.32578125 0.02734375 0.04140625
0 0.2109375 0.32734375 0.03359375 0.05078125
0 0.2734375 0.325 0.0203125 0.05
0 0.31953125 0.36171875 0.0734375 0.14765625
0 0.4 0.36328125 0.071875 0.13828125
0 0.48046875 0.3390625 0.0390625 0.0859375
0 0.52265625 0.31484375 0.03125 0.05078125
0 0.53125 0.375 0.0953125 0.15078125
0 0.609375 0.35234375 0.05 0.09765625
0 0.6453125 0.3453125 0.04921875 0.10625
0 0.68203125 0.3265625 0.0296875 0.0546875
0 0.7578125 0.40703125 0.09921875 0.178125
0 0.421875 0.315625 0.0234375 0.0265625
0 0.56328125 0.31875 0.0203125 0.040625
0 0.8046875 0.3265625 0.0609375 0.05625
0 0.9421875 0.31640625 0.1125 0.02109375