0 0.8546875 0.4359375 0.2890625 0.75
0 0.68671875 0.43828125 0.22578125 0.63125
0 0.5328125 0.42578125 0.20625 0.59765625
0 0.3765625 0.42421875 0.5203125 0.5921875
0 0.2234375 0.42890625 0.1859375 0.63671875
0 0.14609375 0.4484375 0.2921875 0.7359375
0 0.98125 0.31640625 0.03515625 0.30703125
0 0.6171875 0.19140625 0.11328125 0.09375
0 0.45078125 0.2046875 0.08828125 0.06875
0 0.1453125 0.18203125 0.0453125 0.06796875
0 0.0375 0.44765625 0.075 0.2390625
0 0.478125 0.221875 0.02578125 0.03125
0 0.7546875 0.1796875 0.05078125 0.03515625
0 0.565625 0.534375 0.0859375 0.05078125
0 0.190625 0.2 0.0296875 0.02265625
0 0.025 0.20703125 0.05 0.0265625
0 0.33828125 0.21640625 0.03671875 0.0203125
0 0.49921875 0.21875 0.01953125 0.01875
0 0.5703125 0.2046875 0.0203125 0.0171875
0 0.29296875 0.4890625 0.03359375 0.0234375
0 0.05234375 0.4921875 0.05625 0.08046875