0 0.10234375 0.74921875 0.0734375 0.40234375
0 0.17890625 0.70859375 0.0890625 0.40078125
0 0.15078125 0.65703125 0.03828125 0.21796875
0 0.5328125 0.753125 0.13671875 0.490625
0 0.675 0.74765625 0.0921875 0.43515625
0 0.51953125 0.7390625 0.071875 0.3921875
0 0.6125 0.60703125 0.05625 0.1625
0 0.73359375 0.6125 0.07109375 0.121875
0 0.75859375 0.590625 0.0609375 0.08671875
0 0.80625 0.740625 0.075 0.40703125
0 0.84453125 0.79296875 0.0515625 0.21484375
0 0.84453125 0.71875 0.053125 0.328125
0 0.8921875 0.69140625 0.06640625 0.321875
0 0.9359375 0.69921875 0.07109375 0.37890625
0 0.9640625 0.6671875 0.03515625 0.28515625
0 0.2546875 0.61171875 0.028125 0.08203125
0 0.98515625 0.55546875 0.028125 0.065625
0 0.91875 0.56640625 0.01875 0.05546875