0 0.878125 0.60234375 0.07109375 0.303125
0 0.81484375 0.62578125 0.07578125 0.31953125
0 0.7703125 0.63515625 0.0640625 0.31015625
0 0.70546875 0.625 0.07265625 0.31484375
0 0.66171875 0.625 0.05390625 0.303125
0 0.61875 0.69296875 0.06171875 0.20703125
0 0.55625 0.6546875 0.0796875 0.28046875
0 0.4953125 0.6484375 0.05390625 0.2953125
0 0.4453125 0.64921875 0.0546875 0.2875
0 0.384375 0.6390625 0.0609375 0.30859375
0 0.33125 0.63671875 0.06171875 0.3015625
0 0.27421875 0.6296875 0.06875 0.296875
0 0.21015625 0.63125 0.06328125 0.303125
0 0.15546875 0.6296875 0.06484375 0.30859375
0 0.11875 0.61171875 0.05234375 0.303125
0 0.19375 0.4953125 0.0328125 0.0828125
0 0.23515625 0.478125 0.0359375 0.1015625
0 0.246875 0.62578125 0.05078125 0.2953125
0 0.309375 0.4859375 0.05703125 0.1171875
0 0.34921875 0.4734375 0.053125 0.1046875
0 0.36484375 0.51328125 0.02890625 0.0703125
0 0.4 0.49453125 0.028125 0.071875
0 0.41796875 0.62109375 0.0359375 0.28359375
0 0.440625 0.49609375 0.028125 0.05078125
0 0.465625 0.52890625 0.03203125 0.08984375
0 0.478125 0.5015625 0.021875 0.04609375
0 0.496875 0.496875 0.02578125 0.05234375
0 0.5203125 0.54453125 0.03203125 0.08359375
0 0.52421875 0.49765625 0.03515625 0.065625
0 0.5515625 0.48125 0.02734375 0.0453125
0 0.5453125 0.51640625 0.028125 0.040625
0 0.56328125 0.50390625 0.02578125 0.05703125
0 0.58828125 0.6015625 0.053125 0.24765625
0 0.6234375 0.55078125 0.0453125 0.18125
0 0.64140625 0.49921875 0.02265625 0.05078125
0 0.67265625 0.6015625 0.05390625 0.30703125
0 0.740625 0.5984375 0.03671875 0.3
0 0.78671875 0.490625 0.03125 0.08359375