0 0.19921875 0.8296875 0.3984375 0.3390625
0 0.7296875 0.73515625 0.3390625 0.52578125
0 0.4125 0.646875 0.12734375 0.24453125
0 0.55078125 0.646875 0.1234375 0.25078125
0 0.4171875 0.60859375 0.08515625 0.184375
0 0.4859375 0.6 0.05859375 0.16953125
0 0.66328125 0.57734375 0.08359375 0.1421875
0 0.64296875 0.5359375 0.05625 0.084375
0 0.5265625 0.515625 0.0453125 0.03671875
0 0.5578125 0.51484375 0.01875 0.021875
0 0.7953125 0.56875 0.2203125 0.1359375
0 0.51640625 0.6625 0.01015625 0.01015625
0 0.5171875 0.53515625 0.0640625 0.046875
0 0.61875 0.6609375 0.04765625 0.0578125