0 0.053125 0.84609375 0.0984375 0.30390625
0 0.153125 0.83125 0.1390625 0.33359375
0 0.18828125 0.83984375 0.065625 0.30390625
0 0.29453125 0.85390625 0.16484375 0.28828125
0 0.27421875 0.78515625 0.053125 0.16640625
0 0.31484375 0.7890625 0.0625 0.1546875
0 0.3890625 0.78515625 0.075 0.19375
0 0.46171875 0.5921875 0.10703125 0.81171875
0 0.61796875 0.571875 0.14453125 0.853125
0 0.74140625 0.6046875 0.1125 0.7859375
0 0.8140625 0.821875 0.0859375 0.2390625
0 0.91640625 0.82421875 0.08515625 0.27265625
0 0.9625 0.8296875 0.07421875 0.2703125
0 0.97265625 0.68984375 0.028125 0.2234375
0 0.7 0.7953125 0.0234375 0.10390625
0 0.78125 0.771875 0.01953125 0.11953125