0 0.03984375 0.9125 0.0515625 0.17265625
0 0.05078125 0.859375 0.03828125 0.12265625
0 0.078125 0.940625 0.05 0.1171875
0 0.0953125 0.8921875 0.06171875 0.2
0 0.125 0.903125 0.04375 0.1921875
0 0.14140625 0.8875 0.025 0.15859375
0 0.2640625 0.884375 0.03125 0.20390625
0 0.27734375 0.88515625 0.021875 0.15859375
0 0.328125 0.92890625 0.084375 0.140625
0 0.3421875 0.88203125 0.05 0.10546875
0 0.3171875 0.88125 0.046875 0.16015625
0 0.30546875 0.82421875 0.02421875 0.08984375
0 0.34375 0.82421875 0.01875 0.05
0 0.36953125 0.86484375 0.04140625 0.17265625
0 0.39140625 0.88125 0.02109375 0.17890625
0 0.40390625 0.89609375 0.04140625 0.20625
0 0.4234375 0.9125 0.04609375 0.17265625
0 0.45234375 0.91484375 0.0453125 0.16875
0 0.48671875 0.9390625 0.05625 0.11953125
0 0.5140625 0.93359375 0.04375 0.10625
0 0.5859375 0.94765625 0.16484375 0.103125
0 0.6234375 0.90546875 0.028125 0.140625
0 0.60703125 0.90859375 0.0328125 0.15546875
0 0.60859375 0.840625 0.02734375 0.07109375
0 0.60234375 0.82890625 0.01953125 0.06015625
0 0.62109375 0.8125 0.0171875 0.0609375
0 0.5859375 0.865625 0.0296875 0.18671875
0 0.56484375 0.8015625 0.02109375 0.06875
0 0.546875 0.80625 0.01171875 0.040625
0 0.42890625 0.83984375 0.028125 0.0671875
0 0.4484375 0.834375 0.021875 0.07890625
0 0.46171875 0.82734375 0.0171875 0.02890625
0 0.4265625 0.78828125 0.01484375 0.04296875
0 0.44140625 0.8046875 0.01953125 0.06953125
0 0.4625 0.79921875 0.01484375 0.040625
0 0.475 0.81484375 0.021875 0.05234375
0 0.5046875 0.81875 0.01796875 0.0359375
0 0.52421875 0.8296875 0.015625 0.03671875
0 0.503125 0.79453125 0.02578125 0.046875
0 0.4859375 0.7984375 0.01875 0.0671875
0 0.01953125 0.91796875 0.03125 0.1625
0 0.12578125 0.83828125 0.00859375 0.03125
0 0.3421875 0.821875 0.0296875 0.0484375
0 0.85703125 0.9859375 0.128125 0.02578125
0 0.7078125 0.9859375 0.03984375 0.02578125
0 0.4125 0.8078125 0.0171875 0.06171875
0 0.49296875 0.8296875 0.01640625 0.02109375
0 0.45703125 0.746875 0.05859375 0.08671875
0 0.47265625 0.8421875 0.02109375 0.0265625
0 0.51796875 0.78125 0.01484375 0.05