0 0.16171875 0.9234375 0.14296875 0.15078125
0 0.30390625 0.90234375 0.15390625 0.19296875
0 0.38828125 0.8875 0.1421875 0.221875
0 0.2515625 0.82890625 0.08515625 0.17421875
0 0.37265625 0.76484375 0.1078125 0.2046875
0 0.34609375 0.68671875 0.06875 0.1484375
0 0.446875 0.6734375 0.06015625 0.2203125
0 0.53203125 0.81328125 0.09921875 0.334375
0 0.6125 0.87734375 0.13828125 0.24296875
0 0.77265625 0.79375 0.0765625 0.26484375
0 0.8265625 0.8671875 0.09921875 0.2640625
0 0.93984375 0.9 0.11796875 0.196875
0 0.49921875 0.640625 0.0453125 0.19453125
0 0.5328125 0.6359375 0.0546875 0.15390625
0 0.56640625 0.64140625 0.03515625 0.2140625
0 0.5921875 0.69453125 0.05625 0.23984375
0 0.6375 0.71015625 0.0703125 0.26015625
0 0.68671875 0.7015625 0.08359375 0.27421875
0 0.75859375 0.6828125 0.084375 0.2453125
0 0.86640625 0.709375 0.115625 0.20078125
0 0.89921875 0.6703125 0.06171875 0.22734375
0 0.959375 0.68125 0.065625 0.20703125
0 0.74296875 0.53828125 0.04921875 0.0890625
0 0.77890625 0.5734375 0.0390625 0.06796875
0 0.803125 0.64453125 0.05703125 0.16796875
0 0.8328125 0.58203125 0.03359375 0.09296875
0 0.85625 0.55546875 0.03828125 0.071875
0 0.92265625 0.625 0.05390625 0.20859375
0 0.89140625 0.51171875 0.03515625 0.084375
0 0.87265625 0.51796875 0.034375 0.06171875
0 0.85703125 0.4984375 0.02421875 0.05
0 0.8453125 0.48515625 0.02578125 0.0671875
0 0.7984375 0.4859375 0.034375 0.06015625
0 0.65 0.58046875 0.046875 0.08515625
0 0.7140625 0.5859375 0.04921875 0.13515625
0 0.6796875 0.53984375 0.04609375 0.0796875
0 0.640625 0.55390625 0.046875 0.1234375
0 0.596875 0.5453125 0.0421875 0.11953125
0 0.4765625 0.6125 0.0375 0.190625
0 0.48046875 0.50625 0.034375 0.034375
0 0.4390625 0.55546875 0.040625 0.1
0 0.38671875 0.59921875 0.0453125 0.18203125
0 0.28046875 0.6546875 0.0625 0.2234375
0 0.34921875 0.60546875 0.0375 0.08828125
0 0.32109375 0.63671875 0.03203125 0.196875
0 0.259375 0.75 0.06796875 0.16171875
0 0.2140625 0.7234375 0.06640625 0.22734375
0 0.16171875 0.69453125 0.06640625 0.14140625
0 0.55859375 0.5046875 0.88125 0.2453125