0 0.95234375 0.90234375 0.0359375 0.10859375
0 0.89453125 0.8890625 0.0390625 0.10234375
0 0.85078125 0.88984375 0.0359375 0.1046875
0 0.83515625 0.88984375 0.0265625 0.096875
0 0.775 0.88671875 0.0375 0.08203125
0 0.69921875 0.8890625 0.0421875 0.090625
0 0.71953125 0.89140625 0.0265625 0.08203125
0 0.740625 0.88359375 0.028125 0.07578125
0 0.6390625 0.88671875 0.03125 0.078125
0 0.5265625 0.90546875 0.040625 0.10703125
0 0.503125 0.8921875 0.028125 0.10078125
0 0.453125 0.8859375 0.01875 0.06328125
0 0.40625 0.90234375 0.04375 0.125
0 0.3375 0.8953125 0.053125 0.11875
0 0.296875 0.8890625 0.034375 0.09453125
0 0.2671875 0.89296875 0.05 0.10703125
0 0.22734375 0.89765625 0.0328125 0.10703125
0 0.18125 0.89609375 0.028125 0.08046875
0 0.196875 0.88203125 0.021875 0.071875
0 0.125 0.89453125 0.028125 0.084375
0 0.11015625 0.89296875 0.0359375 0.0859375
0 0.0859375 0.89765625 0.034375 0.08203125
0 0.09609375 0.89453125 0.0171875 0.08046875
0 0.0703125 0.88203125 0.025 0.059375
0 0.03359375 0.8890625 0.0328125 0.0984375
0 0.00703125 0.89609375 0.0140625 0.0921875
0 0.21640625 0.88828125 0.4328125 0.0921875
0 0.715625 0.88125 0.565625 0.0984375