0 0.9046875 0.4890625 0.18828125 0.721875
0 0.78515625 0.3984375 0.09140625 0.465625
0 0.784375 0.38125 0.08984375 0.37578125
0 0.78671875 0.18359375 0.07265625 0.1375
0 0.775 0.228125 0.03203125 0.059375
0 0.784375 0.3875 0.09140625 0.44375
0 0.75234375 0.39609375 0.16953125 0.49453125
0 0.746875 0.17265625 0.1625 0.15390625
0 0.68671875 0.16171875 0.025 0.05703125
0 0.6515625 0.36953125 0.0609375 0.46796875
0 0.63515625 0.1671875 0.03515625 0.11015625
0 0.596875 0.34609375 0.084375 0.546875
0 0.58671875 0.3734375 0.08828125 0.53671875
0 0.5296875 0.3765625 0.053125 0.5140625
0 0.4 0.34375 0.0390625 0.13671875
0 0.3265625 0.35234375 0.08125 0.11953125
0 0.13984375 0.340625 0.09609375 0.15078125
0 0.06171875 0.2921875 0.08046875 0.2578125
0 0.1078125 0.1765625 0.0734375 0.18828125
0 0.18359375 0.24921875 0.0875 0.33359375
0 0.25625 0.24375 0.09609375 0.346875
0 0.3703125 0.25234375 0.06015625 0.234375
0 0.81796875 0.246875 0.01953125 0.02421875
0 0.55078125 0.1890625 0.03046875 0.0734375
0 0.50703125 0.178125 0.009375 0.0640625
0 0.02734375 0.31953125 0.05390625 0.33828125
0 0.05703125 0.14609375 0.07265625 0.084375
0 0.14453125 0.25 0.028125 0.05546875
0 0.203125 0.21953125 0.0265625 0.08125
0 0.2234375 0.34140625 0.025 0.14609375
0 0.29609375 0.2875 0.03125 0.18984375
0 0.35234375 0.21015625 0.040625 0.25234375
0 0.40703125 0.2171875 0.0234375 0.14609375