0 0.88046875 0.67265625 0.10859375 0.43671875
0 0.978125 0.54375 0.04296875 0.24765625
0 0.98203125 0.4328125 0.03515625 0.228125
0 0.9171875 0.5609375 0.0625 0.30234375
0 0.88984375 0.51484375 0.040625 0.21015625
0 0.71796875 0.78046875 0.05546875 0.32734375
0 0.76484375 0.74765625 0.0578125 0.30234375
0 0.68046875 0.83984375 0.11171875 0.3171875
0 0.5875 0.86640625 0.0703125 0.26484375
0 0.62421875 0.8390625 0.03984375 0.30546875
0 0.60078125 0.78515625 0.0359375 0.1953125
0 0.54296875 0.8796875 0.04296875 0.23828125
0 0.50703125 0.896875 0.0453125 0.203125
0 0.4421875 0.90859375 0.04609375 0.18046875
0 0.33359375 0.9328125 0.0546875 0.13046875
0 0.275 0.9 0.05703125 0.196875
0 0.7953125 0.553125 0.0125 0.0546875
0 0.7859375 0.55859375 0.01328125 0.04921875
0 0.7734375 0.565625 0.01171875 0.04609375
0 0.2265625 0.78125 0.453125 0.434375
0 0.725 0.559375 0.54921875 0.61953125
0 0.89296875 0.07734375 0.0625 0.13515625