0 0.04375 0.79140625 0.05625 0.16796875
0 0.09609375 0.790625 0.0734375 0.1953125
0 0.14921875 0.78046875 0.0390625 0.18515625
0 0.15625 0.78046875 0.03125 0.17109375
0 0.2640625 0.76796875 0.075 0.2
0 0.45078125 0.7546875 0.0484375 0.16796875
0 0.459375 0.8015625 0.040625 0.1
0 0.4921875 0.7875 0.040625 0.13671875
0 0.5 0.765625 0.034375 0.17109375
0 0.671875 0.78203125 0.0375 0.1734375
0 0.7375 0.79375 0.0625 0.15859375
0 0.7890625 0.5265625 0.028125 0.1171875
0 0.81796875 0.4953125 0.0265625 0.10234375
0 0.8359375 0.4875 0.025 0.10703125
0 0.8671875 0.49609375 0.03125 0.1
0 0.89296875 0.509375 0.0296875 0.1125
0 0.90625 0.4953125 0.01875 0.10234375
0 0.94140625 0.509375 0.0296875 0.10703125
0 0.9546875 0.5234375 0.021875 0.11953125
0 0.76484375 0.45625 0.0234375 0.09765625
0 0.7859375 0.43671875 0.021875 0.0828125
0 0.803125 0.421875 0.021875 0.0875
0 0.70546875 0.44609375 0.0265625 0.09296875
0 0.73359375 0.43671875 0.0203125 0.10234375
0 0.7578125 0.44140625 0.0125 0.0828125
0 0.71015625 0.37578125 0.0171875 0.06328125
0 0.73828125 0.35234375 0.0140625 0.0609375
0 0.47421875 0.365625 0.0234375 0.06796875
0 0.359375 0.30234375 0.0125 0.04375
0 0.04375 0.678125 0.028125 0.14609375
0 0.0578125 0.5953125 0.0375 0.121875
0 0.09453125 0.5984375 0.0359375 0.1390625
0 0.27421875 0.528125 0.0296875 0.1046875
0 0.19609375 0.4765625 0.0234375 0.11484375
0 0.2265625 0.4484375 0.0125 0.078125
0 0.23984375 0.45390625 0.0203125 0.0875
0 0.29609375 0.34609375 0.0203125 0.06796875
0 0.66328125 0.35703125 0.1984375 0.25625
0 0.475 0.2484375 0.0125 0.01953125
0 0.4046875 0.3046875 0.078125 0.10703125