0 0.28515625 0.72109375 0.2875 0.55390625
0 0.12890625 0.6859375 0.23125 0.6234375
0 0.5765625 0.72578125 0.25859375 0.54375
0 0.80234375 0.728125 0.271875 0.53984375
0 0.446875 0.66640625 0.16640625 0.6546875
0 0.87109375 0.8265625 0.24921875 0.34296875
0 0.625 0.81640625 0.2625 0.35078125
0 0.8453125 0.503125 0.196875 0.346875
0 0.9203125 0.48828125 0.14921875 0.35703125
0 0.7515625 0.440625 0.24140625 0.39765625
0 0.63203125 0.4578125 0.11328125 0.29609375
0 0.5515625 0.39765625 0.08984375 0.16796875
0 0.86796875 0.346875 0.09765625 0.1640625
0 0.3921875 0.42421875 0.1203125 0.22421875
0 0.328125 0.54609375 0.2453125 0.3859375
0 0.2078125 0.42421875 0.13359375 0.259375
0 0.0484375 0.328125 0.0953125 0.20859375
0 0.940625 0.3265625 0.11640625 0.34921875
0 0.7421875 0.28046875 0.14921875 0.31953125
0 0.67421875 0.28046875 0.11328125 0.3
0 0.32265625 0.32421875 0.1203125 0.23984375
0 0.25078125 0.26796875 0.08984375 0.2203125
0 0.48046875 0.303125 0.11640625 0.2984375
0 0.56328125 0.209375 0.1265625 0.259375
0 0.39140625 0.225 0.1015625 0.27109375
0 0.065625 0.15859375 0.09765625 0.15
0 0.1734375 0.1890625 0.11484375 0.2765625
0 0.33515625 0.13671875 0.12890625 0.2296875
0 0.653125 0.0796875 0.08203125 0.14453125
0 0.74140625 0.07890625 0.0765625 0.1421875
0 0.80234375 0.0890625 0.06328125 0.11484375
0 0.85390625 0.1640625 0.15859375 0.315625
0 0.95546875 0.70546875 0.07890625 0.31953125
0 0.49921875 0.16484375 0.9984375 0.3296875