0 0.9703125 0.16015625 0.05859375 0.27890625
0 0.7421875 0.22265625 0.05546875 0.2375
0 0.353125 0.2796875 0.04921875 0.06796875
0 0.3078125 0.31640625 0.04375 0.171875
0 0.2765625 0.31640625 0.03671875 0.096875
0 0.240625 0.33828125 0.03359375 0.1484375
0 0.1984375 0.33984375 0.05078125 0.165625
0 0.0984375 0.346875 0.02421875 0.08203125
0 0.0546875 0.3375 0.01796875 0.0640625
0 0.88203125 0.66796875 0.04375 0.2890625
0 0.7015625 0.80546875 0.14296875 0.3859375
0 0.49375 0.82421875 0.14921875 0.3484375
0 0.39921875 0.828125 0.1015625 0.340625
0 0.2671875 0.82109375 0.08203125 0.35546875
0 0.4390625 0.57890625 0.08046875 0.3859375
0 0.521875 0.7015625 0.175 0.59453125
0 0.56796875 0.8125 0.053125 0.371875
0 0.390625 0.65390625 0.01796875 0.04140625
0 0.31875 0.65703125 0.05390625 0.2640625
0 0.11640625 0.66015625 0.0484375 0.20390625
0 0.02890625 0.7015625 0.0578125 0.29453125
0 0.07890625 0.68515625 0.0328125 0.09609375
0 0.115625 0.665625 0.04765625 0.15390625
0 0.065625 0.63515625 0.01171875 0.02109375
0 0.39296875 0.2828125 0.025 0.04296875
0 0.984375 0.4796875 0.02890625 0.13203125
0 0.00625 0.8265625 0.0125 0.34453125