0 0.7390625 0.84453125 0.115625 0.3078125
0 0.684375 0.87265625 0.053125 0.25078125
0 0.64609375 0.86015625 0.0484375 0.13828125
0 0.60234375 0.8921875 0.07265625 0.2109375
0 0.54140625 0.84765625 0.028125 0.16328125
0 0.51796875 0.85078125 0.0515625 0.1734375
0 0.49296875 0.85859375 0.028125 0.1359375
0 0.47734375 0.85703125 0.02109375 0.12734375
0 0.46328125 0.8328125 0.0203125 0.0875
0 0.4078125 0.86953125 0.10703125 0.25703125
0 0.43515625 0.796875 0.0234375 0.05859375
0 0.375 0.8375 0.0390625 0.11953125
0 0.3484375 0.87265625 0.0390625 0.25078125
0 0.3125 0.87578125 0.06015625 0.24453125
0 0.24765625 0.89453125 0.06484375 0.20703125
0 0.12734375 0.87265625 0.0765625 0.1171875
0 0.89140625 0.790625 0.053125 0.1546875
0 0.9265625 0.85390625 0.146875 0.2890625
0 0.67265625 0.9125 0.02734375 0.1671875
0 0.56015625 0.88203125 0.03984375 0.08984375
0 0.16328125 0.7859375 0.06015625 0.15234375
0 0.36328125 0.74453125 0.0328125 0.025
0 0.44609375 0.82421875 0.00703125 0.02109375