0 0.86015625 0.9046875 0.0375 0.13515625
0 0.76640625 0.90078125 0.03828125 0.0703125
0 0.69609375 0.871875 0.02109375 0.06875
0 0.71484375 0.859375 0.01875 0.0453125
0 0.6875 0.85234375 0.0171875 0.0296875
0 0.55703125 0.884375 0.02265625 0.07265625
0 0.5140625 0.87265625 0.02265625 0.04921875
0 0.43515625 0.89296875 0.053125 0.07734375
0 0.40078125 0.87578125 0.02109375 0.04296875
0 0.13359375 0.89375 0.01875 0.06640625
0 0.15390625 0.88828125 0.02109375 0.07734375
0 0.5296875 0.86171875 0.0625 0.040625
0 0.36015625 0.8765625 0.0859375 0.04921875
0 0.2296875 0.896875 0.134375 0.05546875
0 0.790625 0.85625 0.09609375 0.03828125
0 0.96953125 0.8671875 0.046875 0.03828125
0 0.4859375 0.88671875 0.01171875 0.02109375