0 0.15390625 0.65390625 0.3078125 0.68828125
0 0.328125 0.67265625 0.20625 0.65078125
0 0.4359375 0.67890625 0.1453125 0.63828125
0 0.56796875 0.65078125 0.13125 0.5515625
0 0.69140625 0.60234375 0.1046875 0.46875
0 0.7625 0.66171875 0.0796875 0.28359375
0 0.7859375 0.578125 0.0734375 0.3828125
0 0.84609375 0.60859375 0.0703125 0.27578125
0 0.84921875 0.45703125 0.0640625 0.14453125
0 0.8859375 0.55546875 0.05390625 0.28125
0 0.91796875 0.53359375 0.05390625 0.28359375
0 0.95703125 0.540625 0.0515625 0.24765625
0 0.971875 0.5171875 0.05390625 0.234375
0 0.9671875 0.52734375 0.0640625 0.22890625