0 0.15234375 0.625 0.1453125 0.58984375
0 0.31484375 0.6359375 0.1203125 0.5859375
0 0.3796875 0.6296875 0.065625 0.4953125
0 0.45390625 0.64765625 0.1265625 0.5421875
0 0.5015625 0.6515625 0.053125 0.434375
0 0.55546875 0.64765625 0.109375 0.5515625
0 0.68125 0.64453125 0.209375 0.6109375
0 0.83203125 0.6515625 0.14296875 0.63984375
0 0.9109375 0.68046875 0.05546875 0.2015625
0 0.96796875 0.67421875 0.0546875 0.2125
0 0.0328125 0.64765625 0.06484375 0.19921875
0 0.103125 0.64140625 0.0203125 0.04375
0 0.2609375 0.65390625 0.02421875 0.18125
0 0.2828125 0.6609375 0.04609375 0.19765625
0 0.784375 0.70625 0.02890625 0.1078125
0 0.89765625 0.72890625 0.05234375 0.07109375