0 0.43125 0.66953125 0.2578125 0.65859375
0 0.446875 0.625 0.0828125 0.45234375
0 0.5171875 0.70703125 0.1328125 0.58515625
0 0.53046875 0.48046875 0.02421875 0.09296875
0 0.546875 0.4875 0.0265625 0.10234375
0 0.5640625 0.478125 0.0296875 0.1203125
0 0.62578125 0.58359375 0.0421875 0.38515625
0 0.68984375 0.6671875 0.16015625 0.66484375
0 0.5890625 0.64921875 0.07734375 0.45859375
0 0.75390625 0.62109375 0.0328125 0.2734375
0 0.7046875 0.41953125 0.01484375 0.0140625
0 0.60859375 0.4375 0.0140625 0.0265625
0 0.93984375 0.43359375 0.05234375 0.05