0 0.13671875 0.50703125 0.125 0.14765625
0 0.20234375 0.78828125 0.33984375 0.240625
0 0.4 0.63984375 0.3078125 0.53515625
0 0.14453125 0.51015625 0.13984375 0.159375
0 0.209375 0.53515625 0.165625 0.28125
0 0.57890625 0.46796875 0.2515625 0.575
0 0.46328125 0.48515625 0.07734375 0.19296875
0 0.66015625 0.471875 0.10390625 0.12421875
0 0.77734375 0.55546875 0.153125 0.36171875
0 0.90390625 0.61796875 0.18984375 0.5890625
0 0.41875 0.4328125 0.034375 0.06328125
0 0.27734375 0.5953125 0.09296875 0.14140625