0 0.9375 0.74296875 0.028125 0.1
0 0.95 0.73515625 0.01875 0.07109375
0 0.965625 0.75625 0.03203125 0.12890625
0 0.9671875 0.75546875 0.025 0.12890625
0 0.9796875 0.71953125 0.01171875 0.01640625
0 0.69609375 0.77578125 0.03203125 0.1078125
0 0.196875 0.8 0.01875 0.07265625
0 0.2140625 0.8046875 0.0140625 0.07265625
0 0.396875 0.7671875 0.01640625 0.04296875
0 0.5875 0.7359375 0.0109375 0.01640625
0 0.78828125 0.721875 0.00625 0.01953125
0 0.959375 0.696875 0.04140625 0.009375
0 0.6671875 0.72421875 0.0171875 0.01328125
0 0.609375 0.7328125 0.0234375 0.00859375
0 0.540625 0.73828125 0.0078125 0.01484375