0 0.88984375 0.85 0.146875 0.29609375
0 0.86015625 0.8296875 0.09609375 0.33671875
0 0.821875 0.728125 0.1 0.18359375
0 0.79453125 0.721875 0.10703125 0.18515625
0 0.4671875 0.64453125 0.05859375 0.19609375
0 0.44609375 0.68359375 0.07890625 0.14296875
0 0.384375 0.66484375 0.09296875 0.25078125
0 0.325 0.72890625 0.11640625 0.1890625
0 0.22265625 0.78671875 0.1375 0.2328125
0 0.096875 0.83046875 0.19375 0.3
0 0.32265625 0.63125 0.03984375 0.0953125
0 0.2203125 0.66015625 0.04609375 0.10390625
0 0.128125 0.7015625 0.065625 0.1484375
0 0.8203125 0.6859375 0.0671875 0.1515625
0 0.05234375 0.659375 0.06015625 0.0703125
0 0.2625 0.6390625 0.03984375 0.0796875
0 0.684375 0.4921875 0.15390625 0.21875