0 0.928125 0.821875 0.07890625 0.1546875
0 0.9078125 0.85625 0.0921875 0.16953125
0 0.86171875 0.85703125 0.0734375 0.1625
0 0.81640625 0.8625 0.0734375 0.15859375
0 0.77421875 0.865625 0.0578125 0.14765625
0 0.73515625 0.865625 0.06328125 0.1640625
0 0.70390625 0.871875 0.06171875 0.15859375
0 0.65625 0.8671875 0.05546875 0.1625
0 0.62265625 0.84375 0.0453125 0.17109375
0 0.58515625 0.86796875 0.053125 0.159375
0 0.54375 0.8703125 0.05078125 0.1640625
0 0.51015625 0.87734375 0.04375 0.15859375
0 0.47421875 0.87265625 0.0421875 0.1734375
0 0.4390625 0.87265625 0.05546875 0.1453125
0 0.39296875 0.87578125 0.05703125 0.1703125
0 0.34765625 0.86484375 0.05625 0.15859375
0 0.303125 0.86796875 0.06171875 0.15625
0 0.2515625 0.8703125 0.0734375 0.16171875
0 0.209375 0.87734375 0.0859375 0.16875
0 0.16796875 0.8640625 0.0875 0.18203125
0 0.11875 0.85 0.0796875 0.178125
0 0.07109375 0.84140625 0.09609375 0.17734375
0 0.10859375 0.73515625 0.06328125 0.13046875
0 0.13828125 0.7375 0.053125 0.12109375
0 0.16953125 0.7703125 0.04375 0.1890625
0 0.196875 0.75 0.04375 0.14375
0 0.228125 0.7546875 0.046875 0.15625
0 0.2578125 0.75859375 0.05234375 0.15859375
0 0.2953125 0.790625 0.03984375 0.2171875
0 0.32578125 0.7828125 0.04765625 0.20546875
0 0.35703125 0.78203125 0.06328125 0.23203125
0 0.4 0.75078125 0.0453125 0.15859375
0 0.43359375 0.7578125 0.03828125 0.159375
0 0.459375 0.771875 0.0375 0.17578125
0 0.49375 0.78203125 0.03984375 0.20078125
0 0.52734375 0.7640625 0.04375 0.14609375
0 0.5578125 0.78828125 0.0484375 0.19375
0 0.58203125 0.7765625 0.03984375 0.184375
0 0.6171875 0.76796875 0.0421875 0.16015625
0 0.64921875 0.75703125 0.040625 0.1265625
0 0.6796875 0.78203125 0.0453125 0.17734375
0 0.7109375 0.76484375 0.04765625 0.134375
0 0.74375 0.76328125 0.0515625 0.1390625
0 0.7765625 0.765625 0.04609375 0.1359375
0 0.8171875 0.784375 0.0609375 0.16875
0 0.8453125 0.75859375 0.05390625 0.12734375
0 0.8765625 0.75546875 0.0421875 0.11640625
0 0.9265625 0.7046875 0.05390625 0.2171875
0 0.8859375 0.68671875 0.03984375 0.14765625
0 0.85 0.70703125 0.04453125 0.1828125
0 0.80546875 0.6765625 0.03515625 0.1125
0 0.8234375 0.66484375 0.02734375 0.09453125
0 0.1390625 0.6390625 0.06015625 0.09375
0 0.17734375 0.6578125 0.040625 0.11875
0 0.196875 0.659375 0.05 0.109375
0 0.22578125 0.6640625 0.034375 0.09375
0 0.25859375 0.6609375 0.0453125 0.11640625
0 0.290625 0.6984375 0.0359375 0.1484375
0 0.31953125 0.67109375 0.0375 0.09453125
0 0.35390625 0.68984375 0.04609375 0.16484375
0 0.3953125 0.68828125 0.03203125 0.140625
0 0.42734375 0.66484375 0.0375 0.0921875
0 0.46015625 0.665625 0.03515625 0.1
0 0.484375 0.69140625 0.0421875 0.1625
0 0.5125 0.6734375 0.03125 0.09921875
0 0.54453125 0.6734375 0.0453125 0.1078125
0 0.56171875 0.6734375 0.028125 0.1046875
0 0.5796875 0.66796875 0.034375 0.09921875
0 0.609375 0.67890625 0.03984375 0.0953125
0 0.67421875 0.68125 0.04375 0.0984375
0 0.7 0.6796875 0.040625 0.0984375
0 0.73515625 0.675 0.0421875 0.109375
0 0.7703125 0.7125 0.0390625 0.16484375
0 0.78828125 0.69609375 0.0203125 0.1765625
0 0.76796875 0.6578125 0.03984375 0.109375
0 0.7140625 0.665625 0.02890625 0.12734375
0 0.684375 0.63359375 0.02421875 0.06171875
0 0.64609375 0.6546875 0.0328125 0.1
0 0.61953125 0.646875 0.0171875 0.03671875
0 0.61015625 0.63046875 0.03984375 0.0609375
0 0.57109375 0.6640625 0.015625 0.1109375
0 0.5390625 0.6203125 0.03203125 0.059375
0 0.5 0.63203125 0.0171875 0.04375
0 0.50703125 0.60625 0.0515625 0.06484375
0 0.47421875 0.61796875 0.04453125 0.05703125
0 0.44453125 0.6515625 0.03203125 0.10078125
0 0.43828125 0.60546875 0.04375 0.05
0 0.40546875 0.6453125 0.03515625 0.11171875
0 0.38515625 0.6453125 0.03671875 0.10703125
0 0.3453125 0.65234375 0.02734375 0.13046875
0 0.31875 0.64609375 0.03046875 0.103125
0 0.28984375 0.62734375 0.034375 0.06640625
0 0.25390625 0.61328125 0.03671875 0.0515625
0 0.23125 0.62265625 0.04609375 0.0671875
0 0.196875 0.609375 0.08671875 0.05546875
0 0.6296875 0.73125 0.02578125 0.10703125