0 0.3484375 0.63671875 0.165625 0.553125
0 0.2390625 0.59140625 0.0890625 0.38984375
0 0.06484375 0.4875 0.03203125 0.10859375
0 0.18828125 0.5109375 0.0390625 0.2046875
0 0.20859375 0.51171875 0.02890625 0.1703125
0 0.1109375 0.475 0.0203125 0.103125
0 0.17421875 0.528125 0.0265625 0.1796875
0 0.39140625 0.44453125 0.04296875 0.075
0 0.11640625 0.4953125 0.00546875 0.0734375
0 0.27421875 0.47578125 0.04921875 0.13828125
0 0.015625 0.46328125 0.01328125 0.03359375
0 0.55078125 0.66015625 0.0734375 0.603125