0 0.14609375 0.78359375 0.18046875 0.428125
0 0.2828125 0.7546875 0.15 0.47734375
0 0.41796875 0.775 0.1265625 0.44609375
0 0.5359375 0.64765625 0.115625 0.15546875
0 0.6390625 0.79140625 0.1203125 0.4125
0 0.75625 0.78828125 0.15703125 0.41875
0 0.9015625 0.7953125 0.18515625 0.40546875
0 0.9578125 0.65625 0.08203125 0.596875
0 0.88359375 0.52578125 0.115625 0.37578125
0 0.778125 0.540625 0.1359375 0.3921875
0 0.67890625 0.6 0.1046875 0.5109375
0 0.58125 0.52734375 0.13125 0.36484375
0 0.475 0.53359375 0.1328125 0.33359375
0 0.35390625 0.53515625 0.13125 0.31328125
0 0.2171875 0.65078125 0.16796875 0.63515625
0 0.10078125 0.6578125 0.19609375 0.68046875
0 0.0515625 0.6578125 0.103125 0.68046875
0 0.09375 0.378125 0.06015625 0.1984375
0 0.2078125 0.3578125 0.06953125 0.17109375
0 0.29921875 0.37265625 0.08671875 0.19609375
0 0.34765625 0.3625 0.09375 0.18046875
0 0.42578125 0.40546875 0.08359375 0.19375
0 0.48671875 0.34375 0.06640625 0.128125
0 0.5453125 0.390625 0.06640625 0.16875
0 0.6390625 0.38046875 0.05859375 0.13984375
0 0.72578125 0.45859375 0.05390625 0.29921875
0 0.83046875 0.5109375 0.06171875 0.459375