0 0.896875 0.82890625 0.1828125 0.340625
0 0.86328125 0.65859375 0.2140625 0.68125
0 0.71015625 0.55625 0.1921875 0.8859375
0 0.5953125 0.7234375 0.1015625 0.55234375
0 0.57421875 0.40859375 0.140625 0.18359375
0 0.55625 0.7078125 0.1578125 0.45390625
0 0.4140625 0.51796875 0.29921875 0.96328125
0 0.2109375 0.8109375 0.2421875 0.3765625
0 0.26328125 0.59296875 0.184375 0.74296875
0 0.08359375 0.57890625 0.1671875 0.84140625
0 0.95234375 0.64375 0.0875 0.5046875
0 0.0390625 0.92734375 0.078125 0.1421875
0 0.92578125 0.259375 0.14765625 0.30390625
0 0.59375 0.26484375 0.09609375 0.26875
0 0.39609375 0.27109375 0.1390625 0.246875
0 0.253125 0.36484375 0.0625 0.16015625
0 0.07890625 0.3390625 0.071875 0.10859375
0 0.0125 0.3953125 0.025 0.31328125
0 0.7515625 0.325 0.146875 0.17421875
0 0.16640625 0.515625 0.0328125 0.2796875
0 0.78984375 0.5046875 0.0421875 0.18671875
0 0.990625 0.86953125 0.015625 0.2578125