0 0.85625 0.575 0.1078125 0.61953125
0 0.75390625 0.57265625 0.1328125 0.64140625
0 0.703125 0.58125 0.0703125 0.5640625
0 0.6140625 0.59375 0.1203125 0.6
0 0.48046875 0.6359375 0.10546875 0.65234375
0 0.334375 0.60703125 0.0984375 0.66640625
0 0.36171875 0.6390625 0.109375 0.66875
0 0.4328125 0.6328125 0.159375 0.73125
0 0.165625 0.64140625 0.13359375 0.634375
0 0.828125 0.3390625 0.01484375 0.071875
0 0.7375 0.3234375 0.0234375 0.08125
0 0.94375 0.828125 0.10078125 0.084375
0 0.553125 0.87890625 0.06484375 0.1765625
0 0.246875 0.8890625 0.0984375 0.09921875