0 0.896875 0.46484375 0.090625 0.30390625
0 0.7921875 0.5859375 0.1203125 0.77890625
0 0.63828125 0.6515625 0.11796875 0.5703125
0 0.6953125 0.5640625 0.13125 0.73359375
0 0.59375 0.32734375 0.12890625 0.33828125
0 0.54765625 0.66171875 0.1296875 0.51953125
0 0.45 0.6515625 0.12890625 0.55859375
0 0.3375 0.6609375 0.13046875 0.58046875
0 0.17734375 0.5421875 0.1609375 0.79140625
0 0.2875 0.54296875 0.128125 0.75234375
0 0.43828125 0.34296875 0.2109375 0.3328125
0 0.4921875 0.3515625 0.10234375 0.31875
0 0.9125 0.7671875 0.06484375 0.2953125