0 0.1953125 0.7796875 0.21171875 0.43828125
0 0.134375 0.634375 0.06484375 0.36015625
0 0.20546875 0.6328125 0.11796875 0.44921875
0 0.33046875 0.63828125 0.1484375 0.44140625
0 0.47265625 0.6453125 0.1609375 0.43046875
0 0.53828125 0.58359375 0.0640625 0.28125
0 0.61796875 0.6890625 0.16640625 0.33984375
0 0.67109375 0.646875 0.09296875 0.42734375
0 0.6671875 0.515625 0.10234375 0.1875
0 0.8296875 0.6234375 0.3390625 0.46953125
0 0.91484375 0.59375 0.11015625 0.21875
0 0.96328125 0.57109375 0.07265625 0.44453125