0 0.0140625 0.49765625 0.02734375 0.11640625
0 0.0828125 0.47734375 0.03125 0.11875
0 0.1453125 0.48359375 0.046875 0.13828125
0 0.15 0.48515625 0.0328125 0.1296875
0 0.17265625 0.47578125 0.0234375 0.11015625
0 0.26796875 0.49609375 0.0265625 0.06640625
0 0.2859375 0.475 0.0328125 0.10625
0 0.33046875 0.4796875 0.06171875 0.1796875
0 0.3328125 0.475 0.03203125 0.1796875
0 0.353125 0.48359375 0.01953125 0.11484375
0 0.3609375 0.46875 0.03125 0.1234375
0 0.36875 0.465625 0.0296875 0.11875
0 0.40390625 0.4734375 0.05546875 0.15625
0 0.46171875 0.471875 0.0296875 0.0703125
0 0.50546875 0.54921875 0.07734375 0.39296875
0 0.534375 0.46953125 0.028125 0.11328125
0 0.565625 0.47109375 0.02734375 0.13984375
0 0.5828125 0.475 0.0203125 0.1265625
0 0.61953125 0.4671875 0.0578125 0.1546875
0 0.6140625 0.47265625 0.04609375 0.128125
0 0.68515625 0.46484375 0.065625 0.0703125
0 0.61015625 0.41015625 0.0125 0.0203125
0 0.66015625 0.425 0.021875 0.04140625
0 0.6984375 0.44375 0.0203125 0.09296875
0 0.7765625 0.45078125 0.021875 0.09296875
0 0.8171875 0.55078125 0.10546875 0.36640625
0 0.85 0.4609375 0.0265625 0.1046875
0 0.8765625 0.440625 0.0203125 0.1015625
0 0.8765625 0.44375 0.0203125 0.10859375
0 0.8859375 0.44765625 0.025 0.0984375
0 0.909375 0.45390625 0.0375 0.11328125
0 0.96328125 0.45390625 0.0421875 0.125
0 0.984375 0.4515625 0.0296875 0.153125
0 0.971875 0.4546875 0.025 0.11171875
0 0.128125 0.52578125 0.01171875 0.01640625
0 0.32265625 0.4859375 0.03203125 0.1515625
0 0.63203125 0.4046875 0.021875 0.0765625
0 0.91015625 0.459375 0.0140625 0.06875
0 0.975 0.48125 0.0484375 0.06484375
0 0.40625 0.475 0.03125 0.1203125
0 0.46953125 0.425 0.034375 0.0234375
0 0.784375 0.41875 0.009375 0.01875
0 0.8875 0.4859375 0.01484375 0.0484375
0 0.36875 0.40625 0.02421875 0.053125