0 0.05625 0.628125 0.1125 0.425
0 0.2640625 0.64609375 0.1546875 0.49609375
0 0.31796875 0.6375 0.09296875 0.45859375
0 0.37421875 0.66484375 0.09140625 0.42890625
0 0.415625 0.67578125 0.16171875 0.48984375
0 0.53359375 0.67109375 0.11640625 0.47890625
0 0.48828125 0.65703125 0.06640625 0.44375
0 0.55859375 0.45 0.06015625 0.11640625
0 0.59609375 0.65859375 0.11171875 0.4625
0 0.6875 0.65546875 0.11171875 0.47734375
0 0.775 0.684375 0.11640625 0.47734375
0 0.19140625 0.640625 0.04296875 0.12265625
0 0.853125 0.62578125 0.0203125 0.05234375
0 0.865625 0.62265625 0.01796875 0.06640625
0 0.88359375 0.62734375 0.0234375 0.05859375
0 0.9046875 0.62421875 0.01640625 0.04765625
0 0.23515625 0.64921875 0.0203125 0.09765625
0 0.43671875 0.465625 0.08359375 0.09375