0 0.17734375 0.64453125 0.12578125 0.5484375
0 0.27265625 0.64609375 0.103125 0.51484375
0 0.025 0.49921875 0.0375 0.1609375
0 0.04609375 0.465625 0.0328125 0.1265625
0 0.01015625 0.4296875 0.0203125 0.096875
0 0.05625 0.41171875 0.0234375 0.05234375
0 0.07265625 0.421875 0.0203125 0.06171875
0 0.0765625 0.5015625 0.04140625 0.16484375
0 0.0984375 0.45703125 0.02265625 0.1234375
0 0.11875 0.4578125 0.04921875 0.13984375
0 0.1296875 0.44921875 0.03125 0.1234375
0 0.159375 0.4390625 0.0296875 0.05546875
0 0.23984375 0.44609375 0.03359375 0.1125
0 0.2984375 0.421875 0.01640625 0.04609375
0 0.3234375 0.46328125 0.04296875 0.125
0 0.3375 0.4375 0.0171875 0.07109375
0 0.3515625 0.43828125 0.0203125 0.0765625
0 0.37734375 0.440625 0.01796875 0.071875
0 0.390625 0.43984375 0.01171875 0.059375
0 0.396875 0.43828125 0.0171875 0.06640625
0 0.43203125 0.48359375 0.06484375 0.178125
0 0.465625 0.4375 0.0125 0.059375
0 0.475 0.446875 0.02265625 0.09296875
0 0.5203125 0.4359375 0.00859375 0.034375
0 0.5390625 0.453125 0.0265625 0.10625
0 0.55625 0.428125 0.009375 0.0390625
0 0.5828125 0.44140625 0.0109375 0.05234375
0 0.6203125 0.4484375 0.02265625 0.06640625
0 0.65 0.45703125 0.0171875 0.07890625
0 0.73359375 0.4375 0.0171875 0.05078125
0 0.7671875 0.4984375 0.0390625 0.1828125
0 0.78515625 0.4390625 0.01640625 0.06875
0 0.81953125 0.45234375 0.02421875 0.09375
0 0.8609375 0.428125 0.01171875 0.0390625
0 0.86875 0.42265625 0.01484375 0.0265625
0 0.8796875 0.45703125 0.0140625 0.0984375
0 0.88828125 0.45234375 0.0171875 0.0859375
0 0.865625 0.47734375 0.0296875 0.10859375
0 0.90546875 0.44609375 0.0265625 0.09765625
0 0.9 0.47265625 0.03125 0.115625
0 0.94453125 0.515625 0.0421875 0.1796875
0 0.978125 0.51640625 0.0421875 0.1796875
0 0.9625 0.45234375 0.0171875 0.053125
0 0.1265625 0.46796875 0.253125 0.18828125
0 0.4578125 0.45625 0.2734375 0.10625
0 0.68046875 0.4296875 0.01484375 0.0328125
0 0.8296875 0.4484375 0.0140625 0.09296875
0 0.9828125 0.440625 0.0328125 0.06875