0 0.196875 0.290625 0.14140625 0.17109375
0 0.509375 0.25 0.09296875 0.29140625
0 0.13515625 0.3484375 0.14140625 0.28671875
0 0.07421875 0.365625 0.1484375 0.26796875
0 0.0609375 0.4265625 0.121875 0.20625
0 0.0375 0.64609375 0.0703125 0.39375
0 0.1625 0.71484375 0.23359375 0.51796875
0 0.6703125 0.72890625 0.1984375 0.3546875
0 0.88046875 0.78046875 0.2375 0.4359375
0 0.903125 0.5703125 0.1921875 0.39375
0 0.825 0.48671875 0.3140625 0.43203125
0 0.7390625 0.4609375 0.13359375 0.21640625
0 0.80703125 0.35859375 0.1359375 0.2578125
0 0.8625 0.46171875 0.20234375 0.3203125
0 0.071875 0.56640625 0.0640625 0.08515625