0 0.31328125 0.684375 0.2125 0.215625
0 0.4921875 0.6671875 0.1875 0.209375
0 0.621875 0.64609375 0.18359375 0.184375
0 0.72109375 0.628125 0.15859375 0.1640625
0 0.81328125 0.6 0.134375 0.1578125
0 0.9078125 0.65 0.18203125 0.2
0 0.9625 0.57890625 0.07265625 0.13203125
0 0.94453125 0.5234375 0.10546875 0.08203125
0 0.83203125 0.53046875 0.08359375 0.096875
0 0.7671875 0.5515625 0.06875 0.13359375
0 0.7046875 0.5546875 0.09375 0.109375
0 0.63046875 0.575 0.08359375 0.1421875
0 0.5578125 0.56328125 0.0875 0.11796875
0 0.475 0.60625 0.1265625 0.13203125
0 0.3453125 0.628125 0.12734375 0.159375
0 0.17109375 0.65625 0.15 0.1640625
0 0.0484375 0.6296875 0.09609375 0.1796875
0 0.09296875 0.56796875 0.084375 0.096875
0 0.0390625 0.52421875 0.05703125 0.05078125
0 0.21640625 0.60078125 0.1015625 0.140625
0 0.29921875 0.546875 0.10390625 0.1015625
0 0.38984375 0.5875 0.0765625 0.12578125
0 0.35 0.5203125 0.07421875 0.0953125
0 0.4375 0.53984375 0.07578125 0.121875
0 0.51015625 0.528125 0.07578125 0.10234375
0 0.5640625 0.478125 0.08359375 0.0875
0 0.65625 0.5078125 0.06796875 0.0953125
0 0.853125 0.43046875 0.0953125 0.203125
0 0.79296875 0.4125 0.08359375 0.1734375
0 0.746875 0.4265625 0.053125 0.18828125
0 0.68828125 0.42265625 0.1 0.1609375
0 0.72265625 0.4078125 0.0625 0.1515625
0 0.60703125 0.4265625 0.09375 0.1828125
0 0.6453125 0.36015625 0.0484375 0.0703125
0 0.61171875 0.3296875 0.04453125 0.03203125
0 0.5609375 0.4 0.0765625 0.13671875
0 0.52109375 0.36796875 0.07578125 0.228125
0 0.4578125 0.4328125 0.0953125 0.19921875
0 0.46953125 0.37421875 0.0875 0.15625
0 0.2984375 0.47890625 0.13671875 0.1765625
0 0.37421875 0.45 0.1 0.1578125
0 0.171875 0.45234375 0.12265625 0.2703125
0 0.2515625 0.38125 0.14453125 0.30625
0 0.37421875 0.3359375 0.115625 0.1734375
0 0.984375 0.65390625 0.02890625 0.08515625