0 0.27890625 0.69375 0.3421875 0.4265625
0 0.32109375 0.64609375 0.075 0.35546875
0 0.40078125 0.6140625 0.10078125 0.4265625
0 0.0328125 0.48515625 0.01640625 0.0421875
0 0.05 0.4953125 0.0296875 0.17265625
0 0.21953125 0.434375 0.009375 0.0421875
0 0.240625 0.4625 0.03671875 0.0546875
0 0.2453125 0.45625 0.03359375 0.06171875
0 0.2578125 0.446875 0.02421875 0.04296875
0 0.27109375 0.46171875 0.02578125 0.0640625
0 0.28984375 0.5015625 0.05 0.1515625
0 0.31953125 0.47578125 0.03125 0.09765625
0 0.33203125 0.4390625 0.0140625 0.0375
0 0.3375 0.590625 0.07265625 0.3359375
0 0.44609375 0.4765625 0.025 0.0953125
0 0.45859375 0.490625 0.02109375 0.13828125
0 0.47734375 0.51953125 0.05 0.1859375
0 0.503125 0.50078125 0.02421875 0.1078125
0 0.509375 0.49296875 0.021875 0.12421875
0 0.5296875 0.465625 0.0171875 0.06484375
0 0.55625 0.4640625 0.015625 0.071875
0 0.5765625 0.47109375 0.0140625 0.06171875
0 0.56953125 0.47265625 0.01484375 0.05234375
0 0.58671875 0.50546875 0.02890625 0.14140625
0 0.61171875 0.44453125 0.03359375 0.04609375
0 0.609375 0.51640625 0.046875 0.16953125
0 0.5421875 0.5359375 0.0328125 0.14140625
0 0.63359375 0.5359375 0.025 0.0453125
0 0.6515625 0.53046875 0.0296875 0.12109375
0 0.65703125 0.4609375 0.01484375 0.03125
0 0.68203125 0.50625 0.0484375 0.16953125
0 0.7125 0.475 0.02265625 0.05234375
0 0.7234375 0.48671875 0.04609375 0.0921875
0 0.73125 0.6734375 0.11796875 0.46640625
0 0.8 0.67265625 0.1484375 0.46875
0 0.83515625 0.4625 0.053125 0.13671875
0 0.8453125 0.46015625 0.01875 0.0734375
0 0.8953125 0.59375 0.07265625 0.36953125
0 0.94609375 0.66875 0.10625 0.47578125
0 0.978125 0.50390625 0.03984375 0.06171875
0 0.05625 0.5125 0.0234375 0.0609375
0 0.08828125 0.45390625 0.03828125 0.03125
0 0.2578125 0.43125 0.00859375 0.02109375
0 0.30625 0.4421875 0.01484375 0.02578125
0 0.3734375 0.446875 0.040625 0.05859375
0 0.42578125 0.4546875 0.0328125 0.05546875
0 0.48828125 0.44765625 0.0171875 0.0359375
0 0.48203125 0.55 0.01484375 0.021875
0 0.57109375 0.44140625 0.00703125 0.01640625
0 0.65 0.45625 0.0078125 0.028125
0 0.67265625 0.43984375 0.01015625 0.01953125
0 0.67265625 0.56171875 0.009375 0.02265625
0 0.7875 0.43828125 0.0265625 0.0359375
0 0.8640625 0.5296875 0.03046875 0.1078125
0 0.99453125 0.5453125 0.009375 0.10234375
0 0.14765625 0.38515625 0.02578125 0.046875
0 0.28046875 0.4421875 0.01015625 0.01640625