0 0.11640625 0.44375 0.01015625 0.028125
0 0.12734375 0.4625 0.0140625 0.040625
0 0.13671875 0.459375 0.0109375 0.04296875
0 0.15703125 0.428125 0.0078125 0.0265625
0 0.165625 0.42890625 0.00859375 0.0265625
0 0.1796875 0.42890625 0.00703125 0.025
0 0.1734375 0.44765625 0.01015625 0.034375
0 0.23203125 0.44296875 0.009375 0.03515625
0 0.2375 0.4671875 0.0109375 0.04375
0 0.05625 0.49453125 0.02109375 0.0453125
0 0.02421875 0.49140625 0.00859375 0.05625
0 0.27109375 0.49921875 0.034375 0.11484375
0 0.28671875 0.50625 0.053125 0.1078125
0 0.29921875 0.4765625 0.01328125 0.05078125
0 0.28671875 0.45 0.01015625 0.01328125
0 0.31171875 0.465625 0.0140625 0.04296875
0 0.30078125 0.4484375 0.01171875 0.04140625
0 0.2875 0.44140625 0.0109375 0.0203125
0 0.284375 0.43828125 0.0078125 0.01484375
0 0.28359375 0.4265625 0.0078125 0.02421875
0 0.290625 0.421875 0.00703125 0.015625
0 0.29609375 0.434375 0.00625 0.0234375
0 0.303125 0.43515625 0.0078125 0.028125
0 0.3234375 0.42578125 0.0078125 0.01953125
0 0.328125 0.41875 0.00546875 0.0078125
0 0.33125 0.43125 0.00859375 0.02578125
0 0.35234375 0.49453125 0.03671875 0.10234375
0 0.35859375 0.48984375 0.03984375 0.11875
0 0.44296875 0.4546875 0.0078125 0.0203125
0 0.44609375 0.47890625 0.0140625 0.0515625
0 0.44921875 0.48671875 0.0125 0.0359375
0 0.459375 0.4734375 0.01640625 0.0609375
0 0.4671875 0.48125 0.00859375 0.04375
0 0.47109375 0.4765625 0.0140625 0.053125
0 0.4984375 0.47265625 0.0203125 0.06015625
0 0.50859375 0.48515625 0.01015625 0.034375
0 0.5140625 0.47421875 0.01953125 0.0578125
0 0.52265625 0.46953125 0.01015625 0.04609375
0 0.528125 0.4734375 0.01328125 0.0546875
0 0.5359375 0.46953125 0.0140625 0.046875
0 0.5390625 0.4671875 0.01171875 0.04921875
0 0.55703125 0.47109375 0.0125 0.0453125
0 0.596875 0.4734375 0.0296875 0.07890625
0 0.628125 0.47265625 0.02265625 0.07421875
0 0.64921875 0.4734375 0.0234375 0.07578125
0 0.66171875 0.4734375 0.01640625 0.0734375
0 0.66875 0.4765625 0.01953125 0.08125
0 0.7 0.478125 0.02109375 0.0734375
0 0.7203125 0.4734375 0.0203125 0.090625
0 0.80546875 0.44375 0.01796875 0.0421875
0 0.80078125 0.478125 0.0296875 0.08515625
0 0.81640625 0.4796875 0.0125 0.07578125
0 0.82109375 0.471875 0.01875 0.07109375
0 0.8578125 0.46484375 0.0171875 0.10390625
0 0.94453125 0.45859375 0.02734375 0.1140625
0 0.45859375 0.46328125 0.00625 0.01953125
0 0.128125 0.4359375 0.0125 0.025
0 0.14453125 0.4234375 0.00546875 0.01875
0 0.29140625 0.4375 0.00703125 0.02734375
0 0.2859375 0.42109375 0.003125 0.0109375
0 0.334375 0.428125 0.003125 0.02734375
0 0.3125 0.4296875 0.0125 0.0296875
0 0.3125 0.55078125 0.0453125 0.01640625
0 0.37578125 0.540625 0.0578125 0.01328125
0 0.54765625 0.4703125 0.00859375 0.04296875
0 0.5625 0.45859375 0.00625 0.01953125
0 0.68125 0.50703125 0.02265625 0.0125
0 0.71484375 0.51171875 0.01875 0.0078125
0 0.796875 0.4359375 0.00546875 0.0109375
0 0.828125 0.49375 0.0140625 0.04140625