0 0.00703125 0.7265625 0.0140625 0.10390625
0 0.32109375 0.73046875 0.021875 0.08828125
0 0.3578125 0.71796875 0.015625 0.10625
0 0.375 0.71484375 0.04140625 0.115625
0 0.41171875 0.7234375 0.0265625 0.08984375
0 0.4171875 0.68046875 0.015625 0.03125
0 0.43515625 0.7125 0.02890625 0.09609375
0 0.46328125 0.7078125 0.03203125 0.10234375
0 0.49375 0.68359375 0.02109375 0.04921875
0 0.52421875 0.7078125 0.0234375 0.11796875
0 0.53515625 0.678125 0.02109375 0.05859375
0 0.56484375 0.71484375 0.02109375 0.10390625
0 0.5828125 0.71015625 0.0265625 0.121875
0 0.609375 0.71640625 0.03046875 0.13515625
0 0.6328125 0.71875 0.0265625 0.12734375
0 0.67265625 0.77578125 0.0984375 0.2765625
0 0.68984375 0.68828125 0.03203125 0.0859375
0 0.71484375 0.76796875 0.05703125 0.2765625
0 0.74296875 0.7265625 0.021875 0.15859375
0 0.740625 0.6734375 0.025 0.05703125
0 0.778125 0.73203125 0.040625 0.1859375
0 0.81015625 0.73046875 0.02890625 0.16640625
0 0.840625 0.72734375 0.04296875 0.16484375
0 0.865625 0.721875 0.0390625 0.19609375
0 0.05 0.7296875 0.021875 0.09375
0 0.51328125 0.6734375 0.0125 0.04140625
0 0.59453125 0.71640625 0.01953125 0.11171875
0 0.6171875 0.6703125 0.00703125 0.01171875
0 0.61484375 0.7546875 0.0234375 0.04296875
0 0.646875 0.65859375 0.0234375 0.02734375
0 0.6796875 0.6890625 0.02109375 0.07265625
0 0.7015625 0.653125 0.01953125 0.03125
0 0.728125 0.6546875 0.0125 0.03125
0 0.76953125 0.6609375 0.01640625 0.0390625
0 0.7671875 0.76015625 0.015625 0.03359375