0 0.04609375 0.79140625 0.0921875 0.4125
0 0.1578125 0.7453125 0.11875 0.50546875
0 0.0390625 0.6296875 0.078125 0.2828125
0 0.10078125 0.75703125 0.08671875 0.4828125
0 0.265625 0.84609375 0.13828125 0.303125
0 0.3140625 0.78671875 0.10703125 0.42265625
0 0.32265625 0.6859375 0.1234375 0.36484375
0 0.44140625 0.82578125 0.121875 0.34453125
0 0.35625 0.39921875 0.07734375 0.3859375
0 0.39140625 0.60703125 0.10703125 0.6203125
0 0.4578125 0.55546875 0.11015625 0.33203125
0 0.46171875 0.70078125 0.11015625 0.3296875
0 0.515625 0.6828125 0.08046875 0.3171875
0 0.48671875 0.3796875 0.09765625 0.3171875
0 0.44296875 0.31640625 0.059375 0.2375
0 0.37265625 0.2 0.06953125 0.23125
0 0.540625 0.890625 0.0984375 0.20625
0 0.671875 0.90625 0.10859375 0.18359375
0 0.4421875 0.18984375 0.08046875 0.271875
0 0.5203125 0.24140625 0.08828125 0.2765625
0 0.57265625 0.5421875 0.11171875 0.46171875
0 0.653125 0.7484375 0.1046875 0.26796875
0 0.55 0.128125 0.0828125 0.25546875
0 0.4671875 0.103125 0.0953125 0.20625
0 0.59140625 0.19140625 0.06328125 0.22265625
0 0.61328125 0.290625 0.06640625 0.2515625
0 0.64609375 0.3359375 0.065625 0.2265625
0 0.6703125 0.3765625 0.0796875 0.2328125
0 0.71875 0.484375 0.0875 0.271875
0 0.734375 0.70234375 0.11953125 0.484375
0 0.8078125 0.79609375 0.1171875 0.40390625
0 0.81640625 0.58671875 0.10703125 0.31171875
0 0.7796875 0.48984375 0.0734375 0.24140625
0 0.90234375 0.8515625 0.13984375 0.29296875
0 0.9625 0.79453125 0.0734375 0.40625
0 0.68359375 0.1640625 0.0734375 0.21640625
0 0.7359375 0.24609375 0.06640625 0.19609375
0 0.79140625 0.37109375 0.09765625 0.26796875
0 0.83828125 0.25234375 0.09296875 0.31171875
0 0.88828125 0.4234375 0.10234375 0.3484375
0 0.89921875 0.30546875 0.11640625 0.19765625
0 0.9375 0.1671875 0.08125 0.24296875
0 0.33046875 0.23125 0.06484375 0.24765625
0 0.2859375 0.1375 0.04765625 0.1546875
0 0.5984375 0.4375 0.07421875 0.30078125
0 0.628125 0.84921875 0.07265625 0.296875
0 0.203125 0.10859375 0.1015625 0.21640625
0 0.7015625 0.109375 0.29921875 0.21875
0 0.96015625 0.29921875 0.07734375 0.59765625
0 0.54140625 0.35703125 0.05234375 0.20625
0 0.434375 0.265625 0.0359375 0.103125
0 0.01796875 0.93515625 0.0359375 0.1265625
0 0.09453125 0.9421875 0.05234375 0.11171875
0 0.253125 0.95546875 0.06328125 0.084375
0 0.3875 0.97421875 0.04765625 0.04765625
0 0.52734375 0.7765625 0.1125 0.31171875
0 0.7578125 0.88046875 0.15234375 0.23515625
0 0.8953125 0.1609375 0.0453125 0.16484375
0 0.228125 0.69296875 0.10078125 0.3296875
0 0.08671875 0.58984375 0.1140625 0.24296875