0 0.571875 0.90625 0.5453125 0.184375
0 0.171875 0.36796875 0.09609375 0.44765625
0 0.3703125 0.34296875 0.0640625 0.26015625
0 0.67109375 0.3703125 0.0796875 0.44921875
0 0.6953125 0.33046875 0.04921875 0.42578125
0 0.6109375 0.2390625 0.0515625 0.1890625
0 0.78046875 0.2234375 0.0453125 0.2125
0 0.8140625 0.23515625 0.05546875 0.26328125
0 0.8375 0.23515625 0.0265625 0.21875
0 0.85703125 0.24375 0.0625 0.25546875
0 0.73828125 0.26484375 0.0625 0.2984375
0 0.8265625 0.4015625 0.1015625 0.06328125
0 0.6140625 0.37421875 0.02109375 0.0890625