0 0.41953125 0.703125 0.03046875 0.125
0 0.4546875 0.6953125 0.02734375 0.10859375
0 0.50078125 0.703125 0.03515625 0.121875
0 0.51640625 0.653125 0.01875 0.03359375
0 0.528125 0.7265625 0.04921875 0.18515625
0 0.5453125 0.6828125 0.01796875 0.08203125
0 0.559375 0.70703125 0.03515625 0.1359375
0 0.5890625 0.73046875 0.04921875 0.1984375
0 0.61796875 0.72421875 0.03828125 0.178125
0 0.63203125 0.64609375 0.01328125 0.01953125
0 0.64765625 0.6578125 0.021875 0.04375
0 0.69765625 0.77734375 0.10859375 0.36875
0 0.8015625 0.671875 0.06328125 0.1125
0 0.80078125 0.7625 0.06875 0.22265625
0 0.9359375 0.81875 0.1234375 0.36015625
0 0.209375 0.7765625 0.22265625 0.44375
0 0.9875 0.63125 0.02265625 0.09375
0 0.578125 0.70234375 0.015625 0.11796875
0 0.6078125 0.65546875 0.00859375 0.02421875
0 0.69375 0.640625 0.028125 0.04375
0 0.621875 0.4375 0.0125 0.03125