0 0.55703125 0.59453125 0.19765625 0.7859375
0 0.36171875 0.5765625 0.125 0.81328125
0 0.49453125 0.290625 0.11875 0.41171875
0 0.5515625 0.27265625 0.08828125 0.23125
0 0.3390625 0.50859375 0.08828125 0.84453125
0 0.628125 0.1625 0.040625 0.05703125
0 0.8375 0.4015625 0.21328125 0.15859375
0 0.8890625 0.21796875 0.09765625 0.1953125
0 0.13984375 0.3390625 0.2796875 0.3296875
0 0.98359375 0.3265625 0.03046875 0.3109375
0 0.9328125 0.82265625 0.1328125 0.15703125
0 0.4359375 0.5046875 0.08125 0.8703125