0 0.55703125 0.74140625 0.03828125 0.29296875
0 0.47109375 0.7296875 0.04609375 0.2265625
0 0.41875 0.74296875 0.07421875 0.42265625
0 0.4484375 0.71796875 0.02265625 0.19453125
0 0.3875 0.72578125 0.02734375 0.25078125
0 0.35546875 0.73125 0.03515625 0.20859375
0 0.37109375 0.71640625 0.0234375 0.22421875
0 0.33203125 0.725 0.0234375 0.1859375
0 0.3015625 0.7546875 0.05859375 0.33125
0 0.27890625 0.74140625 0.053125 0.296875
0 0.23671875 0.73828125 0.0421875 0.26875
0 0.25234375 0.72890625 0.0296875 0.25234375
0 0.21328125 0.73984375 0.03203125 0.24296875
0 0.20546875 0.7203125 0.03359375 0.221875
0 0.1890625 0.7328125 0.025 0.2375
0 0.175 0.7328125 0.03984375 0.29453125
0 0.15234375 0.7203125 0.03203125 0.2625
0 0.1109375 0.74609375 0.096875 0.471875
0 0.046875 0.740625 0.0515625 0.35
0 0.0171875 0.71953125 0.034375 0.3453125
0 0.34140625 0.7109375 0.015625 0.15703125
0 0.4296875 0.79453125 0.03828125 0.096875