0 0.04375 0.31328125 0.0875 0.5734375
0 0.07265625 0.21171875 0.04609375 0.24921875
0 0.0875 0.20703125 0.0390625 0.225
0 0.115625 0.20078125 0.0265625 0.21640625
0 0.140625 0.225 0.0484375 0.32578125
0 0.1578125 0.1671875 0.01875 0.1359375
0 0.19453125 0.2484375 0.0734375 0.3734375
0 0.22890625 0.13515625 0.034375 0.1421875
0 0.2453125 0.16796875 0.03515625 0.21640625
0 0.27265625 0.14921875 0.0296875 0.10078125
0 0.29765625 0.08359375 0.01484375 0.0765625
0 0.19375 0.7453125 0.38671875 0.50546875
0 0.39140625 0.6703125 0.3703125 0.65546875
0 0.55703125 0.7 0.34296875 0.59609375
0 0.67890625 0.70390625 0.434375 0.5875
0 0.8484375 0.57109375 0.30078125 0.85390625
0 0.24375 0.63203125 0.25078125 0.73203125
0 0.43046875 0.51171875 0.24140625 0.3546875
0 0.43125 0.6640625 0.24375 0.66796875
0 0.56328125 0.4265625 0.11875 0.34609375
0 0.64375 0.4640625 0.21015625 0.40859375
0 0.27265625 0.27421875 0.13671875 0.17734375
0 0.259375 0.22890625 0.0578125 0.115625
0 0.365625 0.27734375 0.18359375 0.1875
0 0.47578125 0.2578125 0.203125 0.334375
0 0.5875 0.2375 0.0546875 0.09921875
0 0.3375 0.13515625 0.1703125 0.2703125
0 0.74921875 0.14453125 0.0328125 0.1359375
0 0.7046875 0.1453125 0.03515625 0.121875
0 0.815625 0.18828125 0.0265625 0.26171875
0 0.790625 0.0796875 0.0171875 0.03515625
0 0.83515625 0.18984375 0.03125 0.28828125
0 0.86015625 0.184375 0.028125 0.225
0 0.871875 0.28125 0.0375 0.1296875
0 0.88046875 0.1359375 0.028125 0.1859375
0 0.89609375 0.16875 0.03203125 0.2515625
0 0.91484375 0.15546875 0.0421875 0.2578125
0 0.94609375 0.06796875 0.0328125 0.06171875
0 0.96796875 0.31640625 0.0625 0.534375
0 0.93125 0.37734375 0.115625 0.5859375
0 0.84140625 0.70703125 0.1046875 0.478125
0 0.01484375 0.48125 0.0296875 0.43125
0 0.00703125 0.1171875 0.0140625 0.05390625
0 0.06796875 0.11015625 0.01875 0.06015625
0 0.1171875 0.16484375 0.0234375 0.13203125
0 0.24765625 0.084375 0.08125 0.11171875
0 0.3171875 0.07734375 0.01484375 0.04765625
0 0.34609375 0.1125 0.0203125 0.05546875
0 0.66328125 0.14609375 0.3203125 0.271875
0 0.3703125 0.18671875 0.265625 0.25390625
0 0.9109375 0.078125 0.17578125 0.11953125