0 0.63515625 0.828125 0.21796875 0.3421875
0 0.93046875 0.65 0.13828125 0.65234375
0 0.64765625 0.64140625 0.228125 0.4109375
0 0.49453125 0.653125 0.2109375 0.69296875
0 0.38125 0.73984375 0.196875 0.51875
0 0.20234375 0.75390625 0.18984375 0.49140625
0 0.26484375 0.6453125 0.17109375 0.7078125
0 0.1109375 0.71015625 0.1046875 0.578125
0 0.06796875 0.64765625 0.10703125 0.6109375
0 0.03515625 0.75625 0.0703125 0.4859375
0 0.72578125 0.57421875 0.1609375 0.63046875
0 0.8875 0.5109375 0.10625 0.50859375
0 0.89765625 0.33671875 0.15078125 0.16796875
0 0.55859375 0.40234375 0.1 0.24375
0 0.7453125 0.4234375 0.121875 0.39765625
0 0.79921875 0.35625 0.0859375 0.44453125
0 0.96015625 0.215625 0.0734375 0.27578125
0 0.93203125 0.1796875 0.0625 0.21953125
0 0.8875 0.25625 0.08125 0.28125
0 0.66796875 0.33046875 0.096875 0.46953125
0 0.7421875 0.21484375 0.08359375 0.24765625
0 0.53671875 0.23671875 0.10625 0.2296875
0 0.5890625 0.23125 0.084375 0.25703125
0 0.4421875 0.303125 0.1109375 0.3140625
0 0.3453125 0.37265625 0.12734375 0.3203125
0 0.2984375 0.3140625 0.0859375 0.2109375
0 0.1984375 0.3625 0.13125 0.31328125
0 0.1203125 0.3421875 0.08125 0.20078125
0 0.02421875 0.3984375 0.04765625 0.36484375
0 0.04609375 0.24921875 0.07734375 0.1953125
0 0.35703125 0.13984375 0.07890625 0.15546875
0 0.72421875 0.11328125 0.0625 0.16328125
0 0.60234375 0.14765625 0.065625 0.20234375
0 0.07734375 0.21328125 0.0625 0.2125
0 0.3265625 0.2203125 0.06953125 0.16796875
0 0.39375 0.2734375 0.06953125 0.16171875
0 0.821875 0.09453125 0.12578125 0.1703125
0 0.4390625 0.06875 0.18828125 0.13515625
0 0.2109375 0.159375 0.2078125 0.3078125
0 0.05625 0.0859375 0.11015625 0.12734375
0 0.6 0.40859375 0.07265625 0.10703125