0 0.1234375 0.6140625 0.10546875 0.7
0 0.1890625 0.578125 0.17734375 0.84140625
0 0.2453125 0.57109375 0.07109375 0.53359375
0 0.29375 0.54296875 0.08046875 0.4109375
0 0.3578125 0.57578125 0.11953125 0.584375
0 0.4078125 0.54453125 0.046875 0.3640625
0 0.44375 0.5375 0.04375 0.321875
0 0.4609375 0.51328125 0.028125 0.22890625
0 0.496875 0.5140625 0.04609375 0.20859375
0 0.515625 0.5203125 0.0265625 0.19609375
0 0.5421875 0.52578125 0.03515625 0.22109375
0 0.559375 0.54453125 0.06015625 0.25
0 0.58125 0.53984375 0.03828125 0.2265625
0 0.60390625 0.4390625 0.025 0.06640625
0 0.6046875 0.55078125 0.02109375 0.24609375
0 0.6453125 0.596875 0.11953125 0.625
0 0.7234375 0.52890625 0.03203125 0.203125
0 0.74375 0.5328125 0.021875 0.165625
0 0.77421875 0.53359375 0.021875 0.13046875
0 0.8015625 0.565625 0.04296875 0.26953125
0 0.8203125 0.5734375 0.07421875 0.36953125
0 0.4234375 0.41640625 0.0171875 0.05
0 0.52578125 0.4546875 0.021875 0.03203125
0 0.70625 0.47734375 0.01171875 0.07890625
0 0.7 0.63046875 0.03203125 0.18046875
0 0.5609375 0.81015625 0.17890625 0.1734375
0 0.340625 0.76796875 0.08203125 0.0859375
0 0.7640625 0.50546875 0.0125 0.071875
0 0.875 0.48046875 0.03359375 0.046875
0 0.19375 0.89296875 0.08984375 0.2109375