0 0.06875 0.87265625 0.0515625 0.25234375
0 0.12421875 0.865625 0.07109375 0.26640625
0 0.1359375 0.7796875 0.0328125 0.109375
0 0.178125 0.7953125 0.0140625 0.134375
0 0.2203125 0.74375 0.01953125 0.08515625
0 0.459375 0.715625 0.0421875 0.13046875
0 0.5484375 0.71953125 0.03125 0.07109375
0 0.584375 0.71328125 0.02421875 0.05234375
0 0.7140625 0.70078125 0.04609375 0.08046875
0 0.86171875 0.77421875 0.03046875 0.13203125
0 0.8375 0.75390625 0.02734375 0.1046875
0 0.8703125 0.7734375 0.02265625 0.1046875
0 0.9 0.71328125 0.034375 0.1171875
0 0.409375 0.715625 0.009375 0.03515625
0 0.4015625 0.715625 0.009375 0.03515625
0 0.62421875 0.721875 0.01875 0.0609375
0 0.63359375 0.7421875 0.01953125 0.06796875
0 0.14765625 0.76015625 0.0421875 0.11171875
0 0.60390625 0.73203125 0.01875 0.06796875