0 0.034375 0.52578125 0.06875 0.4578125
0 0.91171875 0.3828125 0.04609375 0.15703125
0 0.7953125 0.39765625 0.04921875 0.16015625
0 0.7703125 0.453125 0.03671875 0.24375
0 0.51015625 0.45078125 0.1078125 0.2453125
0 0.50390625 0.4125 0.034375 0.22734375
0 0.46875 0.44921875 0.05703125 0.23671875
0 0.4015625 0.478125 0.034375 0.33125
0 0.37265625 0.48125 0.05703125 0.35234375
0 0.34765625 0.4109375 0.034375 0.1359375
0 0.3078125 0.45078125 0.0796875 0.31875
0 0.24140625 0.46875 0.06171875 0.3140625
0 0.18046875 0.3625 0.07421875 0.1546875
0 0.15234375 0.47734375 0.09453125 0.34375
0 0.13125 0.465625 0.0421875 0.3140625
0 0.53046875 0.34375 0.025 0.0578125
0 0.76796875 0.35625 0.01953125 0.0609375
0 0.81328125 0.39296875 0.01953125 0.11796875
0 0.86171875 0.3671875 0.015625 0.0703125
0 0.86953125 0.40078125 0.02421875 0.05078125
0 0.878125 0.39765625 0.02421875 0.05703125
0 0.87265625 0.384375 0.0171875 0.07421875
0 0.86953125 0.34765625 0.01171875 0.0171875
0 0.778125 0.50234375 0.03125 0.09375
0 0.99296875 0.4421875 0.01328125 0.16875
0 0.996875 0.378125 0.00546875 0.07734375
0 0.1671875 0.8171875 0.103125 0.353125
0 0.24296875 0.8125 0.053125 0.225
0 0.3140625 0.759375 0.0890625 0.29609375
0 0.3875 0.82421875 0.059375 0.34609375
0 0.50390625 0.70078125 0.1203125 0.265625
0 0.78046875 0.68671875 0.0578125 0.315625
0 0.825 0.609375 0.03046875 0.1796875
0 0.95859375 0.39140625 0.00546875 0.0609375
0 0.36328125 0.353125 0.0203125 0.04765625
0 0.80390625 0.3390625 0.009375 0.021875
0 0.8171875 0.34609375 0.00859375 0.01796875
0 0.84375 0.33984375 0.01171875 0.009375