0 0.8515625 0.39765625 0.01953125 0.109375
0 0.76328125 0.35859375 0.04609375 0.0890625
0 0.75546875 0.37890625 0.028125 0.04765625
0 0.6484375 0.4796875 0.06328125 0.265625
0 0.6359375 0.40625 0.03515625 0.1140625
0 0.653125 0.384375 0.01484375 0.0734375
0 0.5046875 0.40625 0.046875 0.10546875
0 0.46953125 0.4203125 0.065625 0.09140625
0 0.38671875 0.421875 0.08046875 0.1265625
0 0.384375 0.42578125 0.075 0.11875
0 0.26328125 0.4484375 0.1015625 0.13125
0 0.93984375 0.38125 0.0109375 0.16875
0 0.33359375 0.28359375 0.05390625 0.1359375
0 0.48671875 0.2921875 0.0453125 0.11484375
0 0.653125 0.3859375 0.01328125 0.07578125
0 0.78046875 0.37578125 0.0171875 0.04609375