0 0.9703125 0.81484375 0.0578125 0.36796875
0 0.7171875 0.834375 0.08515625 0.32890625
0 0.6 0.80625 0.134375 0.384375
0 0.553125 0.79453125 0.05859375 0.26953125
0 0.484375 0.81328125 0.0859375 0.37109375
0 0.4171875 0.81640625 0.08671875 0.3640625
0 0.2890625 0.8375 0.12265625 0.321875
0 0.1359375 0.81171875 0.20625 0.3734375
0 0.16015625 0.63984375 0.04375 0.1015625
0 0.3140625 0.665625 0.02734375 0.0890625
0 0.34375 0.70390625 0.03515625 0.15
0 0.4140625 0.66640625 0.02578125 0.08046875
0 0.51484375 0.6859375 0.01875 0.075
0 0.52734375 0.70625 0.01875 0.11796875
0 0.54296875 0.68046875 0.0203125 0.0859375
0 0.6578125 0.70859375 0.02421875 0.121875
0 0.690625 0.69609375 0.0203125 0.125
0 0.70546875 0.68828125 0.025 0.1015625
0 0.7296875 0.671875 0.02734375 0.059375
0 0.7859375 0.73203125 0.034375 0.15
0 0.86875 0.734375 0.03984375 0.18203125
0 0.35 0.70703125 0.0171875 0.13359375
0 0.55390625 0.6828125 0.221875 0.0984375
0 0.6359375 0.74765625 0.01953125 0.034375