0 0.059375 0.8328125 0.0671875 0.10234375
0 0.0375 0.83125 0.0640625 0.10234375
0 0.09609375 0.83671875 0.046875 0.0890625
0 0.1390625 0.83125 0.0609375 0.07734375
0 0.190625 0.83125 0.0484375 0.084375
0 0.2171875 0.81171875 0.0296875 0.025
0 0.225 0.85625 0.05546875 0.11015625
0 0.2484375 0.85546875 0.04296875 0.0953125
0 0.28359375 0.8609375 0.06953125 0.12109375
0 0.32734375 0.865625 0.03828125 0.0734375
0 0.34609375 0.86015625 0.02421875 0.0765625
0 0.37734375 0.86796875 0.10703125 0.15
0 0.43671875 0.865625 0.046875 0.1
0 0.41640625 0.8375 0.04296875 0.06328125
0 0.48671875 0.8671875 0.07109375 0.115625
0 0.46875 0.865625 0.03828125 0.103125
0 0.54140625 0.865625 0.0515625 0.11015625
0 0.56640625 0.8734375 0.07109375 0.12890625
0 0.5859375 0.88203125 0.0953125 0.1375
0 0.63203125 0.87109375 0.05390625 0.13125
0 0.6609375 0.8734375 0.07578125 0.1515625
0 0.72734375 0.87578125 0.08125 0.1390625
0 0.79296875 0.87890625 0.07109375 0.125
0 0.8171875 0.87265625 0.04296875 0.11796875
0 0.85703125 0.875 0.05390625 0.1078125
0 0.9109375 0.86328125 0.05390625 0.0765625
0 0.95 0.85625 0.05859375 0.07890625
0 0.975 0.84921875 0.03671875 0.06328125
0 0.98359375 0.8921875 0.0296875 0.14921875
0 0.8859375 0.853125 0.02421875 0.0625
0 0.87421875 0.82890625 0.02265625 0.01640625
0 0.853125 0.82578125 0.02421875 0.01640625
0 0.84375 0.8265625 0.01875 0.01875
0 0.75546875 0.83046875 0.02265625 0.01875
0 0.634375 0.8234375 0.02578125 0.01953125
0 0.615625 0.82890625 0.02109375 0.02265625
0 0.565625 0.8203125 0.0171875 0.0140625
0 0.5265625 0.8328125 0.0328125 0.046875
0 0.4875 0.80859375 0.02109375 0.015625
0 0.41796875 0.81953125 0.0328125 0.04296875
0 0.31796875 0.8 0.02421875 0.0359375
0 0.33515625 0.80390625 0.0328125 0.0390625
0 0.29140625 0.79375 0.02578125 0.0296875
0 0.27734375 0.7921875 0.02265625 0.025
0 0.2453125 0.796875 0.02734375 0.0375
0 0.234375 0.79375 0.02265625 0.0375
0 0.1640625 0.790625 0.03125 0.0453125
0 0.14296875 0.7828125 0.02578125 0.0296875
0 0.11640625 0.78359375 0.0328125 0.03203125
0 0.0953125 0.78046875 0.03125 0.025
0 0.0703125 0.78828125 0.0328125 0.0515625
0 0.040625 0.7796875 0.03984375 0.03203125
0 0.0125 0.79921875 0.02421875 0.05546875
0 0.33515625 0.82265625 0.05 0.02265625
0 0.909375 0.82421875 0.0328125 0.0078125
0 0.825 0.82265625 0.0140625 0.00859375
0 0.69921875 0.82734375 0.03828125 0.0171875
0 0.4609375 0.8078125 0.046875 0.021875
0 0.46328125 0.93671875 0.15234375 0.009375
0 0.90859375 0.91875 0.1796875 0.04296875
0 0.75 0.92578125 0.0640625 0.0375
0 0.3234375 0.909375 0.034375 0.02265625
0 0.928125 0.884375 0.1265625 0.02734375