0 0.078125 0.575 0.15625 0.8453125
0 0.26328125 0.20859375 0.046875 0.103125
0 0.29296875 0.2140625 0.0453125 0.0875
0 0.2359375 0.3765625 0.06171875 0.14375
0 0.98828125 0.703125 0.0203125 0.31171875
0 0.9515625 0.703125 0.065625 0.30703125
0 0.875 0.775 0.06015625 0.16796875
0 0.79375 0.70546875 0.06015625 0.31171875
0 0.7015625 0.70390625 0.1203125 0.38984375
0 0.5828125 0.69375 0.1890625 0.55859375
0 0.5046875 0.73203125 0.0734375 0.190625
0 0.59921875 0.72109375 0.08671875 0.3296875
0 0.52578125 0.67578125 0.028125 0.06953125
0 0.49296875 0.55078125 0.06171875 0.1234375
0 0.8765625 0.646875 0.17734375 0.7015625
0 0.6359375 0.43359375 0.16015625 0.8140625
0 0.4578125 0.49296875 0.20703125 0.9015625
0 0.34609375 0.47109375 0.190625 0.834375
0 0.31796875 0.77265625 0.07578125 0.21328125
0 0.23046875 0.60546875 0.075 0.1703125
0 0.24765625 0.5328125 0.05234375 0.13671875
0 0.13828125 0.58828125 0.05703125 0.159375
0 0.13203125 0.51328125 0.053125 0.1390625
0 0.1421875 0.38125 0.065625 0.12109375
0 0.3125 0.39140625 0.046875 0.13203125
0 0.63828125 0.68515625 0.03828125 0.07421875
0 0.4734375 0.57421875 0.0296875 0.08515625