0 0.103125 0.715625 0.10078125 0.5625
0 0.196875 0.6671875 0.12265625 0.61015625
0 0.3046875 0.69140625 0.1203125 0.57109375
0 0.4125 0.6765625 0.115625 0.58359375
0 0.10234375 0.65546875 0.109375 0.6078125
0 0.1265625 0.38203125 0.0875 0.19140625
0 0.178125 0.31875 0.06640625 0.153125
0 0.153125 0.2375 0.0765625 0.16171875
0 0.20234375 0.290625 0.04453125 0.18828125
0 0.2375 0.234375 0.06484375 0.17421875
0 0.23359375 0.31796875 0.05546875 0.15078125
0 0.28359375 0.36328125 0.071875 0.17421875
0 0.2515625 0.61328125 0.08359375 0.53046875
0 0.35625 0.41796875 0.08984375 0.2140625
0 0.453125 0.39609375 0.1 0.209375
0 0.52421875 0.6703125 0.1234375 0.59609375
0 0.62109375 0.66875 0.09765625 0.603125
0 0.6890625 0.67734375 0.084375 0.5640625
0 0.76328125 0.690625 0.1203125 0.5765625
0 0.85625 0.709375 0.10625 0.578125
0 0.5453125 0.38671875 0.09296875 0.20703125
0 0.63046875 0.38984375 0.08203125 0.16875
0 0.7125 0.4234375 0.09453125 0.2390625
0 0.79765625 0.44609375 0.05546875 0.16171875
0 0.89140625 0.625 0.08125 0.51171875
0 0.9265625 0.56171875 0.08046875 0.5046875
0 0.3171875 0.31796875 0.075 0.196875
0 0.284375 0.22734375 0.053125 0.1390625
0 0.37421875 0.33515625 0.10546875 0.16015625
0 0.36484375 0.26015625 0.05703125 0.12265625
0 0.40859375 0.30078125 0.04140625 0.13359375
0 0.45078125 0.21328125 0.0734375 0.1109375
0 0.459375 0.28203125 0.08046875 0.1953125
0 0.509375 0.29609375 0.05546875 0.17421875
0 0.55 0.2265625 0.05703125 0.17578125
0 0.58359375 0.22109375 0.0390625 0.10859375
0 0.6140625 0.33125 0.1 0.265625
0 0.64296875 0.2265625 0.03984375 0.1125
0 0.70078125 0.3140625 0.075 0.153125
0 0.68203125 0.24921875 0.0484375 0.140625
0 0.73984375 0.2421875 0.0453125 0.1265625
0 0.7734375 0.3171875 0.1015625 0.20546875
0 0.8125 0.2390625 0.06484375 0.1578125
0 0.85234375 0.346875 0.06796875 0.2234375