0 0.17890625 0.6453125 0.1125 0.49609375
0 0.1578125 0.59375 0.0640625 0.453125
0 0.209375 0.42421875 0.07890625 0.1734375
0 0.2390625 0.4421875 0.0515625 0.128125
0 0.21953125 0.4453125 0.0859375 0.134375
0 0.2328125 0.65390625 0.06015625 0.3890625
0 0.32578125 0.66484375 0.09609375 0.43984375
0 0.28515625 0.57890625 0.0625 0.4015625
0 0.2859375 0.4421875 0.0265625 0.07265625
0 0.3234375 0.578125 0.0359375 0.378125
0 0.3640625 0.43671875 0.04609375 0.0875
0 0.36875 0.61953125 0.0453125 0.39296875
0 0.4203125 0.6859375 0.0765625 0.4015625
0 0.3921875 0.6546875 0.0625 0.39921875
0 0.3953125 0.4625 0.0484375 0.08359375
0 0.390625 0.3921875 0.06875 0.1390625
0 0.4328125 0.45546875 0.05 0.08515625
0 0.4703125 0.4765625 0.0671875 0.14140625
0 0.4765625 0.66484375 0.06640625 0.39296875
0 0.5296875 0.6796875 0.06640625 0.39765625
0 0.51640625 0.59375 0.0796875 0.41875
0 0.48046875 0.41953125 0.04375 0.1046875
0 0.5453125 0.425 0.02734375 0.07265625
0 0.55234375 0.46015625 0.0671875 0.134375
0 0.5765625 0.6421875 0.0515625 0.39140625
0 0.60859375 0.6859375 0.0625 0.4015625
0 0.66953125 0.69140625 0.0609375 0.4078125
0 0.6390625 0.65078125 0.04609375 0.3828125
0 0.61796875 0.44765625 0.0765625 0.1859375
0 0.64296875 0.45625 0.05390625 0.11328125
0 0.7171875 0.6828125 0.05859375 0.42109375
0 0.7 0.634375 0.04765625 0.41875
0 0.7140625 0.453125 0.0703125 0.20078125
0 0.7609375 0.4671875 0.0390625 0.11328125
0 0.8015625 0.64296875 0.0625 0.46171875
0 0.7734375 0.68359375 0.0890625 0.453125
0 0.84921875 0.61328125 0.06640625 0.43984375
0 0.53671875 0.3921875 0.2234375 0.1171875