0 0.03203125 0.60859375 0.06328125 0.6640625
0 0.0328125 0.6171875 0.065625 0.6203125
0 0.0828125 0.6265625 0.09453125 0.60390625
0 0.121875 0.62890625 0.08203125 0.5703125
0 0.2203125 0.6203125 0.1265625 0.6296875
0 0.3 0.6203125 0.09609375 0.63359375
0 0.27890625 0.36484375 0.01796875 0.06796875
0 0.3796875 0.62265625 0.12734375 0.63515625
0 0.43984375 0.63984375 0.0578125 0.59453125
0 0.4953125 0.59140625 0.11875 0.69765625
0 0.5421875 0.60859375 0.05390625 0.621875
0 0.58515625 0.62265625 0.10234375 0.628125
0 0.6453125 0.6390625 0.128125 0.621875
0 0.6984375 0.6421875 0.06640625 0.5734375
0 0.7921875 0.6359375 0.14375 0.64453125
0 0.86328125 0.6421875 0.084375 0.6125
0 0.934375 0.646875 0.10390625 0.6609375
0 0.259375 0.40546875 0.0265625 0.0484375
0 0.3625 0.40390625 0.02578125 0.03203125
0 0.4171875 0.4109375 0.0265625 0.05625
0 0.4390625 0.83203125 0.065625 0.103125
0 0.57734375 0.39375 0.021875 0.0375
0 0.92734375 0.40078125 0.03203125 0.07734375