0 0.54453125 0.68984375 0.60859375 0.28046875
0 0.1703125 0.25078125 0.09140625 0.303125
0 0.37265625 0.23828125 0.06484375 0.165625
0 0.61484375 0.16171875 0.05390625 0.12890625
0 0.684375 0.24609375 0.10390625 0.30703125
0 0.7015625 0.2234375 0.04765625 0.29296875
0 0.78515625 0.1546875 0.0375 0.1515625
0 0.8203125 0.16171875 0.04453125 0.18203125
0 0.8671875 0.16640625 0.05078125 0.1796875
0 0.84765625 0.159375 0.0296875 0.15390625
0 0.74921875 0.14375 0.07265625 0.07265625
0 0.83515625 0.26484375 0.13125 0.06484375