0 0.82109375 0.82578125 0.240625 0.34765625
0 0.5890625 0.8109375 0.2375 0.37734375
0 0.76484375 0.56796875 0.13984375 0.4875
0 0.66953125 0.49296875 0.103125 0.296875
0 0.5859375 0.43984375 0.078125 0.21640625
0 0.51171875 0.41171875 0.0921875 0.234375
0 0.4125 0.4609375 0.12421875 0.3
0 0.0875 0.42578125 0.11640625 0.31796875
0 0.24296875 0.5953125 0.1 0.3078125
0 0.375 0.2890625 0.08984375 0.19296875
0 0.6421875 0.32265625 0.06953125 0.23515625
0 0.28671875 0.33984375 0.0625 0.16484375
0 0.3296875 0.45625 0.10390625 0.3046875
0 0.53359375 0.2953125 0.08828125 0.20390625
0 0.18359375 0.71953125 0.23125 0.26796875
0 0.37109375 0.778125 0.21328125 0.37265625
0 0.33828125 0.55703125 0.09453125 0.184375
0 0.50625 0.7015625 0.09453125 0.390625
0 0.6203125 0.58203125 0.1625 0.253125
0 0.7609375 0.26953125 0.140625 0.0859375
0 0.0140625 0.50390625 0.0265625 0.4078125
0 0.0734375 0.678125 0.1421875 0.271875
0 0.4078125 0.59453125 0.09140625 0.1578125