0 0.9140625 0.7015625 0.11484375 0.2265625
0 0.896875 0.7015625 0.0390625 0.11640625
0 0.85078125 0.6125 0.04140625 0.08203125
0 0.73984375 0.73984375 0.0875 0.40703125
0 0.73671875 0.70703125 0.10625 0.3703125
0 0.759375 0.53359375 0.05859375 0.153125
0 0.6578125 0.7390625 0.10859375 0.43828125
0 0.5734375 0.72578125 0.075 0.3953125
0 0.4390625 0.77421875 0.1875 0.4453125
0 0.3296875 0.76015625 0.1546875 0.4765625
0 0.5390625 0.69140625 0.04609375 0.34296875
0 0.2578125 0.6625 0.0609375 0.23515625
0 0.21328125 0.634375 0.0515625 0.23828125
0 0.1765625 0.7125 0.09140625 0.33515625
0 0.0671875 0.72734375 0.1078125 0.325
0 0.11171875 0.66328125 0.05859375 0.25
0 0.1421875 0.62265625 0.05390625 0.171875
0 0.02109375 0.634375 0.0421875 0.165625
0 0.428125 0.5890625 0.03125 0.1015625
0 0.5078125 0.68515625 0.05859375 0.26328125
0 0.59375 0.628125 0.03515625 0.18359375
0 0.6171875 0.5796875 0.01875 0.0703125
0 0.71015625 0.62890625 0.04765625 0.16484375
0 0.28359375 0.5703125 0.0296875 0.06328125
0 0.97265625 0.7015625 0.05234375 0.2234375
0 0.95234375 0.5671875 0.0296875 0.0484375
0 0.90078125 0.57578125 0.0484375 0.06171875
0 0.8109375 0.565625 0.0625 0.08515625
0 0.00625 0.59140625 0.0125 0.046875
0 0.04921875 0.58828125 0.0234375 0.06328125
0 0.0796875 0.55546875 0.0265625 0.03828125
0 0.1265625 0.56328125 0.02265625 0.04296875
0 0.240625 0.5515625 0.0265625 0.046875
0 0.2734375 0.54140625 0.0171875 0.0234375
0 0.3828125 0.56015625 0.04609375 0.03671875
0 0.48515625 0.559375 0.1046875 0.06484375
0 0.59765625 0.559375 0.0171875 0.0515625
0 0.63046875 0.5640625 0.0234375 0.0453125
0 0.61171875 0.540625 0.0109375 0.01171875
0 0.68359375 0.59765625 0.0296875 0.125
0 0.2953125 0.57734375 0.02890625 0.071875
0 0.37265625 0.6421875 0.0453125 0.13203125
0 0.540625 0.51328125 0.0140625 0.0265625