0 0.80390625 0.96796875 0.06875 0.0625
0 0.7453125 0.7359375 0.1828125 0.52578125
0 0.75234375 0.5546875 0.1421875 0.24140625
0 0.6609375 0.56484375 0.065625 0.171875
0 0.63359375 0.58046875 0.06875 0.19609375
0 0.6015625 0.7484375 0.11484375 0.5015625
0 0.53828125 0.67890625 0.2796875 0.640625
0 0.41640625 0.5796875 0.03359375 0.11171875
0 0.4 0.71796875 0.084375 0.4109375
0 0.34921875 0.74921875 0.1140625 0.48125
0 0.28359375 0.71796875 0.07109375 0.39765625
0 0.3578125 0.5296875 0.04140625 0.1015625
0 0.44609375 0.49453125 0.06953125 0.11171875
0 0.41328125 0.49140625 0.03046875 0.096875
0 0.37265625 0.48359375 0.028125 0.0890625
0 0.30078125 0.496875 0.0328125 0.0640625
0 0.2640625 0.53125 0.04609375 0.171875
0 0.29140625 0.4671875 0.0296875 0.0625
0 0.34296875 0.465625 0.028125 0.09140625
0 0.325 0.44765625 0.0375 0.10078125
0 0.23515625 0.4953125 0.0265625 0.06953125
0 0.27265625 0.43125 0.03671875 0.0890625
0 0.23984375 0.45703125 0.03046875 0.10078125
0 0.5734375 0.49375 0.08125 0.0609375
0 0.66796875 0.51953125 0.03046875 0.0703125
0 0.32109375 0.50703125 0.028125 0.0671875
0 0.334375 0.4453125 0.0203125 0.0578125
0 0.21484375 0.45 0.040625 0.0890625
0 0.25546875 0.45234375 0.0140625 0.0296875