0 0.31796875 0.7859375 0.2265625 0.42578125
0 0.79453125 0.753125 0.1375 0.49140625
0 0.484375 0.60546875 0.159375 0.4890625
0 0.01171875 0.64453125 0.0234375 0.2203125
0 0.1421875 0.378125 0.0953125 0.4796875
0 0.0859375 0.30859375 0.090625 0.353125
0 0.2140625 0.3109375 0.10390625 0.328125
0 0.34140625 0.50390625 0.13203125 0.44296875
0 0.6453125 0.3859375 0.13828125 0.41328125
0 0.91484375 0.42109375 0.11953125 0.37109375
0 0.39296875 0.16796875 0.07109375 0.165625
0 0.29921875 0.146875 0.08203125 0.12890625
0 0.10625 0.86640625 0.2125 0.2640625