0 0.3453125 0.55078125 0.30234375 0.3828125
0 0.05234375 0.28125 0.1046875 0.16875
0 0.1 0.35546875 0.1578125 0.346875
0 0.0484375 0.14609375 0.0734375 0.1515625
0 0.071875 0.0921875 0.0578125 0.13828125
0 0.15625 0.26796875 0.0796875 0.31640625
0 0.32265625 0.33984375 0.2703125 0.45234375
0 0.35234375 0.5890625 0.0953125 0.36015625
0 0.15078125 0.1296875 0.06640625 0.16875
0 0.19921875 0.2515625 0.10546875 0.38671875
0 0.30546875 0.1796875 0.075 0.23515625
0 0.34921875 0.18828125 0.05546875 0.259375
0 0.37734375 0.25546875 0.04609375 0.26484375
0 0.43046875 0.3578125 0.0796875 0.15546875
0 0.43671875 0.271875 0.115625 0.28984375
0 0.4875 0.2015625 0.0578125 0.27109375
0 0.4859375 0.08671875 0.065625 0.1734375
0 0.5296875 0.43671875 0.1140625 0.3734375
0 0.52265625 0.20625 0.0546875 0.11328125
0 0.578125 0.29375 0.09140625 0.2765625
0 0.609375 0.15 0.0875 0.25
0 0.65078125 0.38515625 0.08515625 0.25546875
0 0.6578125 0.53125 0.30234375 0.55078125
0 0.84453125 0.78515625 0.309375 0.42578125
0 0.8921875 0.51015625 0.1578125 0.17265625
0 0.91015625 0.41484375 0.16953125 0.34453125
0 0.821875 0.3109375 0.08125 0.24609375
0 0.85625 0.28125 0.053125 0.18359375
0 0.7109375 0.20625 0.07890625 0.14765625
0 0.9890625 0.05703125 0.01953125 0.0640625
0 0.94140625 0.04296875 0.02578125 0.0625
0 0.80703125 0.05078125 0.01796875 0.03046875
0 0.7140625 0.115625 0.05546875 0.196875
0 0.68046875 0.04375 0.02265625 0.0796875
0 0.68359375 0.1328125 0.04140625 0.15546875
0 0.4203125 0.08359375 0.02421875 0.11328125
0 0.1015625 0.6734375 0.203125 0.65
0 0.140625 0.67109375 0.21953125 0.54765625
0 0.18125 0.159375 0.040625 0.071875
0 0.4046875 0.23828125 0.03203125 0.0796875
0 0.44375 0.11640625 0.05 0.0625
0 0.61171875 0.38515625 0.05625 0.08125
0 0.67109375 0.84765625 0.39140625 0.30078125
0 0.35234375 0.875 0.1515625 0.24609375
0 0.7359375 0.24453125 0.1203125 0.15546875
0 0.8421875 0.40703125 0.0640625 0.090625
0 0.9671875 0.60546875 0.0640625 0.7859375
0 0.903125 0.01328125 0.015625 0.0265625
0 0.80546875 0.0125 0.01484375 0.025
0 0.3640625 0.01328125 0.0125 0.0265625
0 0.415625 0.0140625 0.01796875 0.028125
0 0.21953125 0.02109375 0.0375 0.04140625
0 0.78515625 0.55859375 0.30078125 0.215625