0 0.1265625 0.6203125 0.15 0.3578125
0 0.25625 0.7359375 0.2640625 0.525
0 0.4890625 0.7609375 0.259375 0.4765625
0 0.7078125 0.75078125 0.23359375 0.49609375
0 0.81015625 0.60546875 0.1046875 0.28125
0 0.22734375 0.57109375 0.05703125 0.22734375
0 0.26640625 0.45234375 0.0515625 0.07265625
0 0.34375 0.5265625 0.084375 0.17890625
0 0.41953125 0.63984375 0.096875 0.29765625
0 0.41328125 0.559375 0.11015625 0.19375
0 0.33203125 0.4671875 0.05 0.09609375
0 0.3890625 0.44296875 0.03984375 0.05859375
0 0.4953125 0.4890625 0.065625 0.11015625
0 0.55234375 0.52265625 0.07421875 0.1578125
0 0.50703125 0.42578125 0.06640625 0.13359375
0 0.60390625 0.5265625 0.0484375 0.16015625
0 0.615625 0.58515625 0.11953125 0.1921875
0 0.6859375 0.565625 0.05859375 0.20390625
0 0.6578125 0.4984375 0.0421875 0.13984375
0 0.7171875 0.4359375 0.04453125 0.13125
0 0.8453125 0.5953125 0.071875 0.20625
0 0.878125 0.57109375 0.090625 0.2046875
0 0.92578125 0.5515625 0.05 0.15234375
0 0.97265625 0.54765625 0.05234375 0.1875
0 0.7484375 0.4015625 0.0359375 0.0765625
0 0.865625 0.45078125 0.05703125 0.20625
0 0.90625 0.4546875 0.0640625 0.1828125
0 0.94140625 0.4296875 0.05078125 0.11484375
0 0.7125 0.490625 0.04296875 0.10625
0 0.75234375 0.4828125 0.03984375 0.0515625
0 0.74609375 0.4703125 0.03671875 0.0734375
0 0.82734375 0.5015625 0.040625 0.12265625
0 0.91015625 0.49609375 0.040625 0.0875
0 0.79296875 0.4234375 0.01328125 0.06484375
0 0.33359375 0.58515625 0.059375 0.0796875
0 0.8140625 0.4234375 0.02734375 0.05234375
0 0.91171875 0.8671875 0.175 0.2625