0 0.934375 0.8875 0.1046875 0.22265625
0 0.7015625 0.825 0.02421875 0.103125
0 0.7125 0.8296875 0.01015625 0.06953125
0 0.6890625 0.80546875 0.01484375 0.06796875
0 0.6828125 0.8078125 0.0203125 0.06796875
0 0.66875 0.85546875 0.04609375 0.1640625
0 0.6484375 0.83671875 0.0234375 0.1125
0 0.7109375 0.78046875 0.00625 0.02578125
0 0.6421875 0.7875 0.01015625 0.0328125
0 0.63125 0.7984375 0.00859375 0.04453125
0 0.6296875 0.80625 0.00859375 0.046875
0 0.6359375 0.78984375 0.00625 0.028125
0 0.5921875 0.8609375 0.02890625 0.1609375
0 0.571875 0.86953125 0.04453125 0.1734375
0 0.5328125 0.86953125 0.04296875 0.175
0 0.48828125 0.871875 0.0453125 0.1609375
0 0.4140625 0.88828125 0.08046875 0.2203125
0 0.384375 0.778125 0.00703125 0.01875
0 0.378125 0.7765625 0.0109375 0.01796875
0 0.296875 0.88125 0.07734375 0.2359375
0 0.25 0.775 0.00859375 0.0234375
0 0.2390625 0.77265625 0.01171875 0.0234375
0 0.23984375 0.784375 0.009375 0.046875
0 0.1875 0.78203125 0.01171875 0.04921875
0 0.171875 0.79921875 0.0171875 0.071875
0 0.159375 0.7875 0.01484375 0.06015625
0 0.13359375 0.7734375 0.0203125 0.0375
0 0.11953125 0.775 0.0109375 0.01640625
0 0.0734375 0.7921875 0.01640625 0.071875
0 0.0375 0.7890625 0.0171875 0.07265625
0 0.025 0.76953125 0.015625 0.04140625
0 0.25390625 0.784375 0.0078125 0.0375
0 0.19375 0.765625 0.00625 0.01171875
0 0.6546875 0.78125 0.01796875 0.015625
0 0.69296875 0.72109375 0.0078125 0.028125
0 0.6046875 0.7984375 0.00859375 0.0421875
0 0.35 0.76953125 0.00703125 0.00859375
0 0.4109375 0.76875 0.0046875 0.00703125