0 0.740625 0.68515625 0.34765625 0.62578125
0 0.6546875 0.47109375 0.13828125 0.43515625
0 0.609375 0.534375 0.1078125 0.36015625
0 0.5671875 0.490625 0.0859375 0.2390625
0 0.47734375 0.49453125 0.04375 0.06171875
0 0.434375 0.53125 0.02890625 0.0390625
0 0.48515625 0.740625 0.0953125 0.10234375
0 0.33203125 0.8171875 0.115625 0.36171875
0 0.2125 0.684375 0.07265625 0.21015625
0 0.93828125 0.6125 0.06328125 0.1078125
0 0.0484375 0.759375 0.096875 0.171875
0 0.46875 0.91015625 0.14609375 0.17734375
0 0.86328125 0.5796875 0.0453125 0.05703125
0 0.54921875 0.51875 0.0546875 0.22109375
0 0.471875 0.64453125 0.06171875 0.06015625
0 0.9515625 0.87109375 0.090625 0.24921875
0 0.32578125 0.58515625 0.15703125 0.13046875
0 0.434375 0.57890625 0.06015625 0.16640625
0 0.52265625 0.50703125 0.0671875 0.16640625
0 0.990625 0.6 0.015625 0.05546875