0 0.01796875 0.759375 0.0359375 0.153125
0 0.04140625 0.76015625 0.08203125 0.18046875
0 0.221875 0.7609375 0.06171875 0.1765625
0 0.25859375 0.759375 0.02734375 0.16796875
0 0.29296875 0.76328125 0.0484375 0.15390625
0 0.31796875 0.75703125 0.04296875 0.1765625
0 0.3359375 0.7703125 0.05390625 0.16640625
0 0.4953125 0.7484375 0.0234375 0.096875
0 0.55 0.78125 0.0453125 0.1140625
0 0.5625 0.76484375 0.02421875 0.14140625
0 0.58125 0.76484375 0.0390625 0.17421875
0 0.6078125 0.76875 0.0390625 0.171875
0 0.6 0.70234375 0.01328125 0.01875
0 0.63515625 0.7796875 0.03671875 0.13515625
0 0.6625 0.79765625 0.03515625 0.096875
0 0.67578125 0.76484375 0.053125 0.16953125
0 0.69140625 0.76796875 0.02578125 0.14765625
0 0.72421875 0.77578125 0.05703125 0.14609375
0 0.659375 0.65859375 0.04375 0.20859375
0 0.79140625 0.6484375 0.0890625 0.1953125
0 0.89375 0.64921875 0.0390625 0.234375
0 0.9328125 0.6484375 0.03671875 0.24453125
0 0.80234375 0.765625 0.0390625 0.171875
0 0.81796875 0.76953125 0.0875 0.17890625
0 0.8390625 0.76953125 0.06953125 0.16796875
0 0.8859375 0.76328125 0.04921875 0.16015625
0 0.92421875 0.76796875 0.06484375 0.1625
0 0.16484375 0.709375 0.0140625 0.02265625
0 0.17734375 0.70859375 0.01328125 0.01875
0 0.2125 0.73203125 0.0171875 0.06171875
0 0.65625 0.72265625 0.0265625 0.05703125
0 0.990625 0.84921875 0.01796875 0.04375
0 0.27578125 0.684375 0.04765625 0.021875
0 0.2640625 0.6578125 0.01015625 0.01328125
0 0.353125 0.7234375 0.01640625 0.0375
0 0.41484375 0.72109375 0.04921875 0.0109375
0 0.47734375 0.69921875 0.0125 0.053125
0 0.50703125 0.6921875 0.00546875 0.0265625
0 0.56796875 0.69375 0.00625 0.00859375