0 0.05703125 0.578125 0.1 0.55
0 0.0859375 0.56953125 0.06796875 0.50390625
0 0.1296875 0.5984375 0.11875 0.51953125
0 0.20859375 0.57890625 0.1140625 0.54765625
0 0.2796875 0.58359375 0.08671875 0.5109375
0 0.39296875 0.56171875 0.14140625 0.55703125
0 0.3828125 0.57265625 0.14921875 0.53203125
0 0.48359375 0.5859375 0.10859375 0.50546875
0 0.684375 0.53359375 0.4109375 0.79765625
0 0.7671875 0.56328125 0.1109375 0.50546875
0 0.9015625 0.56640625 0.1484375 0.50859375
0 0.446875 0.10390625 0.89375 0.2046875
0 0.02109375 0.596875 0.0421875 0.50859375
0 0.43203125 0.396875 0.04453125 0.053125
0 0.5015625 0.39375 0.03984375 0.0421875
0 0.56796875 0.5046875 0.10859375 0.17890625
0 0.6078125 0.7359375 0.0859375 0.209375
0 0.865625 0.46875 0.090625 0.24296875
0 0.8921875 0.71484375 0.0859375 0.1984375
0 0.98984375 0.65625 0.01796875 0.3265625