0 0.7890625 0.81328125 0.178125 0.36875
0 0.6390625 0.77421875 0.30625 0.44765625
0 0.56015625 0.75390625 0.24453125 0.4875
0 0.03671875 0.775 0.07265625 0.4453125
0 0.45390625 0.5828125 0.33671875 0.8296875
0 0.59765625 0.54453125 0.32578125 0.58359375
0 0.65859375 0.38671875 0.17109375 0.2234375
0 0.903125 0.66328125 0.1875 0.66875
0 0.459375 0.31171875 0.121875 0.1140625
0 0.3109375 0.2640625 0.05390625 0.17890625
0 0.04765625 0.5421875 0.0796875 0.1859375
0 0.70078125 0.5421875 0.06484375 0.0515625