0 0.96640625 0.51015625 0.06171875 0.18125
0 0.8921875 0.56328125 0.07734375 0.26875
0 0.9234375 0.55546875 0.0578125 0.23359375
0 0.828125 0.5453125 0.065625 0.28984375
0 0.784375 0.6265625 0.13828125 0.3546875
0 0.75390625 0.55 0.053125 0.25625
0 0.68984375 0.66875 0.109375 0.4828125
0 0.5453125 0.67109375 0.225 0.65625
0 0.66640625 0.45234375 0.02109375 0.071875
0 0.64765625 0.45234375 0.0171875 0.08046875
0 0.63359375 0.46328125 0.02734375 0.11171875
0 0.6265625 0.4546875 0.034375 0.071875
0 0.596875 0.428125 0.03203125 0.08984375
0 0.5203125 0.44453125 0.0234375 0.0625
0 0.50390625 0.4328125 0.02109375 0.06484375
0 0.47578125 0.55625 0.0703125 0.29921875
0 0.3921875 0.54921875 0.07890625 0.3109375
0 0.3265625 0.59140625 0.1296875 0.3765625
0 0.2234375 0.58046875 0.1140625 0.3859375
0 0.12109375 0.559375 0.090625 0.38203125
0 0.47265625 0.43203125 0.01640625 0.05546875
0 0.43515625 0.45078125 0.01796875 0.0796875
0 0.446875 0.44140625 0.0140625 0.0609375
0 0.3578125 0.44453125 0.021875 0.1015625
0 0.26875 0.4375 0.01796875 0.0578125
0 0.253125 0.43671875 0.02421875 0.0703125
0 0.26015625 0.41328125 0.01171875 0.0234375
0 0.1890625 0.4328125 0.02265625 0.071875
0 0.1703125 0.50234375 0.0421875 0.2125
0 0.0375 0.4640625 0.053125 0.13828125
0 0.0125 0.45859375 0.025 0.140625
0 0.0234375 0.465625 0.02421875 0.1234375
0 0.8796875 0.62734375 0.02578125 0.02578125
0 0.97734375 0.5765625 0.04375 0.2796875
0 0.9015625 0.4234375 0.04453125 0.0234375
0 0.75546875 0.54140625 0.04609375 0.28203125
0 0.53671875 0.42109375 0.02578125 0.05546875
0 0.4359375 0.4453125 0.0703125 0.08203125
0 0.3734375 0.421875 0.0171875 0.03125
0 0.340625 0.4390625 0.03046875 0.08046875
0 0.27421875 0.43828125 0.07734375 0.0703125
0 0.20390625 0.42578125 0.0203125 0.053125
0 0.17578125 0.41328125 0.01015625 0.034375
0 0.146875 0.415625 0.02578125 0.04140625
0 0.36640625 0.3234375 0.03203125 0.0625
0 0.6296875 0.415625 0.009375 0.02109375