0 0.13359375 0.24765625 0.0375 0.06953125
0 0.22890625 0.22734375 0.0375 0.06875
0 0.24296875 0.2234375 0.0171875 0.0625
0 0.4984375 0.22734375 0.0453125 0.165625
0 0.5390625 0.40234375 0.1109375 0.51796875
0 0.55390625 0.40546875 0.165625 0.7109375
0 0.1171875 0.25234375 0.015625 0.0390625
0 0.153125 0.25 0.01796875 0.05703125
0 0.1921875 0.24140625 0.0171875 0.053125
0 0.33359375 0.22734375 0.028125 0.03828125
0 0.478125 0.21796875 0.02265625 0.03515625
0 0.509375 0.16640625 0.0265625 0.0484375
0 0.28203125 0.23125 0.01328125 0.0203125
0 0.74296875 0.18828125 0.05 0.1265625
0 0.81328125 0.1734375 0.0515625 0.1265625
0 0.89921875 0.26171875 0.08203125 0.1703125