0 0.1671875 0.821875 0.07109375 0.353125
0 0.2078125 0.925 0.1109375 0.146875
0 0.30703125 0.925 0.14609375 0.146875
0 0.43359375 0.9328125 0.0796875 0.13203125
0 0.5578125 0.8875 0.1359375 0.221875
0 0.64375 0.88671875 0.0953125 0.2234375
0 0.70859375 0.93203125 0.0953125 0.13359375
0 0.82734375 0.8578125 0.1203125 0.28203125
0 0.878125 0.71484375 0.04375 0.1296875
0 0.925 0.7484375 0.06484375 0.11328125
0 0.9703125 0.73671875 0.0578125 0.21640625
0 0.98828125 0.46796875 0.02109375 0.1703125
0 0.9640625 0.46484375 0.04375 0.14296875
0 0.93203125 0.421875 0.04375 0.15703125
0 0.8796875 0.43984375 0.04609375 0.13984375
0 0.9078125 0.45 0.0453125 0.13359375
0 0.83203125 0.39453125 0.03359375 0.11171875
0 0.79921875 0.37734375 0.0234375 0.06796875
0 0.7421875 0.3609375 0.0265625 0.06484375
0 0.72265625 0.35859375 0.025 0.06328125
0 0.70625 0.3578125 0.02734375 0.0546875
0 0.6828125 0.35390625 0.02734375 0.0515625
0 0.6515625 0.3421875 0.0203125 0.06171875
0 0.63203125 0.340625 0.0234375 0.0484375
0 0.61328125 0.3578125 0.0234375 0.09140625
0 0.57578125 0.3578125 0.02890625 0.1015625
0 0.5953125 0.3640625 0.02109375 0.08828125
0 0.53828125 0.371875 0.0359375 0.1
0 0.46328125 0.37109375 0.0359375 0.11796875
0 0.421875 0.3734375 0.0515625 0.1203125
0 0.3046875 0.39453125 0.04609375 0.128125
0 0.259375 0.3984375 0.0390625 0.1265625
0 0.27109375 0.353125 0.02265625 0.0703125
0 0.22421875 0.3953125 0.0359375 0.1265625
0 0.20859375 0.34140625 0.02734375 0.06015625
0 0.1890625 0.428125 0.06484375 0.153125
0 0.1453125 0.46171875 0.05390625 0.1703125
0 0.07890625 0.4140625 0.05 0.14140625
0 0.93359375 0.9 0.1296875 0.196875
0 0.95078125 0.7046875 0.03125 0.0203125
0 0.8625 0.753125 0.05 0.08984375
0 0.49921875 0.2921875 0.9984375 0.18828125
0 0.8578125 0.42734375 0.025 0.078125
0 0.0296875 0.4203125 0.04375 0.0734375
0 0.77109375 0.3953125 0.02734375 0.01640625