0 0.0203125 0.4171875 0.040625 0.0828125
0 0.1078125 0.43125 0.0390625 0.06171875
0 0.14296875 0.4359375 0.06796875 0.1078125
0 0.20546875 0.59453125 0.39765625 0.80703125
0 0.371875 0.56015625 0.72109375 0.87578125
0 0.621875 0.62578125 0.19609375 0.7453125
0 0.8296875 0.6078125 0.30078125 0.78046875
0 0.92734375 0.64921875 0.14296875 0.69765625
0 0.81640625 0.4375 0.36484375 0.0921875
0 0.1265625 0.409375 0.11875 0.0796875
0 0.01171875 0.534375 0.02265625 0.3078125
0 0.63671875 0.12265625 0.1828125 0.2453125