0 0.28828125 0.2 0.0109375 0.03046875
0 0.0578125 0.28671875 0.02265625 0.0703125
0 0.9671875 0.6875 0.06171875 0.20078125
0 0.85390625 0.72109375 0.05 0.18046875
0 0.94296875 0.90390625 0.03984375 0.1890625
0 0.9359375 0.82890625 0.03515625 0.090625
0 0.9109375 0.9515625 0.05625 0.09375
0 0.87734375 0.9203125 0.05546875 0.15703125
0 0.7921875 0.96796875 0.0625 0.06171875
0 0.796875 0.8671875 0.0484375 0.2328125
0 0.7953125 0.81640625 0.075 0.2328125
0 0.7765625 0.74375 0.0390625 0.1171875
0 0.78984375 0.69375 0.0421875 0.09375
0 0.896875 0.7640625 0.03984375 0.1171875
0 0.88125 0.82578125 0.0625 0.1203125
0 0.73515625 0.74453125 0.046875 0.10703125
0 0.68828125 0.74140625 0.0609375 0.12421875
0 0.6796875 0.8296875 0.0625 0.19765625
0 0.7140625 0.96171875 0.04765625 0.0734375
0 0.7171875 0.91875 0.05546875 0.1359375
0 0.72421875 0.89296875 0.059375 0.2109375
0 0.7015625 0.8890625 0.05078125 0.20234375
0 0.57578125 0.94921875 0.0671875 0.0984375
0 0.6109375 0.93125 0.0515625 0.134375
0 0.590625 0.80703125 0.0609375 0.1875
0 0.6046875 0.7484375 0.0515625 0.12265625
0 0.5984375 0.69375 0.0296875 0.05234375
0 0.5578125 0.771875 0.0421875 0.14375
0 0.49296875 0.9625 0.03984375 0.071875
0 0.5390625 0.87265625 0.05625 0.14609375
0 0.553125 0.73671875 0.0421875 0.12578125
0 0.5328125 0.72890625 0.040625 0.17578125
0 0.4984375 0.77734375 0.0453125 0.22265625
0 0.48671875 0.7609375 0.03046875 0.20078125
0 0.46171875 0.7390625 0.0421875 0.2109375
0 0.4171875 0.93828125 0.046875 0.1203125
0 0.38515625 0.959375 0.06171875 0.07890625
0 0.446875 0.89453125 0.053125 0.19296875
0 0.4234375 0.7921875 0.04296875 0.09921875
0 0.4265625 0.71640625 0.0359375 0.115625
0 0.4046875 0.67890625 0.025 0.075
0 0.38984375 0.76328125 0.0515625 0.1859375
0 0.3796875 0.84296875 0.053125 0.23125
0 0.296875 0.91875 0.0765625 0.159375
0 0.3234375 0.8765625 0.06875 0.19765625
0 0.34296875 0.85625 0.04609375 0.2375
0 0.33515625 0.725 0.0375 0.090625
0 0.31015625 0.6921875 0.028125 0.0921875
0 0.30546875 0.76953125 0.04765625 0.08359375
0 0.296875 0.73359375 0.03125 0.0703125
0 0.234375 0.8453125 0.05078125 0.17109375
0 0.2390625 0.8390625 0.0375 0.2046875
0 0.27109375 0.78046875 0.0359375 0.2109375
0 0.2671875 0.67421875 0.0515625 0.115625
0 0.1875 0.66484375 0.0375 0.09375
0 0.20546875 0.7609375 0.04609375 0.1921875
0 0.18203125 0.79375 0.05 0.19921875
0 0.13203125 0.7765625 0.053125 0.1421875
0 0.153125 0.89765625 0.084375 0.20234375
0 0.090625 0.92734375 0.0890625 0.1421875
0 0.025 0.94375 0.05 0.11015625
0 0.075 0.8546875 0.06953125 0.203125
0 0.05625 0.85 0.06328125 0.209375
0 0.08359375 0.73828125 0.04609375 0.11875
0 0.07265625 0.64921875 0.03828125 0.08046875
0 0.021875 0.76953125 0.04375 0.21796875
0 0.04296875 0.81796875 0.0390625 0.209375
0 0.03671875 0.6765625 0.03984375 0.08203125
0 0.01484375 0.703125 0.0296875 0.190625
0 0.884375 0.6625 0.01953125 0.10703125
0 0.8546875 0.9171875 0.0375 0.1625
0 0.42421875 0.14296875 0.0203125 0.03046875
0 0.98359375 0.94375 0.03125 0.11015625
0 0.765625 0.596875 0.01953125 0.05703125
0 0.5203125 0.978125 0.03046875 0.040625