0 0.8953125 0.58515625 0.10546875 0.3078125
0 0.81640625 0.57265625 0.06640625 0.275
0 0.74453125 0.56953125 0.08125 0.2609375
0 0.67734375 0.5609375 0.06640625 0.25546875
0 0.64296875 0.5515625 0.04609375 0.22734375
0 0.590625 0.55 0.065625 0.2375
0 0.534375 0.54453125 0.04921875 0.21796875
0 0.48203125 0.58984375 0.0671875 0.165625
0 0.48203125 0.4953125 0.06171875 0.12578125
0 0.4390625 0.5390625 0.05078125 0.21953125
0 0.396875 0.53671875 0.05859375 0.22734375
0 0.35859375 0.53203125 0.0453125 0.22421875
0 0.334375 0.5203125 0.03984375 0.23203125
0 0.3015625 0.525 0.0546875 0.21484375
0 0.2671875 0.52421875 0.03984375 0.203125
0 0.2453125 0.5203125 0.0421875 0.1984375
0 0.2078125 0.52109375 0.0453125 0.1953125
0 0.1609375 0.52265625 0.065625 0.2125
0 0.14609375 0.45 0.05078125 0.0875
0 0.078125 0.51875 0.06484375 0.221875
0 0.20546875 0.50625 0.05078125 0.21328125
0 0.24375 0.425 0.03125 0.06484375
0 0.2671875 0.43046875 0.0296875 0.04921875
0 0.2984375 0.4203125 0.03984375 0.05
0 0.37734375 0.4296875 0.02109375 0.0484375
0 0.40234375 0.415625 0.04140625 0.0546875
0 0.45859375 0.45078125 0.02265625 0.04765625
0 0.4328125 0.4296875 0.02421875 0.06796875
0 0.47578125 0.43125 0.021875 0.05625
0 0.5046875 0.42578125 0.0203125 0.03125
0 0.53203125 0.43671875 0.028125 0.0546875
0 0.57109375 0.421875 0.0359375 0.059375
0 0.57421875 0.54140625 0.0390625 0.2234375
0 0.61484375 0.45390625 0.028125 0.06328125
0 0.628125 0.45703125 0.0328125 0.05390625
0 0.63125 0.4390625 0.03671875 0.06796875
0 0.9140625 0.56796875 0.04921875 0.2828125
0 0.86640625 0.44453125 0.04453125 0.08046875
0 0.8390625 0.4609375 0.046875 0.084375
0 0.7796875 0.54921875 0.04140625 0.253125
0 0.7234375 0.48125 0.034375 0.1140625
0 0.7578125 0.434375 0.0328125 0.06171875
0 0.71484375 0.44375 0.034375 0.08125
0 0.5578125 0.45546875 0.0328125 0.06484375
0 0.5109375 0.45546875 0.03125 0.053125
0 0.48359375 0.43984375 0.02890625 0.0421875
0 0.61875 0.421875 0.01328125 0.0390625
0 0.56953125 0.45078125 0.01796875 0.03828125
0 0.86015625 0.43125 0.01484375 0.0375
0 0.69453125 0.44375 0.03046875 0.05859375
0 0.68203125 0.43046875 0.04140625 0.04609375
0 0.53046875 0.41796875 0.02734375 0.0390625
0 0.440625 0.425 0.0203125 0.021875
0 0.39296875 0.5140625 0.04453125 0.1828125
0 0.4203125 0.44765625 0.01953125 0.04375
0 0.3328125 0.41640625 0.03125 0.04765625
0 0.59296875 0.42265625 0.0234375 0.01953125