0 0.3109375 0.68984375 0.2140625 0.434375
0 0.48359375 0.7375 0.20625 0.34140625
0 0.53125 0.64296875 0.04375 0.19609375
0 0.55703125 0.62578125 0.02578125 0.1359375
0 0.57421875 0.58125 0.03125 0.05546875
0 0.5875 0.64609375 0.053125 0.1921875
0 0.6359375 0.67265625 0.06640625 0.2890625
0 0.65703125 0.58515625 0.025 0.0609375
0 0.6640625 0.57265625 0.01796875 0.02890625
0 0.6828125 0.66640625 0.05625 0.26015625
0 0.71796875 0.7 0.075 0.30546875
0 0.75234375 0.64453125 0.05234375 0.2078125
0 0.78671875 0.67578125 0.06171875 0.29921875
0 0.8171875 0.7078125 0.09453125 0.26015625
0 0.8109375 0.565625 0.021875 0.03671875
0 0.834375 0.5859375 0.04375 0.1109375
0 0.909375 0.67421875 0.040625 0.2140625
0 0.940625 0.68359375 0.06484375 0.25625
0 0.975 0.68046875 0.0484375 0.240625
0 0.70078125 0.5703125 0.01015625 0.025