0 0.1109375 0.65703125 0.11640625 0.6125
0 0.0953125 0.60234375 0.1546875 0.68046875
0 0.228125 0.6390625 0.1203125 0.584375
0 0.228125 0.60078125 0.13671875 0.61015625
0 0.3375 0.61875 0.11953125 0.54375
0 0.3625 0.67265625 0.14609375 0.48359375
0 0.446875 0.62890625 0.075 0.52421875
0 0.4984375 0.67265625 0.10859375 0.48984375
0 0.48671875 0.59140625 0.128125 0.57265625
0 0.578125 0.621875 0.1265625 0.5625
0 0.653125 0.634375 0.10390625 0.55625
0 0.76015625 0.60859375 0.1546875 0.65859375
0 0.925 0.39453125 0.06328125 0.11953125
0 0.43125 0.38984375 0.0328125 0.08359375
0 0.9578125 0.39140625 0.02890625 0.12578125
0 0.3734375 0.41875 0.03828125 0.10859375
0 0.16796875 0.55234375 0.065625 0.453125
0 0.4359375 0.3765625 0.07109375 0.11328125
0 0.534375 0.36796875 0.0609375 0.10703125
0 0.678125 0.34140625 0.08828125 0.07421875
0 0.7984375 0.3609375 0.0859375 0.10703125
0 0.9171875 0.334375 0.0609375 0.06640625
0 0.9734375 0.37265625 0.05234375 0.13046875
0 0.15625 0.77578125 0.0703125 0.10703125
0 0.0578125 0.76640625 0.06015625 0.0875
0 0.621875 0.40390625 0.03046875 0.059375
0 0.5328125 0.74375 0.04453125 0.05390625
0 0.471875 0.7625 0.02109375 0.025