0 0.02109375 0.59921875 0.0421875 0.075
0 0.04453125 0.6234375 0.01796875 0.08828125
0 0.0578125 0.6328125 0.02734375 0.1046875
0 0.0765625 0.65390625 0.04765625 0.17734375
0 0.09765625 0.596875 0.0140625 0.0328125
0 0.10625 0.60703125 0.01796875 0.0609375
0 0.14296875 0.76953125 0.1109375 0.43203125
0 0.18203125 0.62421875 0.05078125 0.134375
0 0.20625 0.57734375 0.02578125 0.046875
0 0.23984375 0.75859375 0.103125 0.446875
0 0.25078125 0.6578125 0.10625 0.259375
0 0.3 0.6875 0.05546875 0.26328125
0 0.33359375 0.6609375 0.03671875 0.2234375
0 0.35234375 0.6609375 0.03125 0.225
0 0.37890625 0.76328125 0.1421875 0.440625
0 0.44375 0.7390625 0.109375 0.4265625
0 0.54609375 0.68125 0.06328125 0.22734375
0 0.496875 0.6109375 0.02421875 0.0890625
0 0.58515625 0.6609375 0.04140625 0.190625
0 0.60234375 0.62109375 0.0265625 0.1
0 0.62421875 0.61796875 0.0234375 0.08671875
0 0.6453125 0.66953125 0.04609375 0.17890625
0 0.66796875 0.62578125 0.0296875 0.1203125
0 0.65546875 0.578125 0.01015625 0.01953125
0 0.7109375 0.67109375 0.046875 0.25703125
0 0.73671875 0.7078125 0.08984375 0.365625
0 0.7890625 0.69375 0.05390625 0.25078125
0 0.83515625 0.68984375 0.0828125 0.26484375
0 0.88359375 0.64296875 0.01484375 0.07734375
0 0.896875 0.6390625 0.03828125 0.134375
0 0.92578125 0.63828125 0.01953125 0.09609375
0 0.94375 0.62890625 0.040625 0.115625
0 0.94140625 0.73359375 0.06484375 0.13046875
0 0.9578125 0.63203125 0.02265625 0.12734375
0 0.98125 0.6234375 0.0328125 0.09140625
0 0.80625 0.5875 0.1109375 0.0484375
0 0.440625 0.378125 0.0421875 0.08359375
0 0.57421875 0.38046875 0.04375 0.0765625
0 0.6203125 0.325 0.03046875 0.0703125
0 0.5671875 0.29296875 0.04375 0.03828125
0 0.43984375 0.29453125 0.046875 0.0359375
0 0.68125 0.59921875 0.03828125 0.12734375
0 0.4265625 0.55703125 0.1828125 0.14921875
0 0.58984375 0.54609375 0.1453125 0.12421875
0 0.45859375 0.45234375 0.09609375 0.06171875
0 0.546875 0.4546875 0.0578125 0.0609375
0 0.25625 0.7734375 0.2515625 0.1671875
0 0.29765625 0.58984375 0.0765625 0.05703125
0 0.49453125 0.6453125 0.03125 0.028125
0 0.16484375 0.5859375 0.02265625 0.03984375
0 0.08046875 0.6046875 0.0703125 0.0703125
0 0.05078125 0.56484375 0.00703125 0.01171875
0 0.2171875 0.575 0.02734375 0.03671875