0 0.703125 0.31640625 0.00859375 0.0390625
0 0.69296875 0.34140625 0.01484375 0.09140625
0 0.690625 0.3390625 0.01875 0.09296875
0 0.65546875 0.31953125 0.01484375 0.0453125
0 0.65859375 0.421875 0.034375 0.2140625
0 0.6546875 0.42109375 0.02890625 0.21328125
0 0.596875 0.36171875 0.01640625 0.0328125
0 0.5765625 0.34765625 0.015625 0.06640625
0 0.61484375 0.34375 0.0234375 0.0578125
0 0.60234375 0.68515625 0.1 0.62734375
0 0.540625 0.4203125 0.03125 0.22421875
0 0.4640625 0.4296875 0.03515625 0.2109375
0 0.47109375 0.34609375 0.0109375 0.03125
0 0.425 0.4296875 0.03125 0.22265625
0 0.34765625 0.35 0.03046875 0.1578125
0 0.3015625 0.31796875 0.01640625 0.078125
0 0.2421875 0.4765625 0.04921875 0.20234375
0 0.20625 0.5046875 0.04296875 0.1359375
0 0.1625 0.51171875 0.0734375 0.31875
0 0.12734375 0.42265625 0.03359375 0.11953125
0 0.07734375 0.4671875 0.06484375 0.1140625
0 0.034375 0.56640625 0.06875 0.18671875
0 0.26640625 0.31484375 0.01640625 0.03828125
0 0.4 0.32109375 0.0171875 0.040625