0 0.92109375 0.67265625 0.13515625 0.65
0 0.884375 0.65625 0.08515625 0.6828125
0 0.82421875 0.7296875 0.0984375 0.53515625
0 0.7671875 0.7890625 0.07265625 0.4171875
0 0.6796875 0.66875 0.1296875 0.6578125
0 0.55 0.65859375 0.178125 0.67734375
0 0.43671875 0.7671875 0.10859375 0.46015625
0 0.40390625 0.68515625 0.04453125 0.3
0 0.3484375 0.8 0.096875 0.3953125
0 0.23203125 0.7375 0.12578125 0.5203125
0 0.08828125 0.69140625 0.1703125 0.6125
0 0.3375 0.65 0.0484375 0.13984375
0 0.6296875 0.4 0.3890625 0.2546875
0 0.0171875 0.37265625 0.01953125 0.11484375
0 0.371875 0.88359375 0.01171875 0.1125
0 0.36484375 0.42890625 0.071875 0.2171875