0 0.06484375 0.784375 0.03984375 0.13203125
0 0.228125 0.78515625 0.09375 0.13828125
0 0.259375 0.80078125 0.04765625 0.09453125
0 0.32265625 0.8265625 0.0421875 0.15
0 0.35546875 0.83046875 0.03125 0.15390625
0 0.38671875 0.82578125 0.04453125 0.171875
0 0.4203125 0.82265625 0.040625 0.15390625
0 0.42578125 0.771875 0.02265625 0.0890625
0 0.5171875 0.846875 0.0765625 0.3015625
0 0.5484375 0.73984375 0.0265625 0.08671875
0 0.56015625 0.80390625 0.04765625 0.16796875
0 0.59140625 0.7671875 0.03515625 0.1421875
0 0.6140625 0.7859375 0.04375 0.1796875
0 0.64765625 0.80546875 0.0328125 0.13984375
0 0.68828125 0.75625 0.02109375 0.0765625
0 0.6984375 0.70390625 0.02109375 0.075
0 0.71484375 0.7453125 0.02265625 0.09453125
0 0.7421875 0.80078125 0.05 0.1890625
0 0.7796875 0.7453125 0.025 0.0984375
0 0.8109375 0.75078125 0.03515625 0.08515625
0 0.796875 0.8734375 0.06484375 0.2484375
0 0.82265625 0.875 0.04453125 0.24296875
0 0.8421875 0.734375 0.0265625 0.053125
0 0.8875 0.75859375 0.06484375 0.14375
0 0.94609375 0.75625 0.065625 0.14375
0 0.9625 0.86328125 0.07265625 0.2703125
0 0.8765625 0.84453125 0.06328125 0.29609375
0 0.09375 0.77734375 0.03828125 0.075
0 0.309375 0.7515625 0.02109375 0.075
0 0.33359375 0.73984375 0.01953125 0.0671875
0 0.346875 0.73984375 0.01953125 0.0671875
0 0.3890625 0.73203125 0.01953125 0.06328125
0 0.4421875 0.7484375 0.01328125 0.0765625
0 0.446875 0.74375 0.0171875 0.0828125
0 0.46015625 0.7484375 0.015625 0.06875
0 0.603125 0.71328125 0.0171875 0.0375
0 0.675 0.75078125 0.01875 0.06875
0 0.93125 0.75625 0.134375 0.15546875
0 0.5234375 0.73828125 0.1421875 0.09296875
0 0.7375 0.74375 0.240625 0.10625
0 0.29296875 0.74375 0.2828125 0.0984375