0 0.46953125 0.775 0.9390625 0.4484375
0 0.17421875 0.45 0.10234375 0.11875
0 0.24921875 0.47421875 0.13359375 0.18671875
0 0.4015625 0.553125 0.2375 0.33984375
0 0.53828125 0.5859375 0.246875 0.40234375
0 0.7234375 0.58671875 0.2171875 0.4828125
0 0.83125 0.65703125 0.284375 0.63359375
0 0.8984375 0.675 0.2 0.64140625
0 0.69296875 0.3890625 0.06953125 0.11015625
0 0.6484375 0.3984375 0.06796875 0.09375
0 0.43671875 0.4125 0.17890625 0.09375
0 0.44453125 0.3921875 0.14921875 0.096875
0 0.35859375 0.4171875 0.10625 0.08203125
0 0.321875 0.40234375 0.0953125 0.0796875
0 0.19453125 0.38203125 0.059375 0.0609375
0 0.146875 0.39765625 0.08828125 0.06640625
0 0.09140625 0.42265625 0.08828125 0.09453125
0 0.0703125 0.465625 0.140625 0.12890625
0 0.0609375 0.4078125 0.121875 0.11015625
0 0.06796875 0.503125 0.13203125 0.16796875
0 0.028125 0.39765625 0.05546875 0.046875
0 0.11640625 0.3875 0.03828125 0.025
0 0.178125 0.3890625 0.01875 0.0125
0 0.3046875 0.3640625 0.0296875 0.059375
0 0.38828125 0.35625 0.08125 0.0484375
0 0.56875 0.365625 0.14765625 0.05625
0 0.5078125 0.41171875 0.02578125 0.03828125
0 0.69375 0.42109375 0.10625 0.05390625
0 0.81171875 0.3546875 0.046875 0.0171875
0 0.9515625 0.37578125 0.0796875 0.10234375