0 0.08046875 0.55390625 0.15625 0.64609375
0 0.165625 0.58359375 0.1375 0.56875
0 0.1921875 0.29375 0.09921875 0.2140625
0 0.2171875 0.5671875 0.08671875 0.5296875
0 0.284375 0.55625 0.1 0.51015625
0 0.28984375 0.4765625 0.1078125 0.6125
0 0.3328125 0.65 0.15234375 0.44296875
0 0.3484375 0.45 0.103125 0.23671875
0 0.4171875 0.58515625 0.1109375 0.471875
0 0.3828125 0.309375 0.1109375 0.259375
0 0.4609375 0.49140625 0.10390625 0.56953125
0 0.53203125 0.20703125 0.12265625 0.1765625
0 0.5265625 0.3140625 0.09375 0.2046875
0 0.5875 0.234375 0.07890625 0.16953125
0 0.5125 0.590625 0.1125 0.4640625
0 0.5671875 0.67578125 0.1828125 0.49296875
0 0.60703125 0.56484375 0.1328125 0.51171875
0 0.6125 0.30703125 0.09609375 0.19765625
0 0.68125 0.30390625 0.084375 0.225
0 0.69375 0.57421875 0.10703125 0.5171875
0 0.77890625 0.578125 0.1625 0.56484375
0 0.7515625 0.51171875 0.12890625 0.553125
0 0.81796875 0.51328125 0.17109375 0.615625
0 0.940625 0.5359375 0.1171875 0.64765625