0 0.11015625 0.57265625 0.196875 0.85078125
0 0.16796875 0.52734375 0.0859375 0.70546875
0 0.24609375 0.5625 0.15390625 0.740625
0 0.28203125 0.521875 0.08984375 0.66171875
0 0.35546875 0.503125 0.1015625 0.6640625
0 0.4328125 0.5078125 0.146875 0.63828125
0 0.46640625 0.4859375 0.1484375 0.59140625
0 0.4359375 0.22578125 0.09609375 0.17265625
0 0.5328125 0.22421875 0.06015625 0.1453125
0 0.584375 0.46328125 0.125 0.70703125
0 0.68125 0.45859375 0.12890625 0.665625
0 0.678125 0.51640625 0.13125 0.7390625
0 0.79609375 0.51484375 0.13671875 0.640625
0 0.79140625 0.58359375 0.140625 0.6796875
0 0.89296875 0.271875 0.1328125 0.2375
0 0.884375 0.6171875 0.20703125 0.7625