0 0.034375 0.61328125 0.06875 0.54453125
0 0.06875 0.56953125 0.109375 0.47109375
0 0.14921875 0.3859375 0.0265625 0.08515625
0 0.16640625 0.38125 0.0234375 0.0765625
0 0.18515625 0.3578125 0.0203125 0.03359375
0 0.22421875 0.38125 0.0203125 0.071875
0 0.27578125 0.3703125 0.0171875 0.05390625
0 0.18046875 0.5265625 0.0828125 0.29609375
0 0.23984375 0.54609375 0.1109375 0.40546875
0 0.30859375 0.62890625 0.1671875 0.5625
0 0.3578125 0.3859375 0.05 0.0984375
0 0.3953125 0.56953125 0.078125 0.4171875
0 0.41796875 0.39453125 0.0453125 0.0765625
0 0.421875 0.36640625 0.059375 0.1140625
0 0.45625 0.51484375 0.05625 0.29375
0 0.48984375 0.378125 0.0421875 0.0875
0 0.4890625 0.51875 0.065625 0.31171875
0 0.50390625 0.540625 0.0453125 0.31875
0 0.54921875 0.55859375 0.1234375 0.4796875
0 0.6171875 0.53828125 0.05625 0.35859375
0 0.66484375 0.59765625 0.1171875 0.55859375
0 0.71015625 0.54140625 0.0671875 0.38828125
0 0.73515625 0.44609375 0.0484375 0.26484375
0 0.7640625 0.4171875 0.05 0.215625
0 0.83828125 0.59765625 0.1359375 0.45078125
0 0.92578125 0.5359375 0.1078125 0.475
0 0.9765625 0.53046875 0.04375 0.4015625
0 0.8140625 0.49453125 0.1 0.428125
0 0.13125 0.3421875 0.021875 0.03828125
0 0.384375 0.35234375 0.034375 0.02265625
0 0.45390625 0.3578125 0.0609375 0.03359375
0 0.515625 0.34296875 0.025 0.02265625
0 0.6859375 0.35234375 0.021875 0.03125
0 0.71015625 0.3421875 0.0203125 0.0203125
0 0.79140625 0.33515625 0.0140625 0.025
0 0.8703125 0.3640625 0.0875 0.11875
0 0.95859375 0.33203125 0.0296875 0.0625
0 0.5875 0.3609375 0.04375 0.08515625
0 0.096875 0.703125 0.053125 0.1640625
0 0.215625 0.37421875 0.0125 0.071875
0 0.2734375 0.3859375 0.025 0.04921875
0 0.7609375 0.32734375 0.025 0.04921875