0 0.209375 0.61484375 0.2359375 0.76640625
0 0.2625 0.6203125 0.346875 0.75625
0 0.34765625 0.6265625 0.159375 0.74296875
0 0.42421875 0.35 0.0625 0.171875
0 0.46484375 0.615625 0.39453125 0.76484375
0 0.59765625 0.6421875 0.1578125 0.71171875
0 0.7046875 0.65078125 0.1625 0.69453125
0 0.7828125 0.67265625 0.2890625 0.6515625
0 0.91875 0.675 0.11015625 0.646875
0 0.92578125 0.43125 0.146875 0.2453125
0 0.9375 0.39609375 0.05546875 0.140625
0 0.1046875 0.0953125 0.0375 0.121875
0 0.8171875 0.1375 0.05703125 0.103125
0 0.959375 0.17890625 0.02109375 0.053125