0 0.04140625 0.60078125 0.040625 0.1765625
0 0.0890625 0.60078125 0.04609375 0.18203125
0 0.1109375 0.590625 0.028125 0.1515625
0 0.1484375 0.5828125 0.04140625 0.17109375
0 0.153125 0.57421875 0.03046875 0.140625
0 0.1859375 0.5859375 0.03125 0.1609375
0 0.20625 0.59921875 0.02265625 0.1234375
0 0.21640625 0.5703125 0.0203125 0.11796875
0 0.2375 0.58515625 0.02578125 0.13203125
0 0.25625 0.56171875 0.0203125 0.07890625
0 0.278125 0.62421875 0.02421875 0.11796875
0 0.284375 0.590625 0.034375 0.175
0 0.3078125 0.6140625 0.028125 0.13359375
0 0.30703125 0.53828125 0.0171875 0.040625
0 0.359375 0.63046875 0.0328125 0.203125
0 0.34765625 0.621875 0.034375 0.20703125
0 0.3203125 0.5625 0.01171875 0.06640625
0 0.384375 0.56171875 0.0171875 0.0734375
0 0.40234375 0.553125 0.0109375 0.05
0 0.39765625 0.55078125 0.0078125 0.0484375
0 0.4546875 0.55546875 0.0109375 0.05
0 0.4625 0.5703125 0.0078125 0.03203125
0 0.490625 0.56015625 0.01015625 0.0484375
0 0.4828125 0.56171875 0.00859375 0.04609375
0 0.5625 0.584375 0.025 0.121875
0 0.5265625 0.56328125 0.015625 0.05703125
0 0.58203125 0.565625 0.0171875 0.0625
0 0.62109375 0.5921875 0.0296875 0.06796875
0 0.66875 0.59921875 0.025 0.065625
0 0.6515625 0.59609375 0.02734375 0.06953125
0 0.7625 0.571875 0.01484375 0.05859375
0 0.8 0.58828125 0.0171875 0.09296875
0 0.81875 0.59453125 0.01484375 0.09453125
0 0.87890625 0.5765625 0.0140625 0.08046875
0 0.90546875 0.57265625 0.015625 0.05703125
0 0.9796875 0.621875 0.0375 0.15390625
0 0.4765625 0.553125 0.42265625 0.075
0 0.828125 0.57265625 0.02578125 0.065625