0 0.06015625 0.396875 0.078125 0.24140625
0 0.0578125 0.41171875 0.08828125 0.290625
0 0.07578125 0.271875 0.10546875 0.1875
0 0.18359375 0.28515625 0.12109375 0.19609375
0 0.14375 0.44375 0.1 0.37109375
0 0.2546875 0.421875 0.134375 0.2859375
0 0.25703125 0.4203125 0.13046875 0.28203125
0 0.36796875 0.39140625 0.08046875 0.2359375
0 0.434375 0.40390625 0.2125 0.225
0 0.51171875 0.421875 0.103125 0.2734375
0 0.58515625 0.34765625 0.07734375 0.20703125
0 0.6515625 0.36796875 0.08046875 0.2359375
0 0.52578125 0.3140625 0.12734375 0.2
0 0.70703125 0.34609375 0.06875 0.21640625
0 0.7625 0.2953125 0.06484375 0.09609375
0 0.73671875 0.41796875 0.08125 0.2359375
0 0.79765625 0.3296875 0.075 0.09609375
0 0.78515625 0.46015625 0.096875 0.234375
0 0.87421875 0.43359375 0.12109375 0.1359375
0 0.83828125 0.4328125 0.06875 0.29609375
0 0.9 0.34296875 0.08515625 0.1609375
0 0.95234375 0.51796875 0.09375 0.48046875
0 0.05 0.603125 0.1 0.284375
0 0.1421875 0.6140625 0.13203125 0.2859375
0 0.25078125 0.57109375 0.11015625 0.221875
0 0.325 0.6015625 0.11875 0.275
0 0.41015625 0.58359375 0.084375 0.2859375
0 0.49296875 0.58671875 0.103125 0.2734375
0 0.57890625 0.55234375 0.12890625 0.25703125
0 0.63828125 0.4890625 0.20703125 0.15
0 0.59765625 0.62734375 0.11328125 0.30390625
0 0.69296875 0.646875 0.14375 0.328125
0 0.63984375 0.2703125 0.084375 0.12109375
0 0.31328125 0.2828125 0.15546875 0.1015625
0 0.17109375 0.2875 0.05703125 0.08046875
0 0.4671875 0.2859375 0.15546875 0.08046875
0 0.8140625 0.30703125 0.06171875 0.078125