0 0.978125 0.51015625 0.0421875 0.21171875
0 0.8484375 0.56328125 0.0875 0.290625
0 0.81796875 0.4453125 0.015625 0.053125
0 0.79375 0.46328125 0.02109375 0.078125
0 0.76484375 0.46953125 0.03984375 0.10234375
0 0.74609375 0.5515625 0.06640625 0.275
0 0.67890625 0.63984375 0.13046875 0.5109375
0 0.6109375 0.4609375 0.0140625 0.046875
0 0.5953125 0.46328125 0.01875 0.0515625
0 0.57578125 0.47421875 0.025 0.071875
0 0.55703125 0.45703125 0.01875 0.05546875
0 0.54609375 0.578125 0.0890625 0.3
0 0.50078125 0.54921875 0.04921875 0.2234375
0 0.45625 0.57421875 0.07890625 0.30078125
0 0.42109375 0.47890625 0.03046875 0.11171875
0 0.31640625 0.56171875 0.06640625 0.28359375
0 0.221875 0.509375 0.03671875 0.134375
0 0.2375 0.478125 0.01953125 0.075
0 0.25 0.49140625 0.01328125 0.0515625
0 0.26640625 0.478125 0.01875 0.05234375
0 0.17578125 0.484375 0.02109375 0.07265625
0 0.190625 0.4765625 0.01875 0.06796875
0 0.1375 0.5171875 0.04296875 0.15390625
0 0.090625 0.4859375 0.025 0.075
0 0.065625 0.4875 0.03046875 0.0828125
0 0.3640625 0.47734375 0.0203125 0.06796875
0 0.375 0.47421875 0.02265625 0.06796875
0 0.38203125 0.46796875 0.0140625 0.065625
0 0.396875 0.46015625 0.0125 0.04140625
0 0.4046875 0.459375 0.0109375 0.03984375
0 0.1015625 0.48125 0.01796875 0.06953125
0 0.11171875 0.4875 0.01640625 0.071875
0 0.12265625 0.46328125 0.01953125 0.02578125
0 0.01953125 0.559375 0.03828125 0.16953125
0 0.1578125 0.48515625 0.021875 0.07890625
0 0.18203125 0.4515625 0.00625 0.01875
0 0.20234375 0.478125 0.0125 0.05546875
0 0.26796875 0.4546875 0.084375 0.03359375
0 0.4328125 0.4390625 0.01796875 0.0140625
0 0.475 0.44921875 0.0171875 0.03203125
0 0.5109375 0.43359375 0.05078125 0.0109375
0 0.5125 0.45546875 0.03046875 0.03203125
0 0.5859375 0.4421875 0.075 0.021875
0 0.653125 0.4421875 0.02109375 0.0359375
0 0.7140625 0.4453125 0.02890625 0.0484375
0 0.778125 0.45234375 0.0234375 0.06875
0 0.80546875 0.453125 0.01640625 0.0546875
0 0.940625 0.45234375 0.03203125 0.09140625
0 0.28671875 0.48125 0.01328125 0.02265625
0 0.278125 0.48359375 0.00546875 0.025
0 0.38984375 0.45625 0.00625 0.03984375
0 0.34921875 0.4453125 0.02421875 0.021875