0 0.06015625 0.7296875 0.0625 0.425
0 0.09921875 0.72109375 0.03046875 0.45234375
0 0.12578125 0.71015625 0.0484375 0.4953125
0 0.16796875 0.73125 0.05859375 0.5328125
0 0.22265625 0.7265625 0.071875 0.4875
0 0.24296875 0.72890625 0.05 0.44765625
0 0.2921875 0.70625 0.034375 0.42734375
0 0.31796875 0.7328125 0.05859375 0.5296875
0 0.37421875 0.5984375 0.04453125 0.4125
0 0.4453125 0.7625 0.06015625 0.4703125
0 0.4390625 0.5546875 0.046875 0.13984375
0 0.4765625 0.7296875 0.05625 0.475
0 0.515625 0.75390625 0.0546875 0.4875
0 0.56171875 0.77734375 0.05625 0.43984375
0 0.5890625 0.7625 0.03984375 0.4703125
0 0.68515625 0.77890625 0.06796875 0.4375
0 0.62734375 0.52109375 0.040625 0.29765625
0 0.77109375 0.61484375 0.02890625 0.16015625
0 0.7921875 0.7671875 0.0875 0.46015625
0 0.86875 0.8078125 0.06171875 0.3796875
0 0.93125 0.8078125 0.07265625 0.3796875
0 0.8890625 0.70625 0.04296875 0.35234375
0 0.97265625 0.72265625 0.04453125 0.38984375
0 0.35859375 0.1171875 0.01484375 0.125
0 0.0625 0.6703125 0.0640625 0.2546875
0 0.23671875 0.71484375 0.0890625 0.4296875
0 0.4421875 0.5796875 0.11484375 0.1796875
0 0.61484375 0.4265625 0.0234375 0.09765625
0 0.83671875 0.66015625 0.0421875 0.21484375
0 0.91171875 0.6265625 0.028125 0.17734375
0 0.9921875 0.6015625 0.01328125 0.10234375
0 0.51640625 0.07109375 0.01484375 0.0578125
0 0.4296875 0.10390625 0.02578125 0.10234375
0 0.553125 0.12734375 0.01875 0.11484375