0 0.21875 0.6140625 0.0421875 0.1453125
0 0.325 0.69765625 0.10234375 0.31796875
0 0.35625 0.703125 0.103125 0.3171875
0 0.453125 0.57734375 0.06953125 0.1328125
0 0.44140625 0.69765625 0.0984375 0.315625
0 0.546875 0.7046875 0.08671875 0.296875
0 0.5671875 0.70625 0.09609375 0.29609375
0 0.63828125 0.7 0.071875 0.30703125
0 0.67734375 0.59765625 0.0453125 0.0984375
0 0.6890625 0.709375 0.09765625 0.28359375
0 0.759375 0.578125 0.04921875 0.08359375
0 0.771875 0.62890625 0.04921875 0.17734375
0 0.8375 0.54765625 0.03828125 0.05703125
0 0.8875 0.66484375 0.06015625 0.25859375
0 0.621875 0.61328125 0.03125 0.08515625