0 0.0734375 0.62109375 0.146875 0.75390625
0 0.15 0.7953125 0.040625 0.4046875
0 0.1984375 0.8046875 0.034375 0.38203125
0 0.2515625 0.78203125 0.03671875 0.403125
0 0.11484375 0.73828125 0.05625 0.43203125
0 0.32890625 0.6609375 0.06875 0.2609375
0 0.40859375 0.57421875 0.28515625 0.84765625
0 0.67109375 0.51171875 0.34140625 0.97265625
0 0.98125 0.70390625 0.03671875 0.27109375
0 0.8265625 0.68828125 0.028125 0.0734375
0 0.86640625 0.70078125 0.04453125 0.1484375
0 0.915625 0.64921875 0.02265625 0.1421875
0 0.93046875 0.63046875 0.01328125 0.09609375
0 0.88671875 0.628125 0.0203125 0.09609375
0 0.89375 0.6234375 0.0140625 0.10625
0 0.5359375 0.5953125 0.0359375 0.1
0 0.29296875 0.74296875 0.034375 0.2546875
0 0.95546875 0.678125 0.02109375 0.22109375
0 0.15390625 0.81328125 0.090625 0.36953125
0 0.27265625 0.7484375 0.0203125 0.26484375
0 0.3703125 0.62734375 0.06796875 0.08125
0 0.81953125 0.6203125 0.13515625 0.18828125
0 0.9203125 0.6265625 0.0484375 0.09609375
0 0.96484375 0.684375 0.01796875 0.1796875
0 0.9921875 0.68984375 0.0140625 0.2109375