0 0.90234375 0.8109375 0.08828125 0.24921875
0 0.73046875 0.82109375 0.16171875 0.353125
0 0.51640625 0.85234375 0.3296875 0.29140625
0 0.0921875 0.83125 0.14140625 0.32890625
0 0.33359375 0.8296875 0.18671875 0.3359375
0 0.63515625 0.83671875 0.18359375 0.321875
0 0.890625 0.84453125 0.1546875 0.30703125
0 0.265625 0.703125 0.0515625 0.153125
0 0.20546875 0.9078125 0.18515625 0.1796875
0 0.790625 0.834375 0.11171875 0.3265625
0 0.390625 0.7296875 0.08515625 0.17578125
0 0.21953125 0.7890625 0.0953125 0.1203125
0 0.17109375 0.70546875 0.11484375 0.153125
0 0.321875 0.67421875 0.08984375 0.10859375
0 0.4765625 0.65078125 0.2 0.10703125
0 0.7875 0.6609375 0.421875 0.1890625
0 0.44296875 0.74453125 0.0734375 0.084375