0 0.06640625 0.1578125 0.125 0.2421875
0 0.68984375 0.7375 0.2828125 0.52109375
0 0.45390625 0.7828125 0.2328125 0.43046875
0 0.3421875 0.7390625 0.14765625 0.5171875
0 0.2234375 0.7578125 0.1921875 0.48046875
0 0.66953125 0.51484375 0.26640625 0.965625
0 0.4703125 0.50703125 0.18125 0.63046875
0 0.32421875 0.38671875 0.1609375 0.52734375
0 0.7609375 0.55859375 0.18515625 0.87890625
0 0.5515625 0.54375 0.1171875 0.828125
0 0.359375 0.190625 0.12890625 0.2765625
0 0.4359375 0.24140625 0.0765625 0.32890625