0 0.04609375 0.4875 0.090625 0.428125
0 0.07734375 0.46484375 0.11796875 0.46875
0 0.17890625 0.4171875 0.14453125 0.37890625
0 0.24453125 0.5296875 0.2 0.225
0 0.2703125 0.3609375 0.09765625 0.334375
0 0.95390625 0.36328125 0.0859375 0.24765625
0 0.3671875 0.3578125 0.12890625 0.36875
0 0.4109375 0.4921875 0.13671875 0.1953125
0 0.50390625 0.50546875 0.109375 0.1953125
0 0.59921875 0.51328125 0.2703125 0.3203125
0 0.48203125 0.3140625 0.1125 0.240625
0 0.559375 0.2109375 0.13125 0.2265625
0 0.5609375 0.378125 0.09296875 0.2875
0 0.63359375 0.34453125 0.134375 0.24609375
0 0.72578125 0.3640625 0.1203125 0.334375
0 0.78828125 0.39765625 0.11640625 0.24609375
0 0.87265625 0.49765625 0.1296875 0.32578125
0 0.87578125 0.28046875 0.10859375 0.20703125
0 0.76875 0.15546875 0.103125 0.3109375
0 0.146875 0.740625 0.29296875 0.5171875
0 0.14375 0.2703125 0.09296875 0.1421875
0 0.253125 0.2234375 0.05625 0.12890625
0 0.32109375 0.22578125 0.04765625 0.11875
0 0.42109375 0.2546875 0.0484375 0.1234375
0 0.4625 0.175 0.0515625 0.0796875
0 0.5484375 0.2859375 0.04375 0.11328125
0 0.81953125 0.7296875 0.3578125 0.5375
0 0.98359375 0.33359375 0.03046875 0.25234375
0 0.46640625 0.815625 0.35078125 0.365625