0 0.04765625 0.76484375 0.0953125 0.46796875
0 0.14609375 0.76171875 0.1421875 0.47578125
0 0.084375 0.78671875 0.059375 0.42421875
0 0.18671875 0.778125 0.0578125 0.4421875
0 0.06875 0.6109375 0.059375 0.115625
0 0.2796875 0.74609375 0.1453125 0.50546875
0 0.21796875 0.76796875 0.06875 0.4625
0 0.2140625 0.60546875 0.03046875 0.0734375
0 0.29921875 0.59765625 0.02890625 0.0546875
0 0.39375 0.78203125 0.140625 0.434375
0 0.3484375 0.7671875 0.07421875 0.4640625
0 0.403125 0.778125 0.103125 0.44140625
0 0.48671875 0.7609375 0.128125 0.47734375
0 0.571875 0.7828125 0.128125 0.43359375
0 0.61328125 0.76875 0.0578125 0.3703125
0 0.6359375 0.78828125 0.05546875 0.421875
0 0.63515625 0.784375 0.05078125 0.42890625
0 0.690625 0.778125 0.1640625 0.44140625
0 0.76875 0.790625 0.08984375 0.41796875
0 0.87734375 0.771875 0.1921875 0.4546875
0 0.9515625 0.8640625 0.09609375 0.26953125
0 0.7265625 0.65 0.0390625 0.07265625
0 0.31640625 0.6265625 0.01640625 0.02578125