0 0.42109375 0.80625 0.03359375 0.1234375
0 0.40078125 0.7953125 0.02265625 0.0375
0 0.04453125 0.70234375 0.0890625 0.3359375
0 0.5046875 0.80625 0.02890625 0.1234375
0 0.5609375 0.8 0.04296875 0.12109375
0 0.8171875 0.78828125 0.0609375 0.1625
0 0.7765625 0.78515625 0.03125 0.09140625
0 0.92109375 0.7390625 0.05859375 0.2609375
0 0.9375 0.7359375 0.07734375 0.275
0 0.97421875 0.67734375 0.03203125 0.0984375
0 0.74921875 0.6265625 0.10390625 0.5359375
0 0.67265625 0.56484375 0.15 0.66953125
0 0.6484375 0.50390625 0.2 0.84296875
0 0.19140625 0.7828125 0.05703125 0.1515625
0 0.21953125 0.71875 0.0203125 0.06640625
0 0.2453125 0.78515625 0.03359375 0.1734375
0 0.25625 0.79453125 0.0484375 0.15390625
0 0.97421875 0.6984375 0.0484375 0.32890625
0 0.22265625 0.70390625 0.01875 0.02890625
0 0.70859375 0.78984375 0.02265625 0.09140625