0 0.20625 0.49140625 0.0328125 0.0328125
0 0.2390625 0.4984375 0.015625 0.0359375
0 0.01953125 0.503125 0.0109375 0.0359375
0 0.0109375 0.50546875 0.01171875 0.0328125
0 0.1375 0.80078125 0.12890625 0.396875
0 0.30078125 0.8015625 0.2609375 0.34453125
0 0.36015625 0.79765625 0.17109375 0.3234375
0 0.52734375 0.77421875 0.16171875 0.403125
0 0.66484375 0.7890625 0.1703125 0.371875
0 0.6921875 0.76484375 0.10703125 0.23359375
0 0.79375 0.815625 0.16328125 0.3671875
0 0.92578125 0.675 0.14609375 0.58203125
0 0.81875 0.5671875 0.12109375 0.32421875
0 0.7234375 0.57265625 0.11484375 0.32578125
0 0.61875 0.55078125 0.11796875 0.2796875
0 0.55 0.53984375 0.10625 0.203125
0 0.46875 0.65546875 0.1046875 0.45390625
0 0.3671875 0.57265625 0.30234375 0.33515625
0 0.27578125 0.6296875 0.12734375 0.378125
0 0.178125 0.59609375 0.3 0.328125
0 0.0734375 0.71484375 0.13515625 0.51953125
0 0.14765625 0.48671875 0.02890625 0.05078125
0 0.31484375 0.50078125 0.0203125 0.02734375
0 0.503125 0.49140625 0.025 0.015625
0 0.58828125 0.48203125 0.028125 0.03203125
0 0.7578125 0.47421875 0.07890625 0.040625
0 0.66015625 0.4828125 0.06015625 0.02734375
0 0.68125 0.56796875 0.0203125 0.04375
0 0.98984375 0.51953125 0.01796875 0.09296875
0 0.98359375 0.69921875 0.03125 0.2171875
0 0.02265625 0.55546875 0.03671875 0.034375
0 0.44140625 0.4953125 0.02265625 0.01640625