0 0.0796875 0.55234375 0.13359375 0.54921875
0 0.153125 0.58125 0.14140625 0.49375
0 0.20234375 0.53203125 0.08203125 0.49609375
0 0.259375 0.52890625 0.1203125 0.53359375
0 0.30546875 0.3359375 0.05546875 0.1328125
0 0.3421875 0.540625 0.11015625 0.4703125
0 0.39375 0.50859375 0.071875 0.43125
0 0.44609375 0.515625 0.1109375 0.49765625
0 0.4328125 0.59140625 0.1 0.40859375
0 0.52109375 0.54453125 0.1140625 0.49765625
0 0.5734375 0.5234375 0.07421875 0.46328125
0 0.615625 0.5765625 0.09765625 0.45703125
0 0.66328125 0.5375 0.078125 0.4625
0 0.7140625 0.56875 0.1234375 0.50625
0 0.74140625 0.5296875 0.0453125 0.453125
0 0.80546875 0.53515625 0.1359375 0.53125
0 0.93203125 0.584375 0.13359375 0.5640625
0 0.37578125 0.25 0.02265625 0.09609375
0 0.57421875 0.25703125 0.01953125 0.084375