0 0.93046875 0.70390625 0.11484375 0.54765625
0 0.8796875 0.5015625 0.053125 0.1375
0 0.8390625 0.72109375 0.0953125 0.4875
0 0.71328125 0.69609375 0.08359375 0.4171875
0 0.77578125 0.675 0.09140625 0.4546875
0 0.81328125 0.67734375 0.03984375 0.4296875
0 0.74609375 0.4796875 0.03515625 0.08984375
0 0.7109375 0.46015625 0.04140625 0.075
0 0.7078125 0.54765625 0.06484375 0.1703125
0 0.675 0.5125 0.03359375 0.11484375
0 0.646875 0.68515625 0.05703125 0.4203125
0 0.59765625 0.5328125 0.05859375 0.1203125
0 0.53828125 0.66640625 0.06328125 0.3828125
0 0.4359375 0.51640625 0.08203125 0.1625
0 0.49609375 0.525 0.0484375 0.1296875
0 0.3953125 0.5171875 0.06328125 0.15
0 0.33828125 0.51875 0.06640625 0.12734375
0 0.2640625 0.5234375 0.06171875 0.12265625
0 0.3046875 0.50625 0.046875 0.10234375
0 0.21953125 0.5140625 0.071875 0.17265625
0 0.153125 0.65 0.06640625 0.375
0 0.10234375 0.6453125 0.078125 0.3796875
0 0.62421875 0.45859375 0.028125 0.0625
0 0.57734375 0.51640625 0.0453125 0.15234375
0 0.63203125 0.51015625 0.03671875 0.08984375
0 0.528125 0.48984375 0.03984375 0.1
0 0.3484375 0.47734375 0.05703125 0.1
0 0.25390625 0.46875 0.03203125 0.0671875
0 0.1921875 0.49765625 0.03828125 0.16484375
0 0.1375 0.6234375 0.04140625 0.37734375
0 0.47265625 0.5046875 0.03515625 0.08984375
0 0.440625 0.4515625 0.03515625 0.05234375
0 0.79765625 0.45 0.11796875 0.08515625