0 0.05078125 0.66171875 0.1015625 0.6734375
0 0.11328125 0.50859375 0.14296875 0.43359375
0 0.19140625 0.5234375 0.0953125 0.40234375
0 0.31796875 0.3890625 0.0859375 0.23671875
0 0.434375 0.37109375 0.09921875 0.30625
0 0.6671875 0.29765625 0.02890625 0.0625
0 0.775 0.39375 0.053125 0.12734375
0 0.8671875 0.4234375 0.0796875 0.2
0 0.8921875 0.36953125 0.04296875 0.1765625
0 0.9828125 0.32265625 0.03359375 0.1859375
0 0.56328125 0.36328125 0.05234375 0.140625
0 0.2578125 0.75 0.21328125 0.49140625
0 0.31640625 0.51796875 0.06875 0.165625
0 0.3890625 0.5234375 0.1328125 0.20234375
0 0.409375 0.75234375 0.14453125 0.49296875
0 0.4875 0.55 0.09375 0.25078125
0 0.55859375 0.4421875 0.0875 0.16015625
0 0.52421875 0.75234375 0.165625 0.49375
0 0.646875 0.43203125 0.0875 0.17109375
0 0.67109375 0.559375 0.10859375 0.2234375
0 0.66484375 0.75859375 0.17265625 0.48125
0 0.7828125 0.7984375 0.09453125 0.19921875
0 0.89140625 0.7796875 0.21640625 0.4390625
0 0.95859375 0.47890625 0.08203125 0.2078125
0 0.84765625 0.59296875 0.21328125 0.2953125
0 0.78203125 0.6296875 0.1109375 0.2734375
0 0.746875 0.48359375 0.09375 0.228125
0 0.8296875 0.46796875 0.0640625 0.16015625
0 0.68359375 0.3578125 0.11953125 0.23515625
0 0.7421875 0.340625 0.0203125 0.0546875
0 0.609375 0.33203125 0.0796875 0.2265625
0 0.0296875 0.34609375 0.05859375 0.13828125
0 0.3859375 0.41328125 0.02890625 0.0265625
0 0.91796875 0.4734375 0.02421875 0.13984375
0 0.99296875 0.5140625 0.01328125 0.06640625
0 0.82265625 0.2984375 0.0578125 0.140625
0 0.97890625 0.3515625 0.0140625 0.08125