0 0.72734375 0.6484375 0.1515625 0.7015625
0 0.5921875 0.6609375 0.15859375 0.67578125
0 0.44765625 0.66796875 0.14375 0.66171875
0 0.303125 0.69453125 0.1859375 0.61015625
0 0.1875 0.6421875 0.1703125 0.7140625
0 0.859375 0.50078125 0.11484375 0.75078125
0 0.89453125 0.45703125 0.0796875 0.7390625
0 0.94375 0.45390625 0.0890625 0.73515625
0 0.7390625 0.4140625 0.14453125 0.3234375
0 0.6078125 0.3984375 0.12421875 0.26484375
0 0.49453125 0.57890625 0.10390625 0.71484375
0 0.340625 0.41953125 0.1375 0.34453125
0 0.20625 0.58515625 0.12109375 0.7015625
0 0.1078125 0.4828125 0.1421875 0.7609375
0 0.2390625 0.2390625 0.11484375 0.3296875
0 0.31171875 0.3765625 0.1296875 0.39296875
0 0.3921875 0.2921875 0.09921875 0.24609375
0 0.43359375 0.21328125 0.06328125 0.24140625
0 0.4859375 0.26953125 0.1125 0.2625
0 0.5421875 0.33671875 0.08359375 0.3421875
0 0.67890625 0.30234375 0.10546875 0.30859375
0 0.546875 0.18828125 0.08046875 0.1859375
0 0.60625 0.2578125 0.08046875 0.23671875
0 0.64140625 0.22578125 0.05546875 0.13828125
0 0.74765625 0.24921875 0.10625 0.3
0 0.7921875 0.4421875 0.0921875 0.7765625