0 0.92578125 0.315625 0.146875 0.3734375
0 0.9484375 0.590625 0.10078125 0.23671875
0 0.77578125 0.5203125 0.296875 0.65390625
0 0.8640625 0.2140625 0.08984375 0.27265625
0 0.80859375 0.17578125 0.0546875 0.08515625
0 0.67734375 0.41640625 0.125 0.40625
0 0.7265625 0.22109375 0.07734375 0.1453125
0 0.721875 0.15625 0.046875 0.08984375
0 0.6828125 0.13984375 0.034375 0.08828125
0 0.52265625 0.671875 0.2328125 0.47109375
0 0.60234375 0.35625 0.084375 0.190625
0 0.6515625 0.0984375 0.04296875 0.109375
0 0.6203125 0.18125 0.146875 0.2546875
0 0.52265625 0.30859375 0.06875 0.453125
0 0.4828125 0.36171875 0.13203125 0.5171875
0 0.403125 0.31484375 0.1078125 0.50703125
0 0.35625 0.2046875 0.10390625 0.2921875
0 0.32890625 0.21328125 0.0578125 0.35078125
0 0.390625 0.70234375 0.1828125 0.49296875
0 0.37578125 0.43359375 0.13515625 0.24296875
0 0.26328125 0.12734375 0.08203125 0.140625
0 0.26953125 0.31171875 0.14296875 0.4046875
0 0.19609375 0.14609375 0.07421875 0.13671875
0 0.2046875 0.65546875 0.33125 0.68671875
0 0.20703125 0.3671875 0.18203125 0.41640625
0 0.09765625 0.21640625 0.0890625 0.24140625
0 0.109375 0.14921875 0.13984375 0.25
0 0.0953125 0.15703125 0.11484375 0.221875
0 0.05859375 0.30625 0.1171875 0.25625
0 0.93046875 0.17578125 0.059375 0.1078125
0 0.76953125 0.175 0.03515625 0.09140625
0 0.59921875 0.028125 0.040625 0.0453125
0 0.55625 0.125 0.0546875 0.13359375
0 0.55859375 0.38203125 0.0390625 0.13203125
0 0.43671875 0.09296875 0.04765625 0.1109375
0 0.215625 0.06484375 0.02890625 0.071875
0 0.13046875 0.66796875 0.2609375 0.6578125
0 0.76015625 0.853125 0.47734375 0.290625