0 0.8875 0.6984375 0.1359375 0.6
0 0.78984375 0.66875 0.09140625 0.48125
0 0.71171875 0.7046875 0.1234375 0.58671875
0 0.65625 0.5796875 0.07890625 0.309375
0 0.5671875 0.68359375 0.165625 0.2375
0 0.59140625 0.56015625 0.09296875 0.29453125
0 0.51171875 0.57421875 0.0921875 0.259375
0 0.4296875 0.671875 0.121875 0.19375
0 0.409375 0.61015625 0.134375 0.29453125
0 0.2953125 0.66953125 0.121875 0.209375
0 0.3234375 0.6046875 0.0796875 0.265625
0 0.26640625 0.58046875 0.0953125 0.25078125
0 0.19140625 0.68359375 0.096875 0.2171875
0 0.18046875 0.57265625 0.09453125 0.2328125
0 0.1015625 0.78515625 0.14296875 0.4265625
0 0.08671875 0.60859375 0.1265625 0.3578125