0 0.278125 0.4140625 0.32421875 0.6265625
0 0.3828125 0.4234375 0.1453125 0.40546875
0 0.41484375 0.51875 0.19296875 0.6125
0 0.6015625 0.37578125 0.2296875 0.39296875
0 0.66875 0.434375 0.109375 0.4625
0 0.7484375 0.50625 0.1078125 0.67578125
0 0.8453125 0.51640625 0.16015625 0.79921875
0 0.10625 0.68515625 0.1328125 0.43671875
0 0.22734375 0.703125 0.17578125 0.44296875
0 0.38828125 0.69609375 0.16640625 0.41796875
0 0.52265625 0.63515625 0.13515625 0.4296875
0 0.565625 0.75859375 0.1734375 0.4375
0 0.70625 0.68046875 0.1796875 0.5046875
0 0.20625 0.4296875 0.134375 0.45234375