0 0.08828125 0.7859375 0.1578125 0.24609375
0 0.86484375 0.65234375 0.09375 0.3046875
0 0.9765625 0.60859375 0.0453125 0.27734375
0 0.959375 0.590625 0.0796875 0.26328125
0 0.7859375 0.63671875 0.06640625 0.278125
0 0.84296875 0.63046875 0.09296875 0.32109375
0 0.9171875 0.6296875 0.07890625 0.29921875
0 0.95390625 0.5796875 0.040625 0.22421875
0 0.9109375 0.48828125 0.07890625 0.12265625
0 0.725 0.6296875 0.0546875 0.265625
0 0.78828125 0.48984375 0.034375 0.05234375
0 0.7640625 0.58515625 0.05703125 0.23984375
0 0.728125 0.49296875 0.0359375 0.071875
0 0.675 0.62421875 0.05625 0.2828125
0 0.609375 0.64140625 0.07265625 0.29921875
0 0.6328125 0.62421875 0.03359375 0.26640625
0 0.59296875 0.54375 0.03984375 0.1515625
0 0.5734375 0.51171875 0.0296875 0.08984375
0 0.55703125 0.63359375 0.0484375 0.25234375
0 0.5296875 0.6453125 0.0875 0.26796875
0 0.53828125 0.5921875 0.071875 0.28046875
0 0.49296875 0.58515625 0.07421875 0.25625
0 0.46953125 0.53984375 0.03828125 0.1484375
0 0.4265625 0.62109375 0.06796875 0.29921875
0 0.3765625 0.6453125 0.090625 0.31796875
0 0.3671875 0.50625 0.02890625 0.06484375
0 0.325 0.57890625 0.03046875 0.25234375
0 0.32109375 0.603125 0.0828125 0.31484375
0 0.28984375 0.57890625 0.05703125 0.25
0 0.23984375 0.61328125 0.059375 0.26640625
0 0.240625 0.578125 0.05859375 0.246875
0 0.2125 0.4578125 0.02265625 0.03359375
0 0.19921875 0.5828125 0.06953125 0.23046875
0 0.1671875 0.61484375 0.075 0.29921875
0 0.12421875 0.51953125 0.05546875 0.1328125
0 0.0875 0.63671875 0.096875 0.30859375
0 0.0421875 0.6203125 0.0640625 0.26171875
0 0.06171875 0.5140625 0.0359375 0.0828125
0 0.06015625 0.45703125 0.02265625 0.0359375
0 0.19375 0.84765625 0.13984375 0.12421875
0 0.846875 0.48046875 0.09609375 0.04921875
0 0.75625 0.46328125 0.02421875 0.01015625
0 0.4421875 0.5046875 0.01953125 0.034375
0 0.4421875 0.68203125 0.0234375 0.11484375
0 0.3625 0.4625 0.059375 0.0375
0 0.0109375 0.58828125 0.021875 0.1703125
0 0.08515625 0.46171875 0.02578125 0.028125
0 0.51484375 0.49296875 0.01953125 0.03046875
0 0.49453125 0.66484375 0.025 0.07421875
0 0.76484375 0.68125 0.02578125 0.09921875