0 0.74453125 0.60625 0.16484375 0.74375
0 0.6953125 0.53984375 0.1265625 0.678125
0 0.68671875 0.3765625 0.146875 0.41875
0 0.5546875 0.47109375 0.12109375 0.49375
0 0.45390625 0.56875 0.2609375 0.77734375
0 0.42265625 0.55078125 0.18359375 0.61171875
0 0.159375 0.53203125 0.1296875 0.628125
0 0.04765625 0.52578125 0.0953125 0.746875
0 0.33671875 0.34296875 0.0453125 0.15234375
0 0.2984375 0.3296875 0.03984375 0.096875
0 0.22734375 0.37421875 0.04296875 0.2265625
0 0.24921875 0.38359375 0.03125 0.2046875
0 0.08125 0.278125 0.028125 0.14609375
0 0.109375 0.34296875 0.04296875 0.26484375
0 0.44609375 0.26640625 0.01640625 0.03203125
0 0.38203125 0.3078125 0.034375 0.065625
0 0.37421875 0.290625 0.040625 0.10703125
0 0.3640625 0.2609375 0.01875 0.03203125
0 0.353125 0.3015625 0.028125 0.1109375
0 0.29765625 0.3328125 0.04375 0.10703125
0 0.28515625 0.2921875 0.03125 0.08359375
0 0.309375 0.28515625 0.0265625 0.06171875
0 0.253125 0.2515625 0.01640625 0.040625
0 0.2796875 0.25390625 0.0203125 0.028125
0 0.321875 0.27109375 0.01640625 0.0671875
0 0.25234375 0.25078125 0.01640625 0.03984375
0 0.00859375 0.2109375 0.0171875 0.12265625
0 0.10703125 0.453125 0.0421875 0.1890625
0 0.30234375 0.2640625 0.28828125 0.115625
0 0.70625 0.39921875 0.0734375 0.203125