0 0.03515625 0.60390625 0.0703125 0.7875
0 0.0875 0.43984375 0.06953125 0.50859375
0 0.10859375 0.71171875 0.07890625 0.571875
0 0.19140625 0.68359375 0.0828125 0.628125
0 0.2703125 0.6953125 0.078125 0.60390625
0 0.3671875 0.66640625 0.11484375 0.6625
0 0.47890625 0.68828125 0.0984375 0.61875
0 0.57421875 0.70546875 0.090625 0.584375
0 0.6734375 0.70546875 0.09375 0.584375
0 0.77890625 0.72265625 0.0875 0.55
0 0.87890625 0.72890625 0.109375 0.53828125
0 0.9640625 0.6671875 0.06953125 0.66015625
0 0.96015625 0.4390625 0.078125 0.5453125
0 0.9046875 0.45234375 0.07734375 0.40078125
0 0.86953125 0.4765625 0.065625 0.51796875
0 0.821875 0.4671875 0.07890625 0.6109375
0 0.77109375 0.45078125 0.06796875 0.4421875
0 0.72890625 0.49140625 0.06484375 0.69453125
0 0.6890625 0.5796875 0.07734375 0.80234375
0 0.6546875 0.49765625 0.05625 0.7796875
0 0.6171875 0.56015625 0.08359375 0.83125
0 0.5734375 0.2765625 0.0625 0.303125
0 0.53359375 0.43515625 0.08203125 0.54765625
0 0.50625 0.28828125 0.04140625 0.27890625
0 0.471875 0.3640625 0.05859375 0.31328125
0 0.43828125 0.49375 0.04453125 0.71875
0 0.40390625 0.45625 0.05859375 0.46171875
0 0.371875 0.225 0.0609375 0.259375
0 0.32734375 0.57578125 0.07578125 0.74609375
0 0.2828125 0.51015625 0.06640625 0.76015625
0 0.23046875 0.47421875 0.06796875 0.596875
0 0.18984375 0.24609375 0.0609375 0.2765625
0 0.15546875 0.56484375 0.07578125 0.7484375
0 0.1171875 0.27734375 0.053125 0.23203125
0 0.14765625 0.87890625 0.00546875 0.04609375