0 0.9734375 0.03984375 0.05 0.0796875
0 0.93671875 0.0828125 0.06015625 0.1421875
0 0.890625 0.059375 0.06640625 0.09140625
0 0.840625 0.040625 0.08125 0.08125
0 0.66015625 0.04140625 0.0453125 0.0796875
0 0.63671875 0.0296875 0.04609375 0.05859375
0 0.5796875 0.04921875 0.05859375 0.0984375
0 0.51171875 0.01796875 0.0265625 0.0359375
0 0.53515625 0.05390625 0.04765625 0.0953125
0 0.51484375 0.07578125 0.0546875 0.08359375
0 0.57265625 0.07578125 0.06171875 0.0890625
0 0.57890625 0.0828125 0.0484375 0.075
0 0.4515625 0.06875 0.0625 0.11015625
0 0.45 0.0796875 0.04375 0.0859375
0 0.9703125 0.121875 0.05 0.12109375
0 0.98046875 0.1625 0.03671875 0.1203125
0 0.97890625 0.25390625 0.040625 0.19765625
0 0.953125 0.190625 0.04296875 0.10390625
0 0.86796875 0.1140625 0.0453125 0.11875
0 0.9 0.1234375 0.0390625 0.08125
0 0.92734375 0.1484375 0.04375 0.09609375
0 0.90390625 0.1984375 0.0421875 0.1265625
0 0.92265625 0.23984375 0.0515625 0.1203125
0 0.940625 0.30859375 0.0625 0.08984375
0 0.97578125 0.33125 0.046875 0.0703125
0 0.87109375 0.1625 0.05078125 0.0828125
0 0.86875 0.24296875 0.06328125 0.1234375
0 0.88671875 0.2921875 0.07265625 0.1359375
0 0.85546875 0.3578125 0.0390625 0.0671875
0 0.88203125 0.5234375 0.03359375 0.0484375
0 0.83359375 0.09140625 0.05625 0.12265625
0 0.815625 0.140625 0.05625 0.08359375
0 0.83671875 0.2078125 0.04375 0.10625
0 0.81171875 0.171875 0.0421875 0.06875
0 0.81171875 0.25703125 0.06875 0.1140625
0 0.8203125 0.29375 0.065625 0.10234375
0 0.83046875 0.3359375 0.05 0.10625
0 0.8 0.3703125 0.06015625 0.075
0 0.7921875 0.2265625 0.06171875 0.1015625
0 0.80234375 0.11796875 0.0734375 0.1390625
0 0.76953125 0.10234375 0.05 0.11484375
0 0.7203125 0.12578125 0.0578125 0.1390625
0 0.74375 0.06875 0.05078125 0.1125
0 0.75 0.18359375 0.06015625 0.11015625
0 0.7515625 0.18046875 0.0609375 0.1109375
0 0.75 0.28046875 0.0640625 0.11875
0 0.76875 0.29375 0.05234375 0.0828125
0 0.759375 0.340625 0.06640625 0.12890625
0 0.68671875 0.0625 0.03828125 0.08515625
0 0.63125 0.0875 0.04765625 0.0921875
0 0.6625 0.1 0.04296875 0.0828125
0 0.69453125 0.1359375 0.05546875 0.1109375
0 0.6890625 0.19296875 0.04375 0.09375
0 0.715625 0.234375 0.0546875 0.09375
0 0.67109375 0.28515625 0.03984375 0.1125
0 0.69921875 0.31640625 0.05625 0.0953125
0 0.6875 0.3625 0.06640625 0.12265625
0 0.72890625 0.378125 0.06796875 0.0859375
0 0.890625 0.3390625 0.04765625 0.0921875
0 0.92890625 0.33515625 0.059375 0.0796875
0 0.62265625 0.13984375 0.04921875 0.09765625
0 0.640625 0.19765625 0.05234375 0.1
0 0.6640625 0.16796875 0.046875 0.1015625
0 0.63359375 0.24453125 0.06328125 0.11640625
0 0.6109375 0.28359375 0.07578125 0.1328125
0 0.6453125 0.3265625 0.05625 0.09609375
0 0.66171875 0.39140625 0.05078125 0.07265625
0 0.590625 0.1171875 0.04375 0.08515625
0 0.56875 0.15390625 0.0625 0.10234375
0 0.58984375 0.1734375 0.0484375 0.0921875
0 0.5765625 0.21640625 0.04296875 0.1046875
0 0.5640625 0.2484375 0.053125 0.09609375
0 0.58203125 0.34765625 0.0453125 0.0921875
0 0.52421875 0.24296875 0.04375 0.1140625
0 0.5203125 0.1015625 0.04921875 0.0921875
0 0.5390625 0.13828125 0.040625 0.07890625
0 0.51484375 0.17734375 0.06171875 0.11015625
0 0.4546875 0.10625 0.05625 0.0953125
0 0.4828125 0.13828125 0.04140625 0.08359375
0 0.45546875 0.175 0.03359375 0.07734375
0 0.4828125 0.20234375 0.071875 0.1
0 0.46328125 0.2453125 0.04921875 0.09609375
0 0.3859375 0.09765625 0.02265625 0.0671875
0 0.3625 0.06484375 0.05 0.1296875
0 0.40390625 0.1234375 0.05 0.0984375
0 0.4203125 0.14921875 0.053125 0.0984375
0 0.4078125 0.1953125 0.053125 0.09375
0 0.43984375 0.24296875 0.03125 0.07890625
0 0.421875 0.259375 0.0359375 0.0484375
0 0.4125 0.34921875 0.06484375 0.17109375
0 0.43984375 0.3640625 0.06875 0.1625
0 0.440625 0.4109375 0.05390625 0.1375
0 0.43984375 0.45 0.03125 0.0578125
0 0.38828125 0.4640625 0.03828125 0.05234375
0 0.3890625 0.0671875 0.05 0.13359375
0 0.38515625 0.09765625 0.025 0.0671875
0 0.36171875 0.125 0.053125 0.09765625
0 0.334375 0.11875 0.0375 0.0875
0 0.32734375 0.040625 0.04609375 0.0765625
0 0.3640625 0.16953125 0.05859375 0.09609375
0 0.35625 0.2125 0.06328125 0.1046875
0 0.3375 0.2453125 0.05859375 0.0765625
0 0.359375 0.296875 0.053125 0.10390625
0 0.33125 0.33671875 0.05 0.11640625
0 0.371875 0.38125 0.059375 0.1125
0 0.359375 0.4375 0.06484375 0.1203125
0 0.31484375 0.46796875 0.07578125 0.08359375
0 0.39296875 0.253125 0.03125 0.0890625
0 0.2765625 0.0703125 0.0375 0.11015625
0 0.29140625 0.05625 0.03828125 0.08515625
0 0.3109375 0.0921875 0.0421875 0.08984375
0 0.2890625 0.13203125 0.0375 0.08125
0 0.3140625 0.17734375 0.0359375 0.075
0 0.2953125 0.225 0.06015625 0.1328125
0 0.28359375 0.27421875 0.0609375 0.10625
0 0.2984375 0.32421875 0.05625 0.10390625
0 0.3109375 0.3984375 0.059375 0.11484375
0 0.27890625 0.45546875 0.05234375 0.11875
0 0.27578125 0.06171875 0.0359375 0.10390625
0 0.23984375 0.0515625 0.0453125 0.08515625
0 0.23984375 0.1078125 0.06171875 0.1171875
0 0.246875 0.11796875 0.059375 0.08125
0 0.24140625 0.153125 0.05 0.0890625
0 0.26015625 0.18828125 0.04921875 0.0765625
0 0.23671875 0.2171875 0.0640625 0.10390625
0 0.24765625 0.253125 0.05234375 0.1015625
0 0.26328125 0.3859375 0.06328125 0.1578125
0 0.22890625 0.321875 0.05546875 0.1109375
0 0.24453125 0.49375 0.0453125 0.0578125
0 0.3421875 0.6203125 0.08984375 0.1234375
0 0.20703125 0.09765625 0.05390625 0.1328125
0 0.17890625 0.14453125 0.06171875 0.07890625
0 0.16953125 0.16640625 0.0359375 0.06015625
0 0.2015625 0.19921875 0.0484375 0.0890625
0 0.17578125 0.228125 0.040625 0.0859375
0 0.1609375 0.2734375 0.06328125 0.09609375
0 0.15234375 0.2984375 0.05625 0.08984375
0 0.15390625 0.35703125 0.05 0.12890625
0 0.18515625 0.409375 0.06015625 0.1484375
0 0.17421875 0.49765625 0.065625 0.0875
0 0.13515625 0.4765625 0.0546875 0.13515625
0 0.1671875 0.03984375 0.0390625 0.0796875
0 0.153125 0.09765625 0.0515625 0.0875
0 0.153125 0.134375 0.04375 0.0984375
0 0.11171875 0.053125 0.04375 0.10625
0 0.1046875 0.08515625 0.053125 0.1171875
0 0.09609375 0.12265625 0.0359375 0.0828125
0 0.08984375 0.1609375 0.04375 0.08125
0 0.11640625 0.18125 0.034375 0.0921875
0 0.13828125 0.221875 0.0421875 0.10625
0 0.1046875 0.240625 0.06484375 0.09140625
0 0.10390625 0.2828125 0.05234375 0.11015625
0 0.09375 0.3171875 0.07265625 0.09375
0 0.11484375 0.42578125 0.07890625 0.1390625
0 0.22265625 0.43046875 0.07421875 0.1890625
0 0.0703125 0.1078125 0.03515625 0.08515625
0 0.0734375 0.03671875 0.0484375 0.0734375
0 0.03828125 0.0515625 0.0296875 0.08515625
0 0.0203125 0.06796875 0.040625 0.1359375
0 0.0265625 0.10390625 0.05234375 0.1046875
0 0.03125 0.1640625 0.04921875 0.11015625
0 0.0203125 0.2265625 0.03984375 0.10390625
0 0.03359375 0.2609375 0.06640625 0.11484375
0 0.0296875 0.3578125 0.059375 0.16875
0 0.04609375 0.43046875 0.05859375 0.1359375
0 0.125 0.3875 0.0625 0.1
0 0.07734375 0.35390625 0.0625 0.1203125
0 0.08359375 0.446875 0.0671875 0.1140625
0 0.065625 0.5125 0.05546875 0.1078125
0 0.10546875 0.5171875 0.0703125 0.0828125
0 0.55703125 0.57265625 0.334375 0.6828125
0 0.6984375 0.6640625 0.459375 0.575
0 0.88359375 0.52265625 0.03046875 0.04765625
0 0.509375 0.02578125 0.9796875 0.0515625
0 0.990625 0.3015625 0.0171875 0.1109375
0 0.00625 0.16171875 0.0125 0.0359375
0 0.01953125 0.4734375 0.03828125 0.2