0 0.296875 0.825 0.253125 0.3453125
0 0.56328125 0.7875 0.27578125 0.29609375
0 0.9125 0.8296875 0.1453125 0.33671875
0 0.834375 0.8109375 0.146875 0.3734375
0 0.75234375 0.74765625 0.10078125 0.371875
0 0.70234375 0.69765625 0.07890625 0.35
0 0.64375 0.675 0.07109375 0.36953125
0 0.58125 0.66015625 0.071875 0.34375
0 0.521875 0.60546875 0.05625 0.25234375
0 0.4578125 0.5796875 0.06796875 0.23515625
0 0.396875 0.6046875 0.0609375 0.23359375
0 0.3421875 0.58515625 0.06484375 0.271875
0 0.3078125 0.67734375 0.0859375 0.2703125
0 0.2015625 0.77421875 0.159375 0.446875
0 0.10625 0.67578125 0.10703125 0.3890625
0 0.17578125 0.61484375 0.0703125 0.30859375
0 0.221875 0.5375 0.05703125 0.2421875
0 0.2796875 0.52734375 0.07734375 0.22890625
0 0.053125 0.5703125 0.09296875 0.509375
0 0.15703125 0.4375 0.0640625 0.20546875
0 0.19609375 0.3875 0.05 0.2140625
0 0.24296875 0.3984375 0.0578125 0.22265625
0 0.06171875 0.4765625 0.08984375 0.559375
0 0.128125 0.3390625 0.071875 0.3109375
0 0.1828125 0.2703125 0.06015625 0.18125
0 0.234375 0.26640625 0.059375 0.20078125
0 0.265625 0.28203125 0.04609375 0.1578125
0 0.2921875 0.39296875 0.06171875 0.2546875
0 0.33984375 0.4125 0.05625 0.23359375
0 0.384375 0.440625 0.05234375 0.25078125
0 0.41640625 0.41484375 0.0390625 0.28046875
0 0.365625 0.31171875 0.053125 0.13203125
0 0.321875 0.28203125 0.04375 0.14921875
0 0.35625 0.22578125 0.06328125 0.153125
0 0.41328125 0.25234375 0.05703125 0.17265625
0 0.4453125 0.41484375 0.05390625 0.24609375
0 0.49140625 0.4234375 0.05078125 0.26796875
0 0.45625 0.2890625 0.053125 0.16875
0 0.4671875 0.2234375 0.05703125 0.1234375
0 0.49921875 0.23671875 0.04375 0.11875
0 0.52734375 0.384375 0.053125 0.3109375
0 0.56328125 0.4265625 0.0671875 0.29609375
0 0.5671875 0.26796875 0.06171875 0.1984375
0 0.53359375 0.1984375 0.040625 0.1421875
0 0.59375 0.23984375 0.0453125 0.17734375
0 0.615625 0.4640625 0.06484375 0.35390625
0 0.6640625 0.4453125 0.05 0.3109375
0 0.7046875 0.44609375 0.0546875 0.3046875
0 0.753125 0.46640625 0.06875 0.34140625
0 0.8046875 0.51171875 0.06171875 0.39765625
0 0.86484375 0.5109375 0.0859375 0.33515625
0 0.94765625 0.5984375 0.0953125 0.39765625
0 0.62734375 0.25703125 0.0609375 0.18984375
0 0.6828125 0.27734375 0.04765625 0.140625
0 0.7328125 0.30703125 0.05078125 0.146875
0 0.79921875 0.3109375 0.0609375 0.1640625
0 0.85234375 0.30859375 0.065625 0.16015625
0 0.65546875 0.21796875 0.04296875 0.1515625
0 0.709375 0.22890625 0.0453125 0.1421875
0 0.765625 0.24609375 0.0453125 0.13359375
0 0.81171875 0.23984375 0.046875 0.146875
0 0.93828125 0.41328125 0.1 0.20078125