0 0.64609375 0.8265625 0.271875 0.3421875
0 0.3203125 0.7609375 0.25703125 0.4734375
0 0.1640625 0.73125 0.128125 0.29765625
0 0.3671875 0.81875 0.0546875 0.0953125
0 0.528125 0.78125 0.146875 0.43359375
0 0.70234375 0.753125 0.228125 0.2796875
0 0.67890625 0.571875 0.06796875 0.11796875
0 0.47890625 0.62890625 0.09140625 0.253125
0 0.42265625 0.56796875 0.1015625 0.153125
0 0.5578125 0.61640625 0.08203125 0.2109375
0 0.02421875 0.8203125 0.0484375 0.12890625
0 0.478125 0.48984375 0.0296875 0.05546875
0 0.434375 0.5203125 0.025 0.07109375
0 0.4609375 0.5265625 0.03515625 0.0578125
0 0.3671875 0.57421875 0.03515625 0.0640625
0 0.5203125 0.49921875 0.046875 0.06015625
0 0.55234375 0.50234375 0.021875 0.03125
0 0.484375 0.5 0.025 0.03125
0 0.45234375 0.49765625 0.03203125 0.03984375
0 0.6140625 0.55234375 0.028125 0.0375
0 0.74921875 0.684375 0.0484375 0.053125
0 0.7234375 0.6296875 0.04296875 0.05546875
0 0.375 0.728125 0.06328125 0.05546875