0 0.1515625 0.534375 0.13203125 0.475
0 0.17109375 0.5484375 0.175 0.57421875
0 0.27265625 0.50546875 0.1375 0.4875
0 0.32890625 0.34609375 0.05390625 0.0859375
0 0.3578125 0.54765625 0.1578125 0.5453125
0 0.425 0.48984375 0.09765625 0.51171875
0 0.5234375 0.51484375 0.125 0.490625
0 0.63828125 0.54140625 0.07734375 0.47421875
0 0.68515625 0.58359375 0.1140625 0.53125
0 0.76796875 0.5375 0.09921875 0.54375
0 0.81953125 0.56640625 0.13125 0.5640625
0 0.878125 0.5625 0.07109375 0.53125
0 0.4953125 0.37265625 0.0453125 0.1796875
0 0.5859375 0.38203125 0.05703125 0.175
0 0.97265625 0.30859375 0.04609375 0.13359375
0 0.5 0.75078125 0.99453125 0.08359375