0 0.5921875 0.76171875 0.18046875 0.396875
0 0.58828125 0.63984375 0.25078125 0.353125
0 0.3609375 0.6953125 0.121875 0.48671875
0 0.17578125 0.74921875 0.27578125 0.41328125
0 0.86953125 0.5875 0.24140625 0.6390625
0 0.7859375 0.56484375 0.14453125 0.5171875
0 0.68828125 0.56796875 0.10625 0.4953125
0 0.571875 0.2890625 0.2109375 0.50390625
0 0.5296875 0.34453125 0.1125 0.525
0 0.459375 0.55390625 0.13125 0.496875
0 0.41015625 0.3921875 0.190625 0.4890625
0 0.28359375 0.56796875 0.1125 0.50234375
0 0.14921875 0.5515625 0.196875 0.55234375
0 0.04140625 0.5125 0.05546875 0.18359375