0 0.40859375 0.6765625 0.075 0.34296875
0 0.49609375 0.76328125 0.14140625 0.47109375
0 0.575 0.765625 0.0734375 0.38203125
0 0.67109375 0.7578125 0.1546875 0.4828125
0 0.65078125 0.52421875 0.0203125 0.04375
0 0.68125 0.49609375 0.02265625 0.05234375
0 0.79453125 0.73515625 0.1328125 0.528125
0 0.85859375 0.734375 0.08671875 0.46328125
0 0.859375 0.696875 0.0765625 0.415625
0 0.92109375 0.52734375 0.02578125 0.0796875
0 0.940625 0.5296875 0.0296875 0.08515625
0 0.90234375 0.5265625 0.02265625 0.090625
0 0.3421875 0.15390625 0.22734375 0.30234375
0 0.18828125 0.59375 0.3765625 0.803125
0 0.57890625 0.9828125 0.03515625 0.03203125
0 0.60703125 0.7125 0.0578125 0.24296875
0 0.67421875 0.490625 0.04609375 0.05234375
0 0.7453125 0.70234375 0.06484375 0.41328125
0 0.84375 0.4859375 0.06171875 0.034375
0 0.915625 0.51484375 0.08203125 0.08984375
0 0.87109375 0.53125 0.00546875 0.053125