0 0.03359375 0.55390625 0.05234375 0.23046875
0 0.0109375 0.540625 0.021875 0.13203125
0 0.08828125 0.53984375 0.046875 0.22421875
0 0.1609375 0.55390625 0.03359375 0.16015625
0 0.10703125 0.553125 0.03046875 0.16015625
0 0.11796875 0.54921875 0.02421875 0.1640625
0 0.134375 0.5546875 0.01640625 0.12578125
0 0.18125 0.56015625 0.02265625 0.0984375
0 0.20625 0.5546875 0.02421875 0.14453125
0 0.1890625 0.55390625 0.01328125 0.10703125
0 0.21953125 0.54921875 0.01875 0.12109375
0 0.23515625 0.5546875 0.01796875 0.10703125
0 0.25625 0.53671875 0.0578125 0.253125
0 0.29375 0.5453125 0.06328125 0.22578125
0 0.27890625 0.55078125 0.01640625 0.103125
0 0.32578125 0.53828125 0.02109375 0.134375
0 0.34296875 0.55546875 0.01953125 0.1109375
0 0.35546875 0.55234375 0.01796875 0.103125
0 0.37578125 0.553125 0.01796875 0.0859375
0 0.38671875 0.55859375 0.01484375 0.07578125
0 0.36640625 0.559375 0.009375 0.04921875
0 0.40078125 0.54609375 0.02421875 0.11640625
0 0.421875 0.5515625 0.01796875 0.09296875
0 0.4171875 0.51875 0.009375 0.01953125
0 0.45 0.5421875 0.046875 0.20859375
0 0.4765625 0.53359375 0.04609375 0.2
0 0.5 0.54609375 0.02734375 0.14453125
0 0.51484375 0.55234375 0.0203125 0.12890625
0 0.53671875 0.5484375 0.03515625 0.14921875
0 0.5578125 0.55546875 0.01328125 0.0609375
0 0.57109375 0.55390625 0.0171875 0.07578125
0 0.59296875 0.56484375 0.01953125 0.11875
0 0.62109375 0.5609375 0.07734375 0.30546875
0 0.6609375 0.53828125 0.0984375 0.35625
0 0.6578125 0.528125 0.07265625 0.3703125
0 0.62578125 0.384375 0.01640625 0.07109375
0 0.72890625 0.5484375 0.03359375 0.18671875
0 0.71484375 0.55703125 0.02421875 0.1359375
0 0.7609375 0.53125 0.06015625 0.29453125
0 0.79765625 0.534375 0.04453125 0.228125
0 0.8125 0.490625 0.0390625 0.12890625
0 0.81484375 0.53203125 0.03359375 0.20625
0 0.90625 0.5515625 0.06484375 0.20390625
0 0.915625 0.5609375 0.04453125 0.16796875
0 0.96328125 0.54453125 0.01875 0.11875
0 0.971875 0.56015625 0.02109375 0.1390625
0 0.98515625 0.55859375 0.02890625 0.16171875
0 0.43359375 0.54453125 0.01015625 0.1234375
0 0.4109375 0.58046875 0.00859375 0.0546875
0 0.22421875 0.58671875 0.00859375 0.0609375
0 0.14296875 0.5734375 0.01953125 0.084375
0 0.059375 0.56328125 0.03359375 0.21640625
0 0.54453125 0.5578125 0.01640625 0.09140625
0 0.9046875 0.59140625 0.01171875 0.03828125
0 0.83046875 0.61171875 0.0171875 0.0453125
0 0.278125 0.578125 0.01796875 0.04140625
0 0.7046875 0.565625 0.0140625 0.12109375