0 0.1390625 0.47890625 0.190625 0.309375
0 0.34921875 0.41953125 0.109375 0.23515625
0 0.48828125 0.359375 0.05390625 0.128125
0 0.5265625 0.415625 0.09296875 0.19296875
0 0.421875 0.6421875 0.29375 0.5609375
0 0.61640625 0.49375 0.159375 0.29921875
0 0.67734375 0.38984375 0.07578125 0.1828125
0 0.74375 0.43125 0.175 0.20078125
0 0.92265625 0.3359375 0.075 0.11796875
0 0.8265625 0.66953125 0.321875 0.659375
0 0.03515625 0.7921875 0.06953125 0.4
0 0.9828125 0.4234375 0.03359375 0.30625
0 0.425 0.80546875 0.12734375 0.228125