0 0.04921875 0.51875 0.08671875 0.40078125
0 0.13046875 0.51171875 0.0796875 0.41875
0 0.16796875 0.53671875 0.07734375 0.446875
0 0.228125 0.57421875 0.090625 0.5203125
0 0.2640625 0.50390625 0.05 0.3828125
0 0.3046875 0.5390625 0.0765625 0.46484375
0 0.37890625 0.55 0.1 0.55703125
0 0.42109375 0.53671875 0.0390625 0.43984375
0 0.44921875 0.53828125 0.0671875 0.45859375
0 0.4875 0.59453125 0.11796875 0.5546875
0 0.4796875 0.36484375 0.034375 0.090625
0 0.55078125 0.53515625 0.059375 0.33203125
0 0.55859375 0.43828125 0.0671875 0.38515625
0 0.59375 0.49140625 0.065625 0.409375
0 0.6328125 0.5046875 0.09765625 0.5375
0 0.68203125 0.48125 0.090625 0.56015625
0 0.7578125 0.48359375 0.0703125 0.5359375
0 0.7671875 0.546875 0.12265625 0.53984375
0 0.81484375 0.53203125 0.13984375 0.6328125
0 0.9234375 0.55234375 0.115625 0.54609375
0 0.7921875 0.53125 0.0734375 0.565625
0 0.16328125 0.365625 0.0171875 0.0703125
0 0.15703125 0.60546875 0.0140625 0.12578125
0 0.2140625 0.36640625 0.01640625 0.059375
0 0.24609375 0.3765625 0.0140625 0.0484375
0 0.2859375 0.3640625 0.0171875 0.046875
0 0.225 0.6703125 0.0078125 0.08359375
0 0.2015625 0.6515625 0.0078125 0.0703125
0 0.3359375 0.35703125 0.04609375 0.075
0 0.28984375 0.6515625 0.025 0.1875
0 0.3375 0.66875 0.02578125 0.17578125
0 0.4140625 0.37421875 0.0203125 0.0390625
0 0.48671875 0.309375 0.09140625 0.06875
0 0.52109375 0.5734375 0.0265625 0.08359375
0 0.590625 0.31015625 0.0609375 0.07734375