0 0.84296875 0.84609375 0.084375 0.30390625
0 0.8203125 0.84140625 0.065625 0.3125
0 0.7375 0.83515625 0.0671875 0.3125
0 0.75859375 0.834375 0.03203125 0.27265625
0 0.69296875 0.78125 0.04375 0.175
0 0.5515625 0.76640625 0.0328125 0.1375
0 0.37109375 0.77890625 0.03046875 0.16640625
0 0.33828125 0.8 0.0328125 0.17890625
0 0.3546875 0.78203125 0.0234375 0.11875
0 0.30546875 0.81796875 0.0484375 0.21875
0 0.23671875 0.89453125 0.05390625 0.20625
0 0.2359375 0.9 0.04921875 0.19609375
0 0.44375 0.74453125 0.028125 0.10234375
0 0.4609375 0.74765625 0.0203125 0.10859375
0 0.6328125 0.78125 0.0328125 0.16640625
0 0.665625 0.790625 0.02578125 0.17734375
0 0.5203125 0.740625 0.20078125 0.12265625
0 0.39375 0.73203125 0.01796875 0.05625
0 0.65078125 0.771875 0.0296875 0.16875