0 0.42421875 0.65859375 0.03828125 0.19296875
0 0.4015625 0.6359375 0.04140625 0.1625
0 0.409375 0.5234375 0.028125 0.04765625
0 0.32421875 0.4125 0.02265625 0.03125
0 0.3 0.4171875 0.0234375 0.03125
0 0.4890625 0.596875 0.034375 0.1296875
0 0.52109375 0.61171875 0.025 0.1234375
0 0.546875 0.59375 0.03203125 0.0796875
0 0.58125 0.609375 0.028125 0.1234375
0 0.5921875 0.62265625 0.02109375 0.1375
0 0.61640625 0.62890625 0.04765625 0.1421875
0 0.62734375 0.6140625 0.02890625 0.1328125
0 0.65625 0.6140625 0.03984375 0.1375
0 0.66953125 0.60703125 0.0265625 0.11328125
0 0.690625 0.61640625 0.0390625 0.13359375
0 0.70703125 0.56171875 0.0171875 0.03828125
0 0.659375 0.56953125 0.01328125 0.05625
0 0.71953125 0.6453125 0.06171875 0.203125
0 0.77265625 0.5921875 0.03984375 0.0890625
0 0.80078125 0.6296875 0.04140625 0.16015625
0 0.84453125 0.6296875 0.04453125 0.16875
0 0.86328125 0.64921875 0.07265625 0.1890625
0 0.92265625 0.62265625 0.0421875 0.13125
0 0.94453125 0.58984375 0.0109375 0.02421875
0 0.95625 0.5984375 0.0203125 0.05078125
0 0.88359375 0.5921875 0.0171875 0.04375
0 0.5671875 0.56796875 0.0109375 0.02734375
0 0.7796875 0.56953125 0.01875 0.03125
0 0.33046875 0.678125 0.06875 0.26640625
0 0.534375 0.790625 0.07109375 0.39921875
0 0.77109375 0.74296875 0.090625 0.3453125
0 0.896875 0.59765625 0.01640625 0.05234375
0 0.10546875 0.35703125 0.04140625 0.071875
0 0.2421875 0.540625 0.04609375 0.1640625
0 0.34921875 0.52734375 0.06953125 0.2171875
0 0.25703125 0.440625 0.00859375 0.01484375
0 0.27421875 0.43671875 0.00625 0.01015625
0 0.4328125 0.51875 0.0078125 0.01875
0 0.20625 0.53515625 0.01484375 0.03125