0 0.075 0.4828125 0.04921875 0.11640625
0 0.0265625 0.48359375 0.025 0.09140625
0 0.10859375 0.475 0.03203125 0.11015625
0 0.14140625 0.53828125 0.0375 0.12890625
0 0.18046875 0.6046875 0.128125 0.44453125
0 0.21875 0.4375 0.0265625 0.053125
0 0.23828125 0.43671875 0.02578125 0.0515625
0 0.31328125 0.58359375 0.13671875 0.43515625
0 0.3984375 0.41484375 0.03515625 0.06640625
0 0.47578125 0.54453125 0.1328125 0.49375
0 0.45234375 0.5421875 0.04765625 0.4296875
0 0.61484375 0.51171875 0.12109375 0.484375
0 0.70078125 0.50703125 0.11796875 0.43515625
0 0.74296875 0.49453125 0.08203125 0.3828125
0 0.81640625 0.4953125 0.0953125 0.36796875
0 0.89296875 0.49296875 0.09375 0.35
0 0.95703125 0.38671875 0.05234375 0.16328125
0 0.00625 0.46953125 0.0125 0.0515625