0 0.828125 0.6375 0.109375 0.5078125
0 0.8265625 0.63984375 0.1125 0.50859375
0 0.73671875 0.65078125 0.11640625 0.47890625
0 0.64296875 0.64296875 0.1140625 0.50625
0 0.75546875 0.41484375 0.10625 0.17578125
0 0.67734375 0.59453125 0.08046875 0.5046875
0 0.61953125 0.38203125 0.05546875 0.13203125
0 0.578125 0.609375 0.06796875 0.51484375
0 0.47734375 0.628125 0.165625 0.50078125
0 0.4609375 0.66953125 0.1546875 0.51796875
0 0.33828125 0.6515625 0.11328125 0.54453125
0 0.203125 0.67109375 0.2 0.57109375
0 0.146875 0.69296875 0.15546875 0.61328125
0 0.15703125 0.434375 0.10546875 0.21953125
0 0.26953125 0.59921875 0.1171875 0.5890625
0 0.36484375 0.40390625 0.05390625 0.13515625
0 0.40234375 0.625 0.07734375 0.55390625
0 0.46640625 0.42421875 0.0625 0.1140625
0 0.51796875 0.38203125 0.07578125 0.1734375
0 0.75546875 0.3125 0.3921875 0.22890625