0 0.01015625 0.6765625 0.0203125 0.07890625
0 0.0375 0.69375 0.02890625 0.0984375
0 0.0609375 0.68515625 0.0265625 0.075
0 0.05078125 0.68046875 0.01328125 0.06953125
0 0.05546875 0.67890625 0.0109375 0.07109375
0 0.08828125 0.69921875 0.02265625 0.1
0 0.09453125 0.71484375 0.0296875 0.10625
0 0.10703125 0.7046875 0.03125 0.10546875
0 0.12265625 0.74765625 0.04453125 0.18828125
0 0.1390625 0.7609375 0.03515625 0.196875
0 0.196875 0.775 0.0421875 0.21796875
0 0.24296875 0.8 0.0625 0.259375
0 0.28125 0.75546875 0.03984375 0.20390625
0 0.29921875 0.83984375 0.0828125 0.3171875
0 0.359375 0.80625 0.1359375 0.38671875
0 0.4765625 0.825 0.11171875 0.34921875
0 0.52578125 0.81484375 0.0734375 0.3671875
0 0.58671875 0.8375 0.14375 0.32421875
0 0.72421875 0.84453125 0.09921875 0.31015625
0 0.19921875 0.65859375 0.03515625 0.02109375
0 0.18671875 0.70703125 0.01953125 0.07421875
0 0.225 0.69140625 0.02734375 0.07109375
0 0.2515625 0.67265625 0.025 0.0171875
0 0.25859375 0.70546875 0.01875 0.04765625
0 0.27890625 0.68828125 0.00859375 0.01953125
0 0.315625 0.67265625 0.034375 0.034375
0 0.44921875 0.725 0.01953125 0.046875
0 0.41328125 0.7625 0.05 0.11640625
0 0.41875 0.909375 0.02734375 0.17890625
0 0.340625 0.75078125 0.028125 0.0515625
0 0.31171875 0.81953125 0.01796875 0.08203125
0 0.28671875 0.97265625 0.01796875 0.05078125
0 0.30546875 0.71015625 0.0234375 0.04140625
0 0.2859375 0.72109375 0.015625 0.03828125
0 0.2828125 0.78046875 0.01015625 0.0796875
0 0.26953125 0.91875 0.025 0.07265625
0 0.2109375 0.8578125 0.0265625 0.10390625
0 0.2375 0.8625 0.02109375 0.0921875
0 0.253125 0.83203125 0.00859375 0.01484375
0 0.2171875 0.78828125 0.0140625 0.034375
0 0.1703125 0.67109375 0.01484375 0.04453125
0 0.15625 0.6765625 0.0109375 0.02578125
0 0.14296875 0.65234375 0.03359375 0.0234375
0 0.11484375 0.653125 0.021875 0.01953125
0 0.12265625 0.784375 0.0140625 0.03359375
0 0.1390625 0.8 0.00546875 0.03984375
0 0.003125 0.67890625 0.00546875 0.0359375
0 0.36171875 0.696875 0.0203125 0.053125