0 0.11171875 0.57578125 0.17734375 0.78984375
0 0.20390625 0.60625 0.190625 0.78359375
0 0.2453125 0.26953125 0.05390625 0.22265625
0 0.303125 0.58671875 0.1015625 0.6796875
0 0.3828125 0.55390625 0.11484375 0.671875
0 0.3546875 0.24296875 0.09140625 0.2578125
0 0.471875 0.57109375 0.11484375 0.48515625
0 0.4296875 0.29453125 0.078125 0.3375
0 0.4953125 0.28828125 0.08515625 0.340625
0 0.56875 0.5171875 0.1125 0.46171875
0 0.56953125 0.240625 0.084375 0.284375
0 0.64296875 0.49609375 0.096875 0.44140625
0 0.65390625 0.228125 0.1078125 0.34375
0 0.71015625 0.21953125 0.08203125 0.3546875
0 0.73203125 0.48671875 0.096875 0.41640625
0 0.80703125 0.4625 0.0984375 0.48671875
0 0.88515625 0.39765625 0.1109375 0.48984375
0 0.83359375 0.41640625 0.06484375 0.54921875
0 0.76328125 0.25390625 0.04765625 0.24140625