0 0.00703125 0.54140625 0.0140625 0.04921875
0 0.021875 0.54140625 0.02421875 0.0640625
0 0.0421875 0.609375 0.03203125 0.08671875
0 0.02421875 0.7140625 0.0484375 0.3015625
0 0.0453125 0.55234375 0.03203125 0.07265625
0 0.07578125 0.55078125 0.02421875 0.04765625
0 0.1859375 0.63828125 0.0515625 0.15078125
0 0.3734375 0.703125 0.0828125 0.22734375
0 0.2546875 0.56640625 0.01796875 0.07265625
0 0.41953125 0.578125 0.03984375 0.11484375
0 0.446875 0.575 0.02734375 0.1046875
0 0.565625 0.50390625 0.0171875 0.0875
0 0.64296875 0.5046875 0.03359375 0.08671875
0 0.69140625 0.50859375 0.01875 0.0765625
0 0.721875 0.4625 0.015625 0.05703125
0 0.6953125 0.53203125 0.01796875 0.0484375
0 0.7125 0.56875 0.0265625 0.07265625
0 0.61875 0.6953125 0.13828125 0.371875
0 0.77578125 0.60390625 0.0234375 0.03125
0 0.79921875 0.59921875 0.02734375 0.0546875
0 0.86875 0.63671875 0.03203125 0.1171875
0 0.9078125 0.64609375 0.05859375 0.10625
0 0.9609375 0.6421875 0.04296875 0.0875
0 0.9859375 0.61640625 0.02578125 0.09296875
0 0.06015625 0.53828125 0.01640625 0.03359375
0 0.18125 0.5296875 0.025 0.04921875
0 0.69921875 0.56796875 0.01328125 0.0671875
0 0.72890625 0.6046875 0.025 0.03515625
0 0.81953125 0.61875 0.021875 0.028125
0 0.1453125 0.53828125 0.02734375 0.0390625
0 0.41640625 0.4046875 0.2390625 0.05234375
0 0.790625 0.659375 0.053125 0.0390625
0 0.97265625 0.61328125 0.01328125 0.0296875