0 0.09375 0.5796875 0.128125 0.49453125
0 0.215625 0.5796875 0.121875 0.4625
0 0.265625 0.67734375 0.1328125 0.28828125
0 0.31015625 0.5953125 0.07578125 0.4203125
0 0.36328125 0.6703125 0.084375 0.2828125
0 0.646875 0.71640625 0.06171875 0.23359375
0 0.6671875 0.6 0.08125 0.41875
0 0.71875 0.6109375 0.0890625 0.43203125
0 0.7828125 0.59765625 0.0953125 0.4703125
0 0.83671875 0.5796875 0.08984375 0.45859375
0 0.4984375 0.56953125 0.33515625 0.85859375
0 0.38984375 0.378125 0.04375 0.04921875
0 0.66171875 0.37421875 0.06328125 0.065625
0 0.9859375 0.43828125 0.02578125 0.1828125