0 0.05390625 0.6546875 0.0984375 0.465625
0 0.1265625 0.31015625 0.09453125 0.43671875
0 0.13359375 0.4703125 0.0875 0.25859375
0 0.140625 0.55859375 0.08828125 0.425
0 0.20546875 0.428125 0.08125 0.3234375
0 0.2234375 0.2984375 0.0546875 0.18203125
0 0.20546875 0.47109375 0.17109375 0.46328125
0 0.24140625 0.45546875 0.1515625 0.45625
0 0.28515625 0.46796875 0.1109375 0.371875
0 0.31640625 0.29921875 0.0453125 0.12890625
0 0.32734375 0.3859375 0.1078125 0.44296875
0 0.28984375 0.16171875 0.071875 0.18828125
0 0.34375 0.35078125 0.13125 0.51171875
0 0.3515625 0.3265625 0.15078125 0.5609375
0 0.403125 0.328125 0.20625 0.57265625
0 0.55625 0.3140625 0.1140625 0.47734375
0 0.65546875 0.3359375 0.125 0.48125
0 0.74921875 0.36171875 0.14921875 0.52734375
0 0.78984375 0.290625 0.08515625 0.2296875
0 0.90859375 0.37265625 0.178125 0.55546875
0 0.9640625 0.340625 0.0703125 0.1390625
0 0.04765625 0.88359375 0.09453125 0.23046875
0 0.075 0.93203125 0.0734375 0.134375
0 0.17109375 0.84296875 0.0671875 0.31171875
0 0.2046875 0.81875 0.1234375 0.3609375
0 0.4359375 0.9265625 0.128125 0.14609375
0 0.0109375 0.6203125 0.021875 0.3421875
0 0.06484375 0.5046875 0.07109375 0.2203125
0 0.03359375 0.96875 0.04765625 0.0609375
0 0.9703125 0.2484375 0.0578125 0.1234375