0 0.8828125 0.590625 0.2328125 0.815625
0 0.0328125 0.51484375 0.06484375 0.22734375
0 0.2625 0.4515625 0.090625 0.29453125
0 0.3375 0.48203125 0.0875 0.24765625
0 0.3921875 0.51328125 0.1109375 0.3375
0 0.45859375 0.3640625 0.06953125 0.18046875
0 0.48515625 0.3984375 0.04453125 0.16328125
0 0.53046875 0.4015625 0.0921875 0.253125
0 0.58125 0.3078125 0.06953125 0.2234375
0 0.6203125 0.28046875 0.04140625 0.14453125
0 0.68203125 0.38046875 0.07421875 0.3375
0 0.7390625 0.328125 0.059375 0.2390625
0 0.70625 0.2234375 0.034375 0.06875
0 0.6671875 0.29296875 0.0328125 0.17578125
0 0.67578125 0.33203125 0.05546875 0.1828125
0 0.665625 0.259375 0.0296875 0.1359375
0 0.38984375 0.2515625 0.028125 0.10703125
0 0.35859375 0.24609375 0.015625 0.0828125
0 0.34140625 0.25546875 0.02265625 0.1015625
0 0.30859375 0.278125 0.02734375 0.1328125
0 0.28828125 0.2703125 0.03984375 0.12421875
0 0.225 0.30234375 0.05078125 0.23203125
0 0.24765625 0.290625 0.028125 0.16484375
0 0.26953125 0.26015625 0.0234375 0.09609375
0 0.24921875 0.24453125 0.03046875 0.07265625
0 0.165625 0.29453125 0.05546875 0.16484375
0 0.38046875 0.2203125 0.0109375 0.0375
0 0.96015625 0.26796875 0.034375 0.05703125
0 0.93828125 0.23046875 0.0140625 0.04140625
0 0.92890625 0.2171875 0.01640625 0.05859375
0 0.94609375 0.215625 0.0109375 0.04609375
0 0.9609375 0.2234375 0.0140625 0.0515625
0 0.07890625 0.29375 0.08515625 0.21484375
0 0.02109375 0.2984375 0.0421875 0.184375
0 0.20625 0.22578125 0.0203125 0.05859375
0 0.64140625 0.153125 0.0234375 0.034375