0 0.18828125 0.696875 0.190625 0.6046875
0 0.25625 0.65546875 0.09765625 0.57265625
0 0.32734375 0.7046875 0.13984375 0.5890625
0 0.42421875 0.6859375 0.1015625 0.56171875
0 0.4625 0.63125 0.046875 0.5015625
0 0.51171875 0.67890625 0.1171875 0.56953125
0 0.5796875 0.6359375 0.06953125 0.51328125
0 0.61796875 0.6890625 0.12265625 0.521875
0 0.6625 0.48046875 0.0390625 0.1453125
0 0.7 0.675 0.10546875 0.50390625
0 0.7875 0.6859375 0.16796875 0.56953125
0 0.384375 0.425 0.04453125 0.14453125
0 0.28515625 0.625 0.0515625 0.48203125
0 0.73125 0.4578125 0.059375 0.1171875
0 0.07890625 0.54296875 0.1578125 0.17578125