0 0.1640625 0.4046875 0.284375 0.809375
0 0.8453125 0.39921875 0.30859375 0.79765625
0 0.93203125 0.4546875 0.13359375 0.53046875
0 0.59453125 0.5484375 0.10546875 0.3515625
0 0.72734375 0.615625 0.05703125 0.18671875
0 0.68359375 0.628125 0.06328125 0.1546875
0 0.65 0.63203125 0.0375 0.15390625
0 0.703125 0.6421875 0.0359375 0.12109375
0 0.559375 0.628125 0.0328125 0.15859375
0 0.5421875 0.63671875 0.0296875 0.13671875
0 0.5140625 0.6390625 0.03203125 0.12890625
0 0.48671875 0.65078125 0.02265625 0.1078125
0 0.46328125 0.6421875 0.034375 0.1203125
0 0.4390625 0.6296875 0.03671875 0.15390625
0 0.41328125 0.63203125 0.0328125 0.14453125
0 0.378125 0.63359375 0.0421875 0.15625
0 0.396875 0.62265625 0.02265625 0.0796875
0 0.340625 0.6140625 0.05390625 0.19609375
0 0.3140625 0.6296875 0.0390625 0.16640625
0 0.3109375 0.60234375 0.0296875 0.09609375
0 0.2734375 0.63515625 0.046875 0.1578125
0 0.23671875 0.64140625 0.03671875 0.125
0 0.1578125 0.62265625 0.053125 0.1765625
0 0.1484375 0.5703125 0.03359375 0.04296875
0 0.4953125 0.659375 0.01484375 0.084375
0 0.5 0.62265625 0.0125 0.025
0 0.7796875 0.621875 0.02890625 0.10078125
0 0.946875 0.5796875 0.090625 0.27265625
0 0.95625 0.56796875 0.046875 0.15859375
0 0.02890625 0.6421875 0.0265625 0.071875
0 0.025 0.61640625 0.0359375 0.15625
0 0.25625 0.66171875 0.0234375 0.06875
0 0.47265625 0.66796875 0.01484375 0.06328125
0 0.59921875 0.63984375 0.0140625 0.12890625
0 0.13671875 0.6796875 0.01953125 0.04609375
0 0.79140625 0.6109375 0.0140625 0.0359375
0 0.753125 0.63828125 0.0203125 0.109375
0 0.284375 0.68125 0.01328125 0.05234375
0 0.03671875 0.66640625 0.01875 0.04921875