0 0.57578125 0.77890625 0.0640625 0.2734375
0 0.65625 0.7625 0.071875 0.296875
0 0.4796875 0.7625 0.078125 0.2796875
0 0.4 0.74296875 0.065625 0.21875
0 0.5140625 0.71171875 0.0375 0.16015625
0 0.5421875 0.64765625 0.028125 0.11953125
0 0.49765625 0.63671875 0.0265625 0.0671875
0 0.67421875 0.5984375 0.0203125 0.06484375
0 0.746875 0.65 0.05 0.128125
0 0.72421875 0.65 0.0390625 0.11484375
0 0.8890625 0.57578125 0.01875 0.0671875
0 0.465625 0.58984375 0.009375 0.034375
0 0.59609375 0.9109375 0.2765625 0.03046875
0 0.41171875 0.85703125 0.0703125 0.0171875
0 0.53671875 0.78828125 0.0359375 0.01484375