0 0.9359375 0.575 0.1234375 0.32578125
0 0.8640625 0.47890625 0.0578125 0.13671875
0 0.72890625 0.62890625 0.1546875 0.43515625
0 0.76484375 0.4921875 0.07265625 0.13671875
0 0.58046875 0.71484375 0.4421875 0.5671875
0 0.25 0.76640625 0.259375 0.4640625
0 0.215625 0.6859375 0.2921875 0.440625
0 0.28671875 0.51640625 0.08125 0.22421875
0 0.4140625 0.55234375 0.11796875 0.2375
0 0.4078125 0.47578125 0.1140625 0.2171875
0 0.50703125 0.5328125 0.0796875 0.21953125
0 0.58203125 0.43515625 0.05546875 0.096875
0 0.021875 0.69765625 0.03984375 0.2734375
0 0.609375 0.42109375 0.11171875 0.078125
0 0.9140625 0.79921875 0.16875 0.3984375
0 0.45546875 0.45703125 0.03984375 0.0796875
0 0.525 0.30859375 0.04296875 0.1140625