0 0.2328125 0.52265625 0.01015625 0.0703125
0 0.2390625 0.5203125 0.01171875 0.06484375
0 0.2609375 0.5421875 0.01015625 0.05
0 0.2671875 0.56015625 0.009375 0.06484375
0 0.3234375 0.55625 0.009375 0.02734375
0 0.3078125 0.4859375 0.01015625 0.0671875
0 0.30234375 0.4578125 0.009375 0.06484375
0 0.3109375 0.46640625 0.0078125 0.0625
0 0.315625 0.4875 0.0109375 0.0703125
0 0.321875 0.4609375 0.009375 0.0671875
0 0.33046875 0.5109375 0.01171875 0.0671875
0 0.3796875 0.53515625 0.009375 0.0703125
0 0.40078125 0.54140625 0.0109375 0.0671875
0 0.465625 0.24765625 0.00703125 0.0453125
0 0.56875 0.29140625 0.009375 0.05234375
0 0.6953125 0.4234375 0.0125 0.0671875
0 0.6984375 0.38984375 0.00703125 0.0453125
0 0.578125 0.64765625 0.24921875 0.7
0 0.77890625 0.6625 0.20234375 0.6703125
0 0.09296875 0.3125 0.03828125 0.1
0 0.15234375 0.34609375 0.0125 0.0328125
0 0.29296875 0.5 0.028125 0.13515625
0 0.315625 0.4546875 0.00546875 0.03984375
0 0.4015625 0.35390625 0.10234375 0.1375
0 0.24609375 0.21484375 0.0078125 0.03515625
0 0.3578125 0.2140625 0.08046875 0.1328125
0 0.43828125 0.08515625 0.00859375 0.03984375
0 0.4234375 0.13984375 0.00859375 0.03515625
0 0.53046875 0.2921875 0.01953125 0.0703125
0 0.71015625 0.575 0.01171875 0.0296875
0 0.328125 0.47265625 0.00859375 0.03515625
0 0.3109375 0.2890625 0.0125 0.0421875
0 0.35234375 0.1296875 0.0171875 0.03515625
0 0.38046875 0.0796875 0.00703125 0.025
0 0.478125 0.2390625 0.00859375 0.0125
0 0.52265625 0.1953125 0.0078125 0.03984375
0 0.29765625 0.3078125 0.0140625 0.0203125