0 0.36171875 0.63125 0.421875 0.72734375
0 0.74140625 0.58515625 0.11796875 0.21875
0 0.91328125 0.540625 0.12265625 0.16484375
0 0.64609375 0.51640625 0.06953125 0.103125
0 0.884375 0.5203125 0.04765625 0.09765625
0 0.70859375 0.496875 0.02265625 0.02578125
0 0.0859375 0.5078125 0.034375 0.053125
0 0.0875 0.5234375 0.04609375 0.09375
0 0.84375 0.49140625 0.025 0.05
0 0.86015625 0.49453125 0.01953125 0.046875
0 0.28203125 0.63828125 0.10390625 0.0640625
0 0.79296875 0.4875 0.0625 0.0515625
0 0.87421875 0.490625 0.02109375 0.05078125
0 0.95546875 0.48125 0.0875 0.04609375
0 0.53828125 0.53125 0.08359375 0.14140625
0 0.13046875 0.484375 0.12109375 0.0578125