0 0.00625 0.66171875 0.0125 0.03828125
0 0.01640625 0.675 0.0296875 0.05546875
0 0.0265625 0.68828125 0.01484375 0.08515625
0 0.08515625 0.68359375 0.01953125 0.0640625
0 0.09375 0.68125 0.0296875 0.05703125
0 0.12578125 0.69375 0.03046875 0.1140625
0 0.1390625 0.69609375 0.040625 0.11015625
0 0.1609375 0.67265625 0.015625 0.03671875
0 0.21875 0.6875 0.0296875 0.071875
0 0.234375 0.70546875 0.01953125 0.08515625
0 0.253125 0.6984375 0.03203125 0.090625
0 0.26875 0.69921875 0.015625 0.08671875
0 0.27265625 0.6984375 0.0171875 0.0875
0 0.290625 0.70390625 0.03203125 0.0875
0 0.30390625 0.7 0.01875 0.0734375
0 0.315625 0.703125 0.015625 0.0734375
0 0.32421875 0.6796875 0.0171875 0.03203125
0 0.3296875 0.7515625 0.02734375 0.159375
0 0.33828125 0.67421875 0.01640625 0.03359375
0 0.353125 0.67265625 0.0171875 0.03671875
0 0.3546875 0.74765625 0.046875 0.165625
0 0.378125 0.74140625 0.03203125 0.1625
0 0.39609375 0.74140625 0.02265625 0.1453125
0 0.4046875 0.7625 0.0375 0.17578125
0 0.45234375 0.6890625 0.01875 0.0484375
0 0.45625 0.76484375 0.034375 0.17421875
0 0.4890625 0.76875 0.0390625 0.1578125
0 0.475 0.725 0.01640625 0.10546875
0 0.4921875 0.69296875 0.015625 0.0421875
0 0.5125 0.75546875 0.03984375 0.1671875
0 0.528125 0.74375 0.0296875 0.1640625
0 0.53046875 0.7421875 0.0234375 0.14375
0 0.54609375 0.75390625 0.028125 0.14375
0 0.565625 0.7453125 0.0296875 0.15234375
0 0.64765625 0.75390625 0.03203125 0.17578125
0 0.64296875 0.75 0.03203125 0.1671875
0 0.675 0.75546875 0.0359375 0.1640625
0 0.7234375 0.765625 0.04296875 0.14921875
0 0.79375 0.83515625 0.053125 0.29453125
0 0.8328125 0.77265625 0.03203125 0.165625
0 0.8578125 0.78515625 0.03984375 0.2546875
0 0.9484375 0.7953125 0.046875 0.2375
0 0.94609375 0.796875 0.06875 0.21953125
0 0.96796875 0.7984375 0.05 0.20078125
0 0.06015625 0.671875 0.03203125 0.03828125
0 0.11015625 0.66484375 0.00859375 0.0203125
0 0.22890625 0.68359375 0.01640625 0.046875
0 0.35 0.67421875 0.0078125 0.01640625
0 0.36875 0.66953125 0.01171875 0.025
0 0.39140625 0.6765625 0.01171875 0.0265625
0 0.4171875 0.69609375 0.0140625 0.03671875
0 0.50390625 0.68671875 0.0078125 0.0171875
0 0.5359375 0.675 0.009375 0.0203125
0 0.90390625 0.23828125 0.0515625 0.07578125