0 0.09296875 0.759375 0.075 0.3203125
0 0.13359375 0.72890625 0.040625 0.28046875
0 0.14375 0.70703125 0.059375 0.26796875
0 0.1890625 0.7484375 0.096875 0.2984375
0 0.2078125 0.603125 0.0234375 0.0703125
0 0.25859375 0.72109375 0.05625 0.2625
0 0.2640625 0.6 0.05546875 0.08203125
0 0.246875 0.5640625 0.03828125 0.11640625
0 0.28984375 0.54921875 0.04375 0.1
0 0.3671875 0.5625 0.0796875 0.14609375
0 0.3859375 0.559375 0.0453125 0.14140625
0 0.42734375 0.54609375 0.04140625 0.09453125
0 0.4578125 0.5375 0.03984375 0.09140625
0 0.48984375 0.553125 0.04296875 0.08984375
0 0.53125 0.5359375 0.04765625 0.08515625
0 0.565625 0.5359375 0.0375 0.07265625
0 0.590625 0.546875 0.02578125 0.0828125
0 0.61171875 0.54140625 0.0375 0.0625
0 0.64453125 0.534375 0.03671875 0.0765625
0 0.66875 0.5296875 0.07265625 0.075
0 0.2984375 0.7171875 0.05390625 0.25234375
0 0.31328125 0.5921875 0.0265625 0.0625
0 0.33046875 0.70703125 0.0421875 0.240625
0 0.3671875 0.5984375 0.0453125 0.06953125
0 0.3640625 0.71328125 0.05234375 0.2484375
0 0.409375 0.70859375 0.05078125 0.25625
0 0.43359375 0.61171875 0.02578125 0.05078125
0 0.44921875 0.58046875 0.01875 0.0328125
0 0.4515625 0.70859375 0.04921875 0.23359375
0 0.46953125 0.6234375 0.0265625 0.06171875
0 0.48203125 0.6234375 0.0203125 0.06171875
0 0.49765625 0.7078125 0.0609375 0.2328125
0 0.4921875 0.58828125 0.0234375 0.03125
0 0.52265625 0.60078125 0.02421875 0.059375
0 0.528125 0.56953125 0.01796875 0.0390625
0 0.54375 0.69453125 0.04921875 0.23515625
0 0.5453125 0.58203125 0.01875 0.0390625
0 0.56328125 0.61875 0.0359375 0.1109375
0 0.590625 0.69921875 0.05 0.23359375
0 0.6015625 0.578125 0.01796875 0.03515625
0 0.61484375 0.68828125 0.03046875 0.21171875
0 0.61796875 0.58984375 0.01875 0.05
0 0.63359375 0.690625 0.05546875 0.225
0 0.64609375 0.58515625 0.0203125 0.05859375
0 0.6609375 0.596875 0.028125 0.06328125
0 0.68359375 0.68359375 0.0546875 0.2453125
0 0.69765625 0.5671875 0.028125 0.06015625
0 0.70546875 0.671875 0.0375 0.23203125
0 0.73203125 0.6828125 0.06328125 0.24765625
0 0.72578125 0.57265625 0.03984375 0.06015625
0 0.7640625 0.6859375 0.053125 0.25
0 0.7734375 0.57734375 0.03125 0.05859375
0 0.80390625 0.68125 0.06171875 0.24296875
0 0.865625 0.68125 0.07421875 0.2609375
0 0.21015625 0.6203125 0.05546875 0.06015625
0 0.453125 0.6 0.12578125 0.0546875
0 0.6203125 0.578125 0.10859375 0.05703125
0 0.89296875 0.76015625 0.12109375 0.0875
0 0.21328125 0.85546875 0.28125 0.11328125