0 0.02890625 0.6046875 0.05703125 0.40234375
0 0.0796875 0.6703125 0.096875 0.4
0 0.14453125 0.671875 0.090625 0.415625
0 0.178125 0.665625 0.065625 0.34765625
0 0.24921875 0.6828125 0.06796875 0.3859375
0 0.284375 0.64765625 0.0546875 0.3078125
0 0.33046875 0.6546875 0.06484375 0.32578125
0 0.35234375 0.69765625 0.103125 0.41171875
0 0.39453125 0.6640625 0.04609375 0.35234375
0 0.42890625 0.62578125 0.0625 0.315625
0 0.4765625 0.625 0.05078125 0.27421875
0 0.52265625 0.68515625 0.0796875 0.38984375
0 0.59375 0.6796875 0.0625 0.384375
0 0.66640625 0.5109375 0.0234375 0.05
0 0.73046875 0.69296875 0.0921875 0.478125
0 0.640625 0.61015625 0.0375 0.19609375
0 0.7953125 0.67421875 0.07734375 0.34765625
0 0.82890625 0.63203125 0.05 0.215625
0 0.8890625 0.73515625 0.09921875 0.4859375
0 0.92734375 0.709375 0.10546875 0.434375
0 0.98671875 0.640625 0.025 0.234375
0 0.04765625 0.603125 0.0484375 0.378125
0 0.11171875 0.6296875 0.0421875 0.32421875
0 0.22109375 0.6578125 0.04453125 0.32421875
0 0.26328125 0.65234375 0.05703125 0.328125
0 0.43515625 0.634375 0.03984375 0.24375
0 0.5578125 0.6140625 0.046875 0.21171875
0 0.8109375 0.603125 0.03203125 0.19375
0 0.00703125 0.446875 0.01328125 0.0578125
0 0.22890625 0.4953125 0.02890625 0.04609375
0 0.30859375 0.74296875 0.02109375 0.078125
0 0.4921875 0.52109375 0.01953125 0.03828125
0 0.53515625 0.55078125 0.01953125 0.034375
0 0.659375 0.51328125 0.03125 0.05390625
0 0.67578125 0.82265625 0.05703125 0.05
0 0.76171875 0.515625 0.0171875 0.03203125
0 0.88828125 0.5359375 0.0078125 0.028125
0 0.9171875 0.5421875 0.01328125 0.0640625
0 0.96640625 0.61875 0.0375 0.221875
0 0.64453125 0.92421875 0.30546875 0.14765625
0 0.57265625 0.62421875 0.01953125 0.18828125