0 0.26640625 0.6984375 0.24609375 0.6015625
0 0.740625 0.5875 0.1296875 0.50625
0 0.1484375 0.72421875 0.1015625 0.54921875
0 0.1671875 0.56328125 0.0546875 0.225
0 0.22421875 0.53359375 0.05 0.10390625
0 0.20703125 0.52265625 0.028125 0.16171875
0 0.19140625 0.48828125 0.028125 0.08046875
0 0.13359375 0.6671875 0.0734375 0.43359375
0 0.40390625 0.45703125 0.06796875 0.18671875
0 0.15078125 0.5078125 0.028125 0.1125
0 0.3296875 0.42578125 0.021875 0.02734375
0 0.33359375 0.52265625 0.01875 0.04296875
0 0.584375 0.51640625 0.03125 0.09765625