0 0.1046875 0.5953125 0.1640625 0.79765625
0 0.24375 0.5859375 0.1515625 0.815625
0 0.20234375 0.51171875 0.1609375 0.78828125
0 0.3265625 0.5109375 0.09609375 0.75
0 0.39921875 0.5859375 0.14921875 0.815625
0 0.5328125 0.58125 0.1390625 0.834375
0 0.4765625 0.50703125 0.0921875 0.74609375
0 0.59140625 0.5421875 0.1125 0.784375
0 0.634375 0.47578125 0.08203125 0.73984375
0 0.7 0.57109375 0.15078125 0.7859375
0 0.7640625 0.51328125 0.10703125 0.72578125
0 0.83125 0.60703125 0.1546875 0.75
0 0.91953125 0.56875 0.13203125 0.75
0 0.8609375 0.215625 0.06484375 0.13984375