0 0.9796875 0.503125 0.03828125 0.30859375
0 0.95390625 0.528125 0.0859375 0.38515625
0 0.8671875 0.55546875 0.0703125 0.36015625
0 0.8375 0.4328125 0.0390625 0.128125
0 0.77578125 0.6296875 0.134375 0.73828125
0 0.734375 0.49375 0.02421875 0.278125
0 0.6984375 0.50390625 0.06953125 0.3578125
0 0.6578125 0.49921875 0.05234375 0.253125
0 0.6734375 0.51953125 0.0234375 0.20703125
0 0.53125 0.27578125 0.02578125 0.0765625
0 0.60703125 0.584375 0.1046875 0.25625
0 0.5578125 0.540625 0.046875 0.1625
0 0.5625 0.44921875 0.05078125 0.13359375
0 0.5359375 0.42890625 0.0421875 0.10703125
0 0.5234375 0.6171875 0.08671875 0.26875
0 0.4859375 0.61796875 0.07578125 0.2765625
0 0.44765625 0.61953125 0.084375 0.29921875
0 0.4 0.62265625 0.115625 0.3296875
0 0.3328125 0.6390625 0.128125 0.34375
0 0.2421875 0.6359375 0.134375 0.38515625
0 0.17890625 0.7 0.103125 0.44609375
0 0.084375 0.69921875 0.16640625 0.5984375
0 0.07109375 0.43671875 0.1140625 0.23359375
0 0.165625 0.43203125 0.1 0.24609375
0 0.2484375 0.415625 0.08046875 0.16171875
0 0.309375 0.42734375 0.0734375 0.153125
0 0.36953125 0.4609375 0.0859375 0.17421875
0 0.42890625 0.43671875 0.0765625 0.16953125
0 0.4921875 0.4375 0.0828125 0.190625
0 0.01796875 0.49453125 0.0359375 0.0984375
0 0.50703125 0.3796875 0.0171875 0.053125
0 0.615625 0.9125 0.2140625 0.1671875
0 0.5953125 0.41484375 0.03359375 0.0859375