0 0.12578125 0.5546875 0.03984375 0.13203125
0 0.19296875 0.54375 0.05234375 0.1421875
0 0.3390625 0.534375 0.04453125 0.1203125
0 0.5765625 0.55625 0.0359375 0.140625
0 0.6515625 0.56015625 0.0453125 0.1359375
0 0.72109375 0.571875 0.053125 0.15703125
0 0.7359375 0.60703125 0.0546875 0.203125
0 0.8375 0.55546875 0.0578125 0.2578125
0 0.92421875 0.64453125 0.0875 0.21953125
0 0.80859375 0.67421875 0.078125 0.234375
0 0.7390625 0.7453125 0.1359375 0.165625
0 0.60078125 0.74453125 0.07421875 0.32109375
0 0.4625 0.7515625 0.10546875 0.38671875
0 0.353125 0.78359375 0.1046875 0.40859375
0 0.30703125 0.55546875 0.13359375 0.29609375
0 0.4296875 0.571875 0.05078125 0.059375