0 0.03125 0.30859375 0.05703125 0.1375
0 0.0375 0.3125 0.07421875 0.2875
0 0.04609375 0.21640625 0.03203125 0.090625
0 0.0890625 0.3125 0.0671875 0.29140625
0 0.0609375 0.253125 0.0265625 0.14921875
0 0.1078125 0.2453125 0.0578125 0.17734375
0 0.1390625 0.25234375 0.0390625 0.15859375
0 0.1390625 0.38828125 0.0765625 0.14140625
0 0.209375 0.3859375 0.0921875 0.140625
0 0.25234375 0.3609375 0.0609375 0.10625
0 0.296875 0.384375 0.0921875 0.13671875
0 0.2890625 0.35078125 0.034375 0.1015625
0 0.3390625 0.2890625 0.04765625 0.08359375
0 0.378125 0.24921875 0.04453125 0.06953125
0 0.48203125 0.1546875 0.0390625 0.065625
0 0.9796875 0.0703125 0.0375 0.140625
0 0.94296875 0.06875 0.04375 0.1375
0 0.9109375 0.04296875 0.0296875 0.0859375
0 0.946875 0.43984375 0.08203125 0.1484375
0 0.97890625 0.378125 0.03671875 0.10390625
0 0.9765625 0.30234375 0.0453125 0.134375
0 0.98125 0.23203125 0.0359375 0.09453125
0 0.8625 0.43515625 0.10625 0.1671875
0 0.903125 0.41015625 0.05 0.1265625
0 0.9265625 0.34140625 0.06484375 0.13515625
0 0.9171875 0.30546875 0.059375 0.1515625
0 0.884375 0.2734375 0.0515625 0.15859375
0 0.80234375 0.4375 0.04609375 0.15546875
0 0.83515625 0.40703125 0.0484375 0.121875
0 0.8375 0.328125 0.04609375 0.09765625
0 0.825 0.284375 0.0734375 0.165625
0 0.84453125 0.15390625 0.04921875 0.1484375
0 0.86796875 0.0640625 0.03515625 0.09921875
0 0.89609375 0.08359375 0.0453125 0.12109375
0 0.8203125 0.05390625 0.04609375 0.1
0 0.8 0.03046875 0.034375 0.0609375
0 0.43671875 0.5203125 0.325 0.84453125
0 0.590625 0.5359375 0.2234375 0.65390625
0 0.6890625 0.4375 0.1359375 0.5640625
0 0.7703125 0.39921875 0.1234375 0.54140625
0 0.16875 0.58125 0.33671875 0.24453125
0 0.1375 0.81640625 0.2671875 0.225
0 0.365625 0.30390625 0.0546875 0.096875
0 0.45546875 0.1828125 0.090625 0.06953125
0 0.9328125 0.13984375 0.13359375 0.18203125
0 0.83984375 0.20078125 0.06171875 0.09453125
0 0.66171875 0.06796875 0.3140625 0.1359375
0 0.6734375 0.18828125 0.159375 0.10234375
0 0.57265625 0.2859375 0.05234375 0.0578125
0 0.96796875 0.56171875 0.0625 0.503125
0 0.69609375 0.93203125 0.47734375 0.13046875
0 0.76953125 0.7703125 0.340625 0.2046875
0 0.86640625 0.58984375 0.1421875 0.15859375