0 0.89375 0.7234375 0.15859375 0.55
0 0.77734375 0.54375 0.09453125 0.20625
0 0.77421875 0.75234375 0.11171875 0.49140625
0 0.7171875 0.7375 0.08046875 0.5203125
0 0.70390625 0.7 0.09375 0.596875
0 0.63671875 0.71640625 0.10546875 0.56328125
0 0.63125 0.68359375 0.1015625 0.559375
0 0.5515625 0.73203125 0.11015625 0.53203125
0 0.540625 0.68515625 0.05703125 0.5203125
0 0.5046875 0.72578125 0.07890625 0.52421875
0 0.4328125 0.7484375 0.1015625 0.49921875
0 0.44453125 0.66796875 0.13515625 0.57109375
0 0.36640625 0.73203125 0.0625 0.496875
0 0.33125 0.6796875 0.0703125 0.528125
0 0.32734375 0.74453125 0.0859375 0.50703125
0 0.2578125 0.7328125 0.10546875 0.53046875
0 0.240625 0.50078125 0.10390625 0.20234375
0 0.1796875 0.725 0.115625 0.54609375
0 0.08671875 0.73125 0.1375 0.534375