0 0.6921875 0.50625 0.12578125 0.475
0 0.60234375 0.5171875 0.0921875 0.43203125
0 0.5203125 0.528125 0.11796875 0.46640625
0 0.4890625 0.3421875 0.0578125 0.18046875
0 0.42421875 0.51171875 0.11328125 0.4859375
0 0.31875 0.53203125 0.1015625 0.55703125
0 0.36328125 0.53359375 0.0609375 0.4734375
0 0.8 0.3484375 0.06796875 0.0734375
0 0.0703125 0.8609375 0.140625 0.2734375
0 0.31484375 0.86875 0.2484375 0.2578125
0 0.5796875 0.86015625 0.2921875 0.275
0 0.84296875 0.81328125 0.27265625 0.36953125
0 0.92578125 0.7203125 0.13203125 0.21484375
0 0.9578125 0.76015625 0.08046875 0.3375