0 0.92421875 0.54140625 0.146875 0.8796875
0 0.809375 0.6265625 0.2234375 0.7453125
0 0.6453125 0.6859375 0.25703125 0.6265625
0 0.54140625 0.6828125 0.1703125 0.63125
0 0.67421875 0.34765625 0.1609375 0.24765625
0 0.56171875 0.2609375 0.12890625 0.43125
0 0.43359375 0.6125 0.1796875 0.77265625
0 0.2671875 0.68125 0.20703125 0.63515625
0 0.18984375 0.4046875 0.10078125 0.40625
0 0.24609375 0.5328125 0.14453125 0.51484375
0 0.38046875 0.3390625 0.07578125 0.175
0 0.18828125 0.36875 0.10078125 0.3296875