0 0.625 0.6140625 0.571875 0.7703125
0 0.459375 0.603125 0.41640625 0.79140625
0 0.2609375 0.44296875 0.3421875 0.8859375
0 0.18203125 0.36484375 0.3328125 0.7296875
0 0.2046875 0.29453125 0.221875 0.5890625
0 0.1078125 0.2515625 0.215625 0.50234375
0 0.14921875 0.06796875 0.0671875 0.1359375
0 0.8640625 0.36796875 0.2625 0.5265625
0 0.76171875 0.16328125 0.0953125 0.15390625
0 0.0453125 0.21484375 0.090625 0.42734375
0 0.79296875 0.1671875 0.2953125 0.33359375
0 0.89453125 0.09609375 0.2078125 0.1921875
0 0.37890625 0.5078125 0.490625 0.9828125
0 0.56640625 0.12578125 0.0890625 0.2515625
0 0.6484375 0.13046875 0.13046875 0.2609375
0 0.946875 0.71875 0.1046875 0.56015625
0 0.81015625 0.9203125 0.171875 0.15625
0 0.49296875 0.02578125 0.06015625 0.0515625
0 0.9140625 0.21484375 0.1703125 0.26015625
0 0.240625 0.96015625 0.0671875 0.07734375
0 0.65859375 0.31015625 0.02734375 0.04765625