0 0.28671875 0.50234375 0.3765625 0.99375
0 0.38515625 0.46796875 0.04921875 0.08046875
0 0.44765625 0.6046875 0.05390625 0.2859375
0 0.4265625 0.4375 0.0640625 0.16328125
0 0.49140625 0.5484375 0.0640625 0.15859375
0 0.5125 0.4453125 0.0796875 0.17890625
0 0.525 0.67890625 0.115625 0.2515625
0 0.55625 0.5734375 0.07265625 0.31171875
0 0.59921875 0.6015625 0.09765625 0.33125
0 0.615625 0.5609375 0.096875 0.3265625
0 0.678125 0.6015625 0.0734375 0.25234375
0 0.76328125 0.58515625 0.10234375 0.2796875
0 0.8375 0.58984375 0.1 0.2921875
0 0.48203125 0.57890625 0.05625 0.2890625
0 0.696875 0.778125 0.5796875 0.146875
0 0.7140625 0.50390625 0.03671875 0.1296875