0 0.03046875 0.77734375 0.0609375 0.2640625
0 0.01328125 0.53671875 0.0265625 0.06796875
0 0.07734375 0.5890625 0.02890625 0.090625
0 0.090625 0.675 0.07734375 0.240625
0 0.109375 0.55859375 0.03984375 0.1015625
0 0.13359375 0.57265625 0.03828125 0.1484375
0 0.16875 0.53359375 0.028125 0.0984375
0 0.18203125 0.53046875 0.034375 0.05625
0 0.18515625 0.56953125 0.04453125 0.09375
0 0.17734375 0.67265625 0.05078125 0.24375
0 0.2078125 0.52890625 0.025 0.0828125
0 0.2234375 0.58125 0.03828125 0.1234375
0 0.2390625 0.68046875 0.06953125 0.2875
0 0.2859375 0.66640625 0.065625 0.25078125
0 0.26953125 0.559375 0.0296875 0.07109375
0 0.2859375 0.55859375 0.03984375 0.0578125
0 0.3109375 0.53984375 0.01875 0.0640625
0 0.34609375 0.565625 0.02734375 0.1109375
0 0.3828125 0.55625 0.0359375 0.109375
0 0.3796875 0.75625 0.1078125 0.30234375
0 0.3875 0.66328125 0.04921875 0.19140625
0 0.515625 0.715625 0.0703125 0.2640625
0 0.45 0.54453125 0.025 0.0859375
0 0.471875 0.59375 0.03828125 0.1328125
0 0.49453125 0.54765625 0.0234375 0.07109375
0 0.51796875 0.55234375 0.0328125 0.06796875
0 0.50625 0.584375 0.046875 0.084375
0 0.53984375 0.53671875 0.0171875 0.07421875
0 0.553125 0.540625 0.01875 0.07421875
0 0.5671875 0.53984375 0.015625 0.06875
0 0.5859375 0.54140625 0.01953125 0.06875
0 0.5015625 0.4859375 0.01171875 0.03359375
0 0.5203125 0.521875 0.01640625 0.04296875
0 0.66328125 0.5671875 0.02109375 0.10859375
0 0.61796875 0.55859375 0.0203125 0.0828125
0 0.640625 0.7609375 0.0671875 0.296875
0 0.63984375 0.73671875 0.0859375 0.29296875
0 0.63046875 0.64609375 0.07734375 0.16484375
0 0.646875 0.565625 0.03046875 0.08984375
0 0.684375 0.56953125 0.0265625 0.10625
0 0.725 0.54375 0.0234375 0.0546875
0 0.73671875 0.52734375 0.0171875 0.04375
0 0.74609375 0.53359375 0.015625 0.0453125
0 0.76640625 0.53046875 0.02734375 0.03984375
0 0.7671875 0.58046875 0.03125 0.1140625
0 0.7859375 0.584375 0.028125 0.109375
0 0.728125 0.61484375 0.02734375 0.14296875
0 0.740625 0.63046875 0.0453125 0.1640625
0 0.771875 0.76875 0.08984375 0.2828125
0 0.8390625 0.7484375 0.08671875 0.32109375
0 0.80625 0.63359375 0.02890625 0.0671875
0 0.840625 0.7609375 0.025 0.2640625
0 0.9265625 0.771875 0.10234375 0.2734375
0 0.94453125 0.73671875 0.1 0.31796875
0 0.97734375 0.73125 0.04375 0.25625
0 0.896875 0.6171875 0.04140625 0.1578125
0 0.92890625 0.58203125 0.03984375 0.08984375
0 0.9546875 0.57265625 0.021875 0.05859375
0 0.8578125 0.590625 0.0296875 0.103125
0 0.83359375 0.5640625 0.025 0.08671875
0 0.85859375 0.540625 0.025 0.04296875
0 0.8796875 0.5515625 0.02734375 0.05234375
0 0.80390625 0.53828125 0.0171875 0.0640625
0 0.81328125 0.53828125 0.01640625 0.0609375
0 0.825 0.5359375 0.021875 0.0671875
0 0.93515625 0.53671875 0.01484375 0.0578125
0 0.95390625 0.546875 0.01875 0.0625
0 0.67890625 0.52734375 0.015625 0.04375
0 0.6625 0.51953125 0.01953125 0.03046875
0 0.63046875 0.54296875 0.01953125 0.08046875
0 0.61328125 0.52734375 0.01953125 0.03984375
0 0.60390625 0.51796875 0.01328125 0.05859375
0 0.590625 0.51171875 0.01875 0.034375
0 0.62109375 0.50234375 0.01484375 0.03828125
0 0.63125 0.49453125 0.01328125 0.02890625
0 0.584375 0.48125 0.01015625 0.021875
0 0.56953125 0.48984375 0.009375 0.02421875
0 0.5359375 0.49453125 0.0109375 0.025
0 0.54140625 0.490625 0.00859375 0.034375
0 0.52265625 0.49765625 0.0109375 0.034375
0 0.49453125 0.4921875 0.009375 0.03359375
0 0.5109375 0.484375 0.0125 0.03046875
0 0.45 0.49296875 0.0140625 0.025
0 0.46640625 0.51171875 0.0140625 0.040625
0 0.4765625 0.53125 0.01484375 0.0515625
0 0.45 0.50625 0.01015625 0.02421875
0 0.3 0.5453125 0.01875 0.05625
0 0.27578125 0.51875 0.0234375 0.03203125
0 0.25078125 0.53671875 0.028125 0.03828125
0 0.40390625 0.496875 0.015625 0.040625
0 0.40859375 0.490625 0.009375 0.034375
0 0.3859375 0.47734375 0.009375 0.01875
0 0.39453125 0.48828125 0.01015625 0.034375
0 0.26640625 0.48984375 0.009375 0.040625
0 0.2265625 0.475 0.00859375 0.028125
0 0.14296875 0.5015625 0.02109375 0.06875
0 0.1234375 0.49453125 0.01875 0.03984375
0 0.0953125 0.50390625 0.01953125 0.03359375
0 0.334375 0.51953125 0.01640625 0.03671875
0 0.34609375 0.51796875 0.0171875 0.028125
0 0.371875 0.50078125 0.021875 0.0578125
0 0.34453125 0.484375 0.0125 0.02578125
0 0.33359375 0.48359375 0.01015625 0.03125
0 0.25703125 0.4875 0.01171875 0.03203125
0 0.47109375 0.4921875 0.009375 0.03515625
0 0.53125 0.53671875 0.01171875 0.0578125
0 0.71640625 0.53828125 0.015625 0.06171875
0 0.51796875 0.50078125 0.0078125 0.0125
0 0.95390625 0.265625 0.08046875 0.14921875
0 0.5703125 0.19296875 0.0453125 0.18515625
0 0.7640625 0.49765625 0.4703125 0.075
0 0.98125 0.8921875 0.03515625 0.03671875
0 0.20546875 0.47421875 0.2046875 0.0453125
0 0.21015625 0.51015625 0.028125 0.02890625