0 0.64765625 0.19375 0.08046875 0.12734375
0 0.78671875 0.4015625 0.146875 0.6375
0 0.91953125 0.41328125 0.15859375 0.58203125
0 0.8453125 0.31953125 0.04453125 0.22734375
0 0.88515625 0.26484375 0.03984375 0.17421875
0 0.63984375 0.26328125 0.11953125 0.18359375
0 0.6078125 0.45390625 0.146875 0.584375
0 0.45703125 0.1828125 0.125 0.25625
0 0.38828125 0.51875 0.159375 0.85859375
0 0.50859375 0.528125 0.32421875 0.940625
0 0.69921875 0.590625 0.23359375 0.81640625
0 0.14609375 0.62265625 0.29140625 0.75234375
0 0.74921875 0.21015625 0.08125 0.12578125
0 0.825 0.18046875 0.02265625 0.065625
0 0.75703125 0.2 0.23203125 0.12734375