0 0.4421875 0.815625 0.0484375 0.23125
0 0.28984375 0.73828125 0.05390625 0.42265625
0 0.39921875 0.78671875 0.05859375 0.32265625
0 0.46953125 0.81484375 0.03046875 0.16640625
0 0.48046875 0.80390625 0.025 0.175
0 0.52421875 0.790625 0.06484375 0.30234375
0 0.5734375 0.80234375 0.04140625 0.2
0 0.61328125 0.80078125 0.04375 0.20234375
0 0.6515625 0.80625 0.0375 0.17109375
0 0.75 0.76171875 0.065625 0.37734375
0 0.80625 0.75078125 0.07265625 0.40625
0 0.6671875 0.71875 0.0203125 0.14140625
0 0.34765625 0.74296875 0.18046875 0.47265625
0 0.590625 0.621875 0.23828125 0.25234375
0 0.53203125 0.07734375 0.09296875 0.125