0 0.3234375 0.4875 0.05625 0.14609375
0 0.359375 0.53125 0.0375 0.1625
0 0.4078125 0.52734375 0.04296875 0.16953125
0 0.43203125 0.50234375 0.0421875 0.12890625
0 0.52890625 0.596875 0.2984375 0.803125
0 0.60234375 0.71328125 0.0828125 0.57109375
0 0.75 0.6734375 0.21640625 0.65078125
0 0.9203125 0.590625 0.15703125 0.81640625
0 0.27265625 0.72265625 0.171875 0.5421875
0 0.18828125 0.6203125 0.1828125 0.31640625
0 0.13203125 0.671875 0.2640625 0.653125
0 0.365625 0.70703125 0.1359375 0.5734375
0 0.434375 0.58203125 0.0703125 0.171875
0 0.4515625 0.125 0.159375 0.178125