0 0.51953125 0.55859375 0.1984375 0.69921875
0 0.46875 0.54609375 0.075 0.4765625
0 0.4109375 0.56875 0.090625 0.4765625
0 0.34921875 0.56953125 0.1171875 0.5640625
0 0.2515625 0.56640625 0.19375 0.70078125
0 0.153125 0.56875 0.084375 0.4359375
0 0.08359375 0.5875 0.1140625 0.51484375
0 0.03359375 0.54921875 0.0671875 0.446875
0 0.55 0.1796875 0.059375 0.1171875
0 0.02109375 0.48203125 0.0421875 0.54140625
0 0.1765625 0.41875 0.0375 0.06953125
0 0.26015625 0.68515625 0.0484375 0.14375
0 0.1234375 0.40078125 0.03125 0.0515625
0 0.13359375 0.68671875 0.0640625 0.096875