0 0.82109375 0.5984375 0.334375 0.8
0 0.56171875 0.41796875 0.28046875 0.49609375
0 0.3734375 0.4140625 0.2046875 0.47890625
0 0.1640625 0.43671875 0.2984375 0.47421875
0 0.07578125 0.44921875 0.1515625 0.40234375
0 0.17421875 0.32421875 0.21328125 0.40546875
0 0.646875 0.49921875 0.11953125 0.33046875
0 0.81015625 0.5234375 0.19765625 0.66640625
0 0.88828125 0.33984375 0.090625 0.228125
0 0.8703125 0.2671875 0.075 0.1703125
0 0.62109375 0.29296875 0.08203125 0.13125
0 0.36484375 0.26015625 0.1390625 0.225
0 0.48046875 0.30390625 0.10390625 0.14375
0 0.5515625 0.28359375 0.078125 0.15625
0 0.315625 0.21484375 0.05859375 0.1578125
0 0.1953125 0.28671875 0.15390625 0.215625
0 0.14140625 0.2625 0.17890625 0.35390625
0 0.07421875 0.45625 0.1484375 0.40390625
0 0.66640625 0.38671875 0.06875 0.165625
0 0.8125 0.37421875 0.13125 0.2125
0 0.0328125 0.8109375 0.065625 0.37421875
0 0.9265625 0.87734375 0.14453125 0.2421875
0 0.75546875 0.22421875 0.48671875 0.1765625
0 0.1359375 0.0828125 0.27109375 0.165625
0 0.25625 0.23125 0.5125 0.134375
0 0.4015625 0.1296875 0.17578125 0.071875
0 0.93828125 0.1046875 0.025 0.065625
0 0.3734375 0.371875 0.14140625 0.1515625