0 0.8171875 0.65546875 0.08359375 0.48984375
0 0.85859375 0.53828125 0.06171875 0.378125
0 0.7546875 0.63359375 0.06953125 0.48203125
0 0.690625 0.625 0.0859375 0.48203125
0 0.62578125 0.6125 0.0734375 0.46875
0 0.5546875 0.61015625 0.084375 0.47265625
0 0.4875 0.61953125 0.0796875 0.4484375
0 0.4171875 0.60390625 0.07109375 0.4625
0 0.3484375 0.61953125 0.071875 0.44453125
0 0.27421875 0.60390625 0.084375 0.471875
0 0.19296875 0.60703125 0.08203125 0.47421875
0 0.134375 0.63046875 0.07421875 0.43203125
0 0.15 0.56328125 0.06328125 0.40859375
0 0.1921875 0.384375 0.0625 0.1453125
0 0.23515625 0.51796875 0.05859375 0.4
0 0.265625 0.340625 0.04296875 0.09296875
0 0.30703125 0.52734375 0.0609375 0.40078125
0 0.28671875 0.309375 0.04140625 0.12265625
0 0.3203125 0.33203125 0.0671875 0.13828125
0 0.3578125 0.36796875 0.04609375 0.1265625
0 0.384375 0.43046875 0.05546875 0.19453125
0 0.440625 0.34140625 0.0671875 0.12109375
0 0.4546875 0.52890625 0.053125 0.39453125
0 0.503125 0.35703125 0.06328125 0.09375
0 0.5171875 0.39765625 0.05234375 0.1328125
0 0.5796875 0.33203125 0.06953125 0.14453125
0 0.5875 0.40703125 0.05 0.11953125
0 0.64296875 0.3671875 0.06171875 0.1828125
0 0.64453125 0.40546875 0.0453125 0.13046875
0 0.70546875 0.35703125 0.07421875 0.21640625
0 0.6921875 0.53515625 0.05703125 0.3984375
0 0.746875 0.41171875 0.0578125 0.11484375
0 0.79375 0.403125 0.06953125 0.1828125
0 0.7875 0.40390625 0.05390625 0.1875