0 0.0703125 0.721875 0.1 0.44921875
0 0.13359375 0.4703125 0.1015625 0.28203125
0 0.20625 0.60859375 0.11875 0.5109375
0 0.29296875 0.46875 0.08671875 0.27578125
0 0.359375 0.49140625 0.08125 0.221875
0 0.15703125 0.7296875 0.0984375 0.4375
0 0.23828125 0.72421875 0.115625 0.4578125
0 0.33515625 0.7109375 0.09765625 0.44453125
0 0.4390625 0.603125 0.08671875 0.51328125
0 0.43046875 0.70078125 0.1171875 0.51328125
0 0.5234375 0.60234375 0.1 0.5109375
0 0.5359375 0.71328125 0.11171875 0.4890625
0 0.59375 0.45859375 0.07890625 0.25078125
0 0.63046875 0.69453125 0.11171875 0.478125
0 0.68125 0.4640625 0.09296875 0.2578125
0 0.7328125 0.70078125 0.1296875 0.43359375
0 0.7796875 0.4453125 0.10546875 0.2734375
0 0.803125 0.69296875 0.134375 0.44453125
0 0.9078125 0.70546875 0.17890625 0.4640625