0 0.9671875 0.484375 0.04140625 0.19921875
0 0.9390625 0.52734375 0.0328125 0.103125
0 0.91171875 0.52421875 0.0359375 0.10546875
0 0.86875 0.49765625 0.05859375 0.15859375
0 0.85 0.51171875 0.04296875 0.1296875
0 0.8203125 0.5140625 0.03671875 0.20703125
0 0.94609375 0.45546875 0.0359375 0.165625
0 0.97578125 0.38828125 0.01875 0.12265625
0 0.9921875 0.45546875 0.01484375 0.0984375
0 0.99296875 0.37890625 0.0125 0.07421875
0 0.99140625 0.34765625 0.015625 0.0890625
0 0.9125 0.41484375 0.03046875 0.13203125
0 0.9203125 0.50390625 0.01640625 0.06484375
0 0.89375 0.46640625 0.03203125 0.125
0 0.834375 0.3859375 0.0203125 0.09375
0 0.83828125 0.46015625 0.025 0.06953125
0 0.82890625 0.4125 0.0125 0.05078125
0 0.8140625 0.4515625 0.02734375 0.15390625
0 0.7984375 0.4203125 0.01953125 0.125
0 0.7875 0.49765625 0.03125 0.08671875
0 0.765625 0.5 0.03125 0.1109375
0 0.775 0.44921875 0.021875 0.08671875
0 0.7515625 0.453125 0.0234375 0.11796875
0 0.715625 0.5203125 0.0390625 0.165625
0 0.734375 0.5015625 0.015625 0.11796875
0 0.7234375 0.4671875 0.0125 0.05546875
0 0.72421875 0.39453125 0.015625 0.053125
0 0.7015625 0.4390625 0.0203125 0.0890625
0 0.66875 0.52265625 0.02578125 0.09375
0 0.64609375 0.51796875 0.0296875 0.1078125
0 0.6859375 0.5109375 0.01953125 0.084375
0 0.690625 0.4828125 0.02109375 0.1296875
0 0.665625 0.4734375 0.0203125 0.1390625
0 0.6765625 0.4171875 0.02109375 0.1421875
0 0.6953125 0.38203125 0.01171875 0.04296875
0 0.6546875 0.4265625 0.02265625 0.13671875
0 0.6421875 0.4640625 0.028125 0.15390625
0 0.621875 0.5015625 0.01796875 0.07421875
0 0.6203125 0.4359375 0.01953125 0.06953125
0 0.6484375 0.36328125 0.01484375 0.08203125
0 0.6078125 0.4078125 0.02578125 0.11796875
0 0.59765625 0.4734375 0.0328125 0.125
0 0.5859375 0.603125 0.02890625 0.2015625
0 0.553125 0.5609375 0.03125 0.11796875
0 0.5640625 0.46875 0.02109375 0.1296875
0 0.5828125 0.40390625 0.01328125 0.1203125
0 0.584375 0.44453125 0.01484375 0.09140625
0 0.575 0.415625 0.01171875 0.115625
0 0.54375 0.459375 0.025 0.115625
0 0.546875 0.4046875 0.01640625 0.084375
0 0.525 0.41953125 0.01484375 0.0984375
0 0.5234375 0.50859375 0.04765625 0.1703125
0 0.5140625 0.384375 0.0125 0.053125
0 0.50078125 0.4234375 0.01875 0.1109375
0 0.4953125 0.478125 0.01953125 0.0765625
0 0.48203125 0.48828125 0.021875 0.16328125
0 0.49140625 0.42578125 0.0140625 0.10546875
0 0.484375 0.3859375 0.0125 0.06484375
0 0.4703125 0.478125 0.01640625 0.16796875
0 0.4671875 0.5640625 0.03203125 0.1078125
0 0.4375 0.5609375 0.028125 0.1078125
0 0.44453125 0.48203125 0.028125 0.1609375
0 0.4578125 0.46640625 0.0203125 0.16796875
0 0.4421875 0.3734375 0.01640625 0.07421875
0 0.43359375 0.39296875 0.01875 0.0984375
0 0.42421875 0.484375 0.0265625 0.23828125
0 0.403125 0.4984375 0.0203125 0.19453125
0 0.4078125 0.4015625 0.0125 0.071875
0 0.3953125 0.4796875 0.01640625 0.209375
0 0.3890625 0.46171875 0.01328125 0.15859375
0 0.3703125 0.4359375 0.01875 0.12265625
0 0.36875 0.53828125 0.01875 0.16796875
0 0.3515625 0.5171875 0.03359375 0.2640625
0 0.33125 0.571875 0.04921875 0.33671875
0 0.309375 0.5734375 0.02890625 0.30546875
0 0.2859375 0.5375 0.02265625 0.0796875
0 0.2625 0.5484375 0.02265625 0.0671875
0 0.2390625 0.56953125 0.0328125 0.27421875
0 0.271875 0.51171875 0.01640625 0.08671875
0 0.284375 0.51953125 0.02421875 0.08671875
0 0.2578125 0.525 0.0171875 0.103125
0 0.2625 0.44453125 0.0171875 0.1296875
0 0.2453125 0.41328125 0.02578125 0.09609375
0 0.240625 0.45078125 0.0234375 0.0796875
0 0.209375 0.509375 0.03046875 0.16796875
0 0.20390625 0.41484375 0.0140625 0.05546875
0 0.18125 0.4046875 0.01328125 0.07421875
0 0.1625 0.390625 0.01796875 0.06484375
0 0.16328125 0.5609375 0.025 0.06953125
0 0.159375 0.55078125 0.01953125 0.09609375
0 0.1234375 0.56953125 0.02109375 0.0625
0 0.096875 0.43984375 0.0265625 0.0765625
0 0.153125 0.49140625 0.0359375 0.1703125
0 0.0171875 0.446875 0.02109375 0.14921875
0 0.05625 0.4390625 0.02890625 0.15625
0 0.18125 0.50703125 0.03203125 0.14921875
0 0.88828125 0.42578125 0.0125 0.04296875
0 0.72890625 0.4265625 0.0171875 0.06953125
0 0.1453125 0.5296875 0.01796875 0.084375
0 0.99375 0.6109375 0.01015625 0.1734375
0 0.8703125 0.43046875 0.028125 0.0484375
0 0.8484375 0.4265625 0.0140625 0.0359375
0 0.75703125 0.4078125 0.0125 0.040625
0 0.72265625 0.478125 0.0125 0.02890625
0 0.7109375 0.42890625 0.01171875 0.0265625
0 0.6703125 0.35234375 0.02734375 0.0453125
0 0.63203125 0.39453125 0.0171875 0.0578125
0 0.52734375 0.36875 0.0171875 0.0265625
0 0.2875 0.44375 0.03046875 0.05546875
0 0.2171875 0.3953125 0.021875 0.06484375
0 0.04140625 0.50078125 0.0828125 0.1265625
0 0.12890625 0.48203125 0.040625 0.0796875