0 0.92890625 0.8953125 0.05390625 0.20546875
0 0.9609375 0.91875 0.0328125 0.0703125
0 0.86484375 0.95 0.0734375 0.09609375
0 0.66953125 0.89296875 0.05390625 0.2109375
0 0.5328125 0.90234375 0.06171875 0.1921875
0 0.4953125 0.91484375 0.06875 0.16640625
0 0.40703125 0.9125 0.075 0.171875
0 0.446875 0.9234375 0.040625 0.15
0 0.30703125 0.90703125 0.0515625 0.1828125
0 0.271875 0.9203125 0.04140625 0.15546875
0 0.37421875 0.9125 0.04296875 0.171875
0 0.35859375 0.915625 0.03203125 0.16484375
0 0.340625 0.9171875 0.02734375 0.15859375
0 0.58515625 0.9359375 0.028125 0.12421875
0 0.5671875 0.8875 0.03046875 0.0515625
0 0.75859375 0.92734375 0.1484375 0.1421875
0 0.95859375 0.92421875 0.08125 0.14765625
0 0.4515625 0.865625 0.0234375 0.05
0 0.48671875 0.8640625 0.0453125 0.090625
0 0.3515625 0.84765625 0.0125 0.02734375
0 0.25703125 0.87578125 0.07109375 0.07734375
0 0.01796875 0.95546875 0.0359375 0.08515625
0 0.45390625 0.97109375 0.01875 0.05