0 0.41171875 0.88359375 0.15703125 0.22890625
0 0.60390625 0.87265625 0.153125 0.25078125
0 0.915625 0.828125 0.0859375 0.340625
0 0.98671875 0.7875 0.0234375 0.296875
0 0.63984375 0.696875 0.02890625 0.14453125
0 0.57734375 0.68984375 0.034375 0.12265625
0 0.37421875 0.6859375 0.0234375 0.115625
0 0.25546875 0.67890625 0.0171875 0.11875
0 0.1953125 0.7109375 0.04140625 0.1578125
0 0.134375 0.69140625 0.021875 0.11171875
0 0.15625 0.6921875 0.02578125 0.09921875
0 0.17421875 0.68046875 0.021875 0.09375
0 0.18671875 0.68046875 0.01640625 0.08203125
0 0.0828125 0.703125 0.0265625 0.11328125
0 0.10078125 0.69609375 0.01328125 0.084375
0 0.11953125 0.68828125 0.01640625 0.09140625
0 0.346875 0.66640625 0.0140625 0.0515625
0 0.76328125 0.6578125 0.01171875 0.06953125
0 0.77109375 0.66015625 0.01328125 0.075
0 0.81015625 0.653125 0.0125 0.07109375
0 0.8515625 0.66171875 0.02578125 0.08203125
0 0.8703125 0.67421875 0.021875 0.08828125
0 0.88125 0.66640625 0.0203125 0.0953125
0 0.528125 0.65859375 0.0171875 0.06015625
0 0.51171875 0.64296875 0.09375 0.04765625
0 0.60546875 0.6421875 0.025 0.04609375
0 0.57578125 0.634375 0.0375 0.03828125
0 0.73984375 0.63515625 0.21640625 0.0734375
0 0.41171875 0.35 0.109375 0.2671875
0 0.06640625 0.6953125 0.06015625 0.115625
0 0.14765625 0.66640625 0.01640625 0.0546875
0 0.953125 0.61640625 0.05234375 0.03515625
0 0.81171875 0.88515625 0.17265625 0.225