0 0.91015625 0.70234375 0.096875 0.33359375
0 0.84140625 0.684375 0.0890625 0.39453125
0 0.80390625 0.67734375 0.04765625 0.34296875
0 0.76875 0.665625 0.03671875 0.3109375
0 0.73828125 0.68046875 0.10703125 0.3875
0 0.71171875 0.6921875 0.07265625 0.325
0 0.675 0.6609375 0.040625 0.32578125
0 0.628125 0.6765625 0.0875 0.3265625
0 0.584375 0.64453125 0.0765625 0.33515625
0 0.5375 0.5296875 0.0421875 0.05625
0 0.49296875 0.640625 0.05390625 0.26953125
0 0.465625 0.62734375 0.0546875 0.246875
0 0.41328125 0.62109375 0.0546875 0.25
0 0.3625 0.6140625 0.046875 0.22734375
0 0.3375 0.61484375 0.03046875 0.19296875
0 0.3 0.62265625 0.0515625 0.1703125
0 0.2859375 0.603125 0.04140625 0.19453125
0 0.2671875 0.60703125 0.0265625 0.17421875
0 0.21640625 0.5953125 0.040625 0.146875
0 0.1515625 0.58671875 0.034375 0.1265625
0 0.171875 0.5734375 0.021875 0.12421875
0 0.18359375 0.57734375 0.02109375 0.1328125
0 0.19296875 0.58671875 0.02265625 0.13046875
0 0.1328125 0.56953125 0.025 0.12421875
0 0.10703125 0.56796875 0.025 0.1140625
0 0.68125 0.50859375 0.0546875 0.0703125
0 0.559375 0.525 0.025 0.06015625
0 0.4515625 0.55078125 0.03125 0.08125
0 0.440625 0.534375 0.02421875 0.06796875
0 0.34765625 0.646875 0.040625 0.15234375
0 0.33125 0.5421875 0.0296875 0.075
0 0.31015625 0.53515625 0.0203125 0.0515625
0 0.26015625 0.5203125 0.0125 0.02421875
0 0.240625 0.5984375 0.03125 0.1609375
0 0.12109375 0.57265625 0.0125 0.109375
0 0.6234375 0.53046875 0.0359375 0.071875
0 0.5328125 0.5234375 0.05390625 0.06953125
0 0.4671875 0.54296875 0.0140625 0.0296875
0 0.471875 0.70625 0.05546875 0.09140625
0 0.39375 0.6171875 0.0234375 0.225
0 0.3125 0.52734375 0.034375 0.05625
0 0.2640625 0.51875 0.025 0.0375
0 0.2171875 0.52890625 0.0484375 0.04296875
0 0.20859375 0.61796875 0.0109375 0.0578125
0 0.16015625 0.525 0.01953125 0.04296875
0 0.140625 0.578125 0.01796875 0.12109375
0 0.09453125 0.565625 0.0171875 0.08671875
0 0.115625 0.52734375 0.0140625 0.0296875
0 0.9734375 0.5546875 0.05234375 0.053125
0 0.91328125 0.55234375 0.0296875 0.034375