0 0.93671875 0.52890625 0.05625 0.23671875
0 0.8734375 0.50390625 0.06171875 0.31875
0 0.83046875 0.54296875 0.07109375 0.18828125
0 0.74140625 0.49453125 0.06875 0.29296875
0 0.88984375 0.53515625 0.06953125 0.23828125
0 0.8359375 0.51015625 0.03515625 0.25859375
0 0.6390625 0.50234375 0.06171875 0.2046875
0 0.559375 0.4765625 0.06171875 0.21171875
0 0.50703125 0.52734375 0.04765625 0.18671875
0 0.4515625 0.5109375 0.0953125 0.21015625
0 0.45 0.425 0.0296875 0.06796875
0 0.490625 0.4453125 0.03125 0.05625
0 0.39765625 0.47109375 0.0265625 0.05703125
0 0.3625 0.51484375 0.046875 0.196875
0 0.33515625 0.51328125 0.028125 0.1296875
0 0.2921875 0.509375 0.08203125 0.21328125
0 0.2703125 0.51875 0.0265625 0.1734375
0 0.240625 0.5046875 0.0546875 0.2265625
0 0.2171875 0.5125 0.0296875 0.171875
0 0.2 0.5046875 0.034375 0.1734375
0 0.1734375 0.48515625 0.0484375 0.203125
0 0.1515625 0.50546875 0.0296875 0.16640625
0 0.12578125 0.51953125 0.04375 0.16015625
0 0.0921875 0.51875 0.0421875 0.2046875
0 0.059375 0.503125 0.0390625 0.24375
0 0.0078125 0.44921875 0.015625 0.0734375
0 0.01953125 0.55390625 0.0390625 0.1421875
0 0.16484375 0.38125 0.025 0.1
0 0.9734375 0.471875 0.05 0.0703125
0 0.78359375 0.4875 0.075 0.0953125
0 0.68515625 0.49140625 0.07109375 0.10625
0 0.5984375 0.4765625 0.053125 0.0765625
0 0.5359375 0.509375 0.0296875 0.08359375
0 0.32265625 0.52578125 0.02421875 0.075
0 0.4296875 0.48828125 0.021875 0.03203125