0 0.9203125 0.53046875 0.01796875 0.03125
0 0.975 0.5875 0.04921875 0.1453125
0 0.8328125 0.53046875 0.01484375 0.03671875
0 0.79453125 0.6875 0.09609375 0.4234375
0 0.76953125 0.6578125 0.05390625 0.3234375
0 0.7125 0.6859375 0.1140625 0.46328125
0 0.659375 0.6546875 0.0578125 0.3765625
0 0.69921875 0.55625 0.025 0.0953125
0 0.68515625 0.52734375 0.01484375 0.03984375
0 0.62578125 0.51015625 0.0265625 0.0375
0 0.6625 0.52734375 0.0640625 0.12890625
0 0.59921875 0.6875 0.1515625 0.50390625
0 0.5421875 0.66875 0.07109375 0.303125
0 0.48828125 0.6625 0.046875 0.296875
0 0.46171875 0.7078125 0.14375 0.43046875
0 0.459375 0.65390625 0.06015625 0.390625
0 0.38046875 0.67109375 0.0640625 0.37265625
0 0.33203125 0.68125 0.1046875 0.4375
0 0.259375 0.66171875 0.071875 0.37421875
0 0.1125 0.51875 0.025 0.05703125