0 0.92890625 0.57734375 0.084375 0.29375
0 0.9640625 0.51171875 0.040625 0.20390625
0 0.9 0.48125 0.0265625 0.0515625
0 0.88046875 0.47890625 0.01875 0.05
0 0.88359375 0.459375 0.0140625 0.04375
0 0.8578125 0.45546875 0.01484375 0.053125
0 0.821875 0.5140625 0.03828125 0.13828125
0 0.79140625 0.48203125 0.0265625 0.053125
0 0.8 0.4921875 0.021875 0.06484375
0 0.7515625 0.7109375 0.12421875 0.5375
0 0.62734375 0.70546875 0.14140625 0.5859375
0 0.5796875 0.58515625 0.08125 0.315625
0 0.571875 0.46953125 0.01640625 0.05546875
0 0.51640625 0.5890625 0.07890625 0.30859375
0 0.39453125 0.6296875 0.103125 0.37890625
0 0.275 0.63125 0.1140625 0.39375
0 0.3296875 0.55 0.0546875 0.2390625
0 0.23125 0.4890625 0.03046875 0.09140625
0 0.53203125 0.46015625 0.0171875 0.025
0 0.559375 0.48515625 0.021875 0.08359375
0 0.540625 0.45703125 0.01484375 0.04375
0 0.50078125 0.45625 0.015625 0.03984375
0 0.48125 0.490625 0.02421875 0.08515625
0 0.4640625 0.5359375 0.028125 0.09375
0 0.43125 0.5 0.0375 0.125
0 0.45234375 0.48203125 0.0234375 0.08671875
0 0.45703125 0.46640625 0.01171875 0.0546875
0 0.4734375 0.471875 0.01640625 0.071875
0 0.4140625 0.47421875 0.015625 0.06484375
0 0.371875 0.47734375 0.01484375 0.07890625
0 0.3609375 0.4859375 0.01875 0.08828125
0 0.34375 0.503125 0.021875 0.11328125
0 0.35 0.459375 0.0140625 0.0265625
0 0.496875 0.45625 0.015625 0.03671875
0 0.99453125 0.50234375 0.00859375 0.13515625
0 0.61015625 0.45703125 0.015625 0.03828125
0 0.5234375 0.43671875 0.0140625 0.01640625
0 0.4859375 0.44296875 0.01171875 0.01640625
0 0.4234375 0.44921875 0.0078125 0.01796875
0 0.40390625 0.46328125 0.01484375 0.03984375
0 0.46328125 0.4609375 0.00703125 0.0265625
0 0.440625 0.4515625 0.00859375 0.01328125
0 0.38515625 0.44296875 0.00859375 0.01015625