0 0.1015625 0.58984375 0.15078125 0.81796875
0 0.21015625 0.5234375 0.21796875 0.95078125
0 0.3546875 0.55859375 0.1671875 0.8796875
0 0.47109375 0.5578125 0.1421875 0.82890625
0 0.6 0.5375 0.17578125 0.87578125
0 0.70390625 0.52578125 0.1109375 0.75625
0 0.85625 0.515625 0.27578125 0.965625
0 0.93359375 0.57578125 0.13125 0.77734375
0 0.025 0.57421875 0.05 0.4296875
0 0.27734375 0.2515625 0.07578125 0.1015625
0 0.41015625 0.24921875 0.046875 0.0796875
0 0.528125 0.22734375 0.04140625 0.09296875
0 0.6609375 0.23125 0.028125 0.06015625
0 0.765625 0.234375 0.06171875 0.06171875
0 0.1890625 0.83046875 0.04609375 0.13125
0 0.6578125 0.78828125 0.05390625 0.08203125
0 0.97109375 0.26171875 0.05546875 0.184375
0 0.746875 0.68046875 0.04453125 0.209375
0 0.93984375 0.78515625 0.0796875 0.13984375