0 0.98984375 0.90546875 0.015625 0.04609375
0 0.98359375 0.90703125 0.01640625 0.05390625
0 0.9109375 0.93125 0.02265625 0.0984375
0 0.87109375 0.9359375 0.0265625 0.0890625
0 0.8390625 0.91640625 0.01328125 0.025
0 0.84609375 0.91875 0.015625 0.0234375
0 0.803125 0.9328125 0.0203125 0.0375
0 0.78125 0.92421875 0.01796875 0.05859375
0 0.7390625 0.92578125 0.015625 0.0515625
0 0.73203125 0.9234375 0.01640625 0.05703125
0 0.72265625 0.92578125 0.01171875 0.0515625
0 0.71484375 0.92265625 0.015625 0.05546875
0 0.66484375 0.96171875 0.0515625 0.05859375
0 0.6328125 0.9734375 0.02265625 0.04296875
0 0.490625 0.9546875 0.03125 0.05546875
0 0.4828125 0.9484375 0.015625 0.0359375
0 0.459375 0.95625 0.02890625 0.05546875
0 0.37109375 0.9453125 0.02109375 0.03046875
0 0.3640625 0.92734375 0.015625 0.0515625
0 0.28828125 0.95625 0.02890625 0.08046875
0 0.28671875 0.9796875 0.0859375 0.0375
0 0.2625 0.96640625 0.02734375 0.0640625
0 0.2296875 0.96640625 0.03359375 0.0609375
0 0.19375 0.96875 0.03125 0.05859375
0 0.15859375 0.96640625 0.03828125 0.05703125
0 0.134375 0.96484375 0.03125 0.06640625
0 0.315625 0.94140625 0.01875 0.07109375
0 0.33203125 0.94140625 0.02109375 0.06796875
0 0.33125 0.9390625 0.01328125 0.0640625
0 0.625 0.90546875 0.009375 0.02890625
0 0.60859375 0.90625 0.009375 0.0265625
0 0.60390625 0.90703125 0.00859375 0.025
0 0.58359375 0.88828125 0.00859375 0.0265625
0 0.43203125 0.925 0.009375 0.02890625
0 0.559375 0.48359375 0.0265625 0.075
0 0.5890625 0.28984375 0.02734375 0.0625
0 0.65 0.33828125 0.01640625 0.08046875
0 0.48125 0.28984375 0.03125 0.06640625
0 0.39921875 0.3328125 0.0203125 0.05859375
0 0.55390625 0.4015625 0.05625 0.0609375
0 0.559375 0.5796875 0.06875 0.05546875
0 0.6296875 0.6625 0.02890625 0.05390625
0 0.49609375 0.66640625 0.02734375 0.05703125
0 0.44921875 0.7640625 0.03203125 0.0609375
0 0.6875 0.7609375 0.034375 0.0609375
0 0.21171875 0.48203125 0.0234375 0.05703125
0 0.33359375 0.48203125 0.0265625 0.07109375
0 0.7828125 0.4875 0.0296875 0.0640625
0 0.8890625 0.4921875 0.01875 0.06640625