0 0.025 0.32421875 0.02578125 0.065625
0 0.14296875 0.33203125 0.01796875 0.06171875
0 0.16640625 0.32890625 0.0171875 0.06484375
0 0.17265625 0.32734375 0.01015625 0.06328125
0 0.1765625 0.31640625 0.01640625 0.04375
0 0.184375 0.328125 0.0125 0.06171875
0 0.19140625 0.32734375 0.0171875 0.06328125
0 0.1875 0.32421875 0.0109375 0.0671875
0 0.2046875 0.32890625 0.02265625 0.06328125
0 0.3109375 0.3203125 0.0203125 0.06328125
0 0.3234375 0.31640625 0.021875 0.0640625
0 0.1390625 0.66640625 0.159375 0.475
0 0.2515625 0.6765625 0.153125 0.51640625
0 0.390625 0.609375 0.10546875 0.39296875
0 0.53359375 0.60078125 0.15 0.40078125
0 0.49296875 0.59375 0.0703125 0.3046875
0 0.5390625 0.64140625 0.165625 0.50546875
0 0.6828125 0.6578125 0.17890625 0.57265625
0 0.74765625 0.6171875 0.0921875 0.4328125
0 0.74375 0.5671875 0.08359375 0.33203125
0 0.80703125 0.59296875 0.08671875 0.35234375
0 0.8078125 0.6078125 0.0890625 0.4140625
0 0.8890625 0.63515625 0.13125 0.49140625
0 0.9078125 0.45625 0.0875 0.16875
0 0.93515625 0.47890625 0.0609375 0.2421875
0 0.85625 0.3609375 0.0203125 0.059375
0 0.89921875 0.3640625 0.025 0.04453125
0 0.91953125 0.3453125 0.01484375 0.03515625
0 0.93046875 0.365625 0.02265625 0.06171875
0 0.94375 0.359375 0.0125 0.0265625
0 0.9515625 0.36640625 0.0203125 0.03828125
0 0.9640625 0.3578125 0.0140625 0.02109375
0 0.97421875 0.36640625 0.0203125 0.03515625
0 0.984375 0.3625 0.01640625 0.03359375
0 0.17421875 0.29453125 0.0125 0.01015625
0 0.99453125 0.36796875 0.01015625 0.03203125
0 0.45546875 0.89765625 0.8984375 0.14609375