0 0.10546875 0.7546875 0.0625 0.275
0 0.16015625 0.7625 0.06875 0.309375
0 0.23203125 0.7671875 0.05546875 0.29375
0 0.30546875 0.70703125 0.03984375 0.1703125
0 0.31484375 0.6484375 0.021875 0.078125
0 0.3640625 0.76015625 0.09296875 0.3171875
0 0.47578125 0.7765625 0.128125 0.44375
0 0.609375 0.75703125 0.16640625 0.4828125
0 0.42578125 0.67578125 0.03203125 0.1046875
0 0.53671875 0.64921875 0.03203125 0.0984375
0 0.70703125 0.72734375 0.05859375 0.2671875
0 0.7359375 0.65625 0.01953125 0.0875
0 0.7953125 0.77890625 0.12578125 0.4390625
0 0.85703125 0.78125 0.13046875 0.434375
0 0.9796875 0.72578125 0.03828125 0.2828125
0 0.91015625 0.74296875 0.05859375 0.2953125
0 0.80390625 0.7484375 0.05703125 0.275
0 0.88671875 0.69375 0.03203125 0.215625
0 0.50546875 0.6296875 0.13125 0.08125
0 0.0875 0.94921875 0.16640625 0.0984375
0 0.19765625 0.94296875 0.05546875 0.0640625
0 0.328125 0.9484375 0.1125 0.1
0 0.2875 0.79140625 0.07109375 0.0515625