0 0.04375 0.5671875 0.03203125 0.15859375
0 0.06484375 0.57734375 0.0671875 0.20078125
0 0.09296875 0.5578125 0.0328125 0.1515625
0 0.11875 0.52109375 0.02578125 0.07734375
0 0.13203125 0.56953125 0.05546875 0.153125
0 0.16875 0.54453125 0.03671875 0.125
0 0.190625 0.540625 0.04375 0.1125
0 0.22109375 0.5515625 0.03203125 0.14609375
0 0.25390625 0.54453125 0.03046875 0.14296875
0 0.26953125 0.534375 0.0296875 0.12890625
0 0.30859375 0.528125 0.03515625 0.11953125
0 0.4265625 0.55 0.034375 0.13203125
0 0.44921875 0.615625 0.11875 0.37109375
0 0.53984375 0.61953125 0.09609375 0.28515625
0 0.56328125 0.5734375 0.05390625 0.234375
0 0.61875 0.5890625 0.12421875 0.30078125
0 0.69296875 0.55546875 0.05546875 0.20234375
0 0.7359375 0.63984375 0.16171875 0.4453125
0 0.803125 0.68203125 0.18984375 0.49140625
0 0.99375 0.50859375 0.009375 0.0984375
0 0.90625 0.4984375 0.0234375 0.0703125
0 0.8953125 0.4953125 0.01171875 0.04765625
0 0.83828125 0.4890625 0.0109375 0.03515625
0 0.83046875 0.49140625 0.0109375 0.03203125
0 0.10234375 0.525 0.015625 0.0421875
0 0.15234375 0.53515625 0.01875 0.06015625
0 0.18125 0.534375 0.0109375 0.02265625
0 0.32265625 0.52109375 0.01640625 0.05625
0 0.6609375 0.49296875 0.046875 0.025
0 0.48046875 0.4796875 0.0390625 0.040625
0 0.00859375 0.3890625 0.0109375 0.02109375
0 0.42109375 0.5125 0.01640625 0.04921875