0 0.7640625 0.49609375 0.2203125 0.71328125
0 0.8375 0.3015625 0.06171875 0.18046875
0 0.6875 0.38671875 0.0359375 0.1875
0 0.59453125 0.38046875 0.04765625 0.1671875
0 0.61015625 0.3359375 0.0203125 0.0453125
0 0.54765625 0.3421875 0.03125 0.128125
0 0.5703125 0.36640625 0.01171875 0.06953125
0 0.39765625 0.38203125 0.0703125 0.2375
0 0.50078125 0.4390625 0.11875 0.4390625
0 0.33203125 0.36484375 0.03671875 0.15546875
0 0.2609375 0.4 0.13671875 0.42109375
0 0.4359375 0.34921875 0.028125 0.08359375