0 0.14921875 0.621875 0.14765625 0.665625
0 0.28828125 0.65 0.2109375 0.6015625
0 0.353125 0.6203125 0.128125 0.5703125
0 0.45859375 0.6125 0.1390625 0.52109375
0 0.56328125 0.60703125 0.1171875 0.54140625
0 0.64296875 0.62890625 0.1359375 0.5984375
0 0.20234375 0.596875 0.07421875 0.56640625
0 0.26015625 0.37109375 0.09375 0.153125
0 0.32421875 0.35859375 0.075 0.165625
0 0.42578125 0.5109375 0.10078125 0.49296875
0 0.5171875 0.5203125 0.0921875 0.48515625
0 0.65390625 0.525 0.15625 0.4546875
0 0.6875 0.5921875 0.0953125 0.52265625
0 0.78046875 0.60078125 0.140625 0.609375
0 0.86796875 0.63359375 0.15 0.67734375
0 0.671875 0.19140625 0.01484375 0.04921875
0 0.68828125 0.184375 0.01796875 0.05625
0 0.9859375 0.5625 0.02578125 0.3015625