0 0.52578125 0.26484375 0.03046875 0.05859375
0 0.56171875 0.28828125 0.03671875 0.09375
0 0.6609375 0.29609375 0.02265625 0.134375
0 0.76484375 0.25703125 0.0421875 0.07109375
0 0.37109375 0.36875 0.0296875 0.29453125
0 0.3453125 0.3921875 0.06953125 0.30859375
0 0.4171875 0.46796875 0.1140625 0.6453125
0 0.4859375 0.54140625 0.1296875 0.6828125
0 0.609375 0.5421875 0.1484375 0.6703125
0 0.75859375 0.40703125 0.0609375 0.33515625
0 0.86796875 0.47890625 0.10234375 0.50390625
0 0.80078125 0.5828125 0.14453125 0.62578125
0 0.88828125 0.39453125 0.06328125 0.41328125
0 0.9421875 0.37734375 0.08671875 0.4078125
0 0.7375 0.2625 0.0421875 0.08515625
0 0.24296875 0.5875 0.2109375 0.79609375
0 0.196875 0.36171875 0.053125 0.31953125
0 0.1515625 0.4546875 0.08359375 0.4875
0 0.10078125 0.4625 0.071875 0.44296875
0 0.04453125 0.4765625 0.0890625 0.48203125
0 0.89453125 0.3953125 0.128125 0.3796875
0 0.4890625 0.265625 0.234375 0.07109375