0 0.021875 0.80859375 0.03359375 0.13359375
0 0.04140625 0.790625 0.03828125 0.0984375
0 0.1046875 0.815625 0.05 0.1234375
0 0.11484375 0.8140625 0.0359375 0.1359375
0 0.1140625 0.80546875 0.025 0.11328125
0 0.12109375 0.78828125 0.01796875 0.1015625
0 0.134375 0.79921875 0.025 0.10703125
0 0.14765625 0.796875 0.0234375 0.10546875
0 0.2015625 0.79296875 0.04296875 0.12109375
0 0.22265625 0.7921875 0.04609375 0.11171875
0 0.22265625 0.78359375 0.03828125 0.10703125
0 0.22734375 0.78125 0.0203125 0.0921875
0 0.24296875 0.7796875 0.025 0.10390625
0 0.25625 0.78671875 0.04375 0.1109375
0 0.2859375 0.7859375 0.03046875 0.10546875
0 0.30859375 0.80234375 0.040625 0.11953125
0 0.45390625 0.7515625 0.01328125 0.04296875
0 0.46171875 0.778125 0.03125 0.10078125
0 0.5 0.77421875 0.02421875 0.10703125
0 0.5296875 0.81015625 0.0171875 0.0328125
0 0.5171875 0.784375 0.02890625 0.1109375
0 0.5890625 0.75625 0.02421875 0.0625
0 0.59609375 0.80546875 0.03671875 0.11953125
0 0.58515625 0.82109375 0.05234375 0.12578125
0 0.621875 0.79375 0.04921875 0.12734375
0 0.66953125 0.7921875 0.04921875 0.11328125
0 0.728125 0.78046875 0.02109375 0.090625
0 0.76796875 0.7875 0.03203125 0.10234375
0 0.76484375 0.8265625 0.01953125 0.03125
0 0.75703125 0.7921875 0.02890625 0.1171875
0 0.7359375 0.7984375 0.046875 0.1359375
0 0.8046875 0.7921875 0.03515625 0.09765625
0 0.8578125 0.79375 0.02734375 0.10859375
0 0.890625 0.7640625 0.02265625 0.053125
0 0.903125 0.7828125 0.025 0.09609375
0 0.91953125 0.7796875 0.02421875 0.08671875
0 0.9296875 0.75078125 0.01640625 0.02578125
0 0.94609375 0.8 0.03046875 0.1140625
0 0.9625 0.8 0.0296875 0.12265625
0 0.98125 0.8109375 0.0359375 0.15078125
0 0.00703125 0.81640625 0.0140625 0.0890625
0 0.4171875 0.7609375 0.04921875 0.0890625