0 0.95390625 0.5078125 0.09140625 0.4546875
0 0.9421875 0.46640625 0.078125 0.3625
0 0.91953125 0.44453125 0.0359375 0.30703125
0 0.87734375 0.5015625 0.134375 0.484375
0 0.82265625 0.484375 0.0828125 0.38046875
0 0.80234375 0.44296875 0.071875 0.34765625
0 0.72421875 0.48828125 0.1140625 0.41640625
0 0.68828125 0.44453125 0.071875 0.34453125
0 0.6890625 0.428125 0.07109375 0.29453125
0 0.61953125 0.51953125 0.1328125 0.3671875
0 0.5828125 0.4609375 0.09375 0.39375
0 0.521875 0.44296875 0.071875 0.33671875
0 0.5328125 0.41640625 0.0703125 0.32890625
0 0.43984375 0.46171875 0.09296875 0.37734375
0 0.42578125 0.45234375 0.0765625 0.29453125
0 0.3265625 0.3609375 0.05625 0.23828125
0 0.290625 0.371875 0.1234375 0.21171875
0 0.1984375 0.57265625 0.1203125 0.52109375
0 0.31875 0.64140625 0.2015625 0.715625