0 0.28515625 0.7515625 0.12109375 0.3109375
0 0.33984375 0.77265625 0.04609375 0.24375
0 0.35234375 0.7625 0.04375 0.240625
0 0.41015625 0.80625 0.078125 0.1171875
0 0.4390625 0.7546875 0.065625 0.24609375
0 0.47734375 0.7578125 0.07734375 0.24609375
0 0.58046875 0.746875 0.07890625 0.24453125
0 0.58515625 0.78046875 0.05 0.17890625
0 0.66328125 0.7421875 0.0640625 0.23359375
0 0.64921875 0.74921875 0.05625 0.2015625
0 0.70234375 0.74296875 0.04375 0.2171875
0 0.7796875 0.74765625 0.08203125 0.23125
0 0.80078125 0.759375 0.06171875 0.2171875
0 0.82890625 0.74609375 0.03984375 0.20703125
0 0.82734375 0.73984375 0.04375 0.1890625
0 0.8421875 0.6640625 0.025 0.05625
0 0.86484375 0.73828125 0.04296875 0.2
0 0.90234375 0.73359375 0.05 0.18828125
0 0.959375 0.74453125 0.0515625 0.196875
0 0.57890625 0.29765625 0.4296875 0.5953125
0 0.25703125 0.50546875 0.09375 0.1515625
0 0.0375 0.10078125 0.075 0.19453125
0 0.7515625 0.8046875 0.03984375 0.0625