0 0.05859375 0.571875 0.0703125 0.12734375
0 0.09453125 0.5578125 0.053125 0.103125
0 0.20078125 0.5390625 0.034375 0.07265625
0 0.203125 0.52890625 0.03046875 0.0734375
0 0.23671875 0.60078125 0.04765625 0.24609375
0 0.28125 0.6015625 0.06328125 0.25625
0 0.3203125 0.6046875 0.046875 0.271875
0 0.371875 0.590625 0.05390625 0.2796875
0 0.428125 0.59609375 0.05078125 0.246875
0 0.48671875 0.61796875 0.0484375 0.225
0 0.5484375 0.58125 0.046875 0.29453125
0 0.5921875 0.609375 0.04453125 0.25078125
0 0.64453125 0.596875 0.0546875 0.28984375
0 0.70078125 0.578125 0.053125 0.28359375
0 0.759375 0.58984375 0.05703125 0.26484375
0 0.834375 0.58828125 0.06328125 0.2859375
0 0.25625 0.528125 0.02265625 0.1203125
0 0.3890625 0.48359375 0.0140625 0.03515625
0 0.40859375 0.5 0.021875 0.06015625
0 0.44140625 0.48984375 0.01796875 0.06328125
0 0.45859375 0.5140625 0.01796875 0.084375
0 0.475 0.50234375 0.0171875 0.065625
0 0.49296875 0.4984375 0.01796875 0.06328125
0 0.51171875 0.50703125 0.01953125 0.09375
0 0.525 0.51171875 0.01328125 0.08671875
0 0.5703125 0.51015625 0.01484375 0.0875
0 0.59375 0.48984375 0.0171875 0.0609375
0 0.415625 0.365625 0.01015625 0.0203125
0 0.42265625 0.35390625 0.01171875 0.02109375
0 0.425 0.3671875 0.0109375 0.0234375
0 0.4453125 0.359375 0.01328125 0.03828125
0 0.46484375 0.35859375 0.01015625 0.034375
0 0.48515625 0.359375 0.0125 0.03125
0 0.4953125 0.3546875 0.0125 0.02265625
0 0.5109375 0.3578125 0.01171875 0.03359375
0 0.525 0.36015625 0.0109375 0.03359375
0 0.5015625 0.340625 0.0125 0.05546875
0 0.5390625 0.34609375 0.0125 0.0546875
0 0.58359375 0.36015625 0.01328125 0.04296875
0 0.59609375 0.3640625 0.0125 0.04375
0 0.60625 0.3640625 0.0140625 0.03359375
0 0.62265625 0.36015625 0.0125 0.03984375
0 0.64453125 0.3546875 0.0140625 0.03359375
0 0.64765625 0.33203125 0.0125 0.02734375
0 0.659375 0.3484375 0.0109375 0.03046875
0 0.66875 0.35625 0.01015625 0.03515625
0 0.6828125 0.35859375 0.01328125 0.0375
0 0.69140625 0.3625 0.015625 0.02578125
0 0.7046875 0.35703125 0.01015625 0.0359375
0 0.75078125 0.35234375 0.0078125 0.01875
0 0.76015625 0.375 0.01015625 0.028125
0 0.7703125 0.37890625 0.0109375 0.034375
0 0.6328125 0.48046875 0.01015625 0.025
0 0.03203125 0.61640625 0.06328125 0.1015625
0 0.021875 0.5140625 0.015625 0.02421875
0 0.54140625 0.471875 0.0078125 0.01171875
0 0.63046875 0.403125 0.0328125 0.0203125
0 0.4984375 0.3703125 0.01015625 0.01953125
0 0.634375 0.36953125 0.01484375 0.0125
0 0.6546875 0.3375 0.0046875 0.0078125
0 0.8375 0.3578125 0.0234375 0.03203125
0 0.953125 0.3625 0.01015625 0.025
0 0.28359375 0.4875 0.01484375 0.046875