0 0.06640625 0.51484375 0.07578125 0.125
0 0.090625 0.715625 0.16171875 0.503125
0 0.1640625 0.66875 0.0734375 0.42265625
0 0.22265625 0.4984375 0.11953125 0.14453125
0 0.19375 0.72578125 0.12578125 0.4921875
0 0.2703125 0.73984375 0.10703125 0.4828125
0 0.359375 0.715625 0.13046875 0.540625
0 0.3859375 0.73046875 0.0953125 0.53671875
0 0.43984375 0.73046875 0.0875 0.53671875
0 0.49296875 0.7296875 0.1171875 0.53828125
0 0.60703125 0.584375 0.365625 0.82890625
0 0.7609375 0.69921875 0.13359375 0.54296875
0 0.88359375 0.68046875 0.23046875 0.6359375
0 0.6609375 0.696875 0.23203125 0.540625
0 0.175 0.63125 0.35 0.559375