0 0.1890625 0.7171875 0.11796875 0.53203125
0 0.0546875 0.6328125 0.109375 0.49765625
0 0.11171875 0.5625 0.0359375 0.1765625
0 0.13828125 0.56484375 0.025 0.16796875
0 0.23125 0.5359375 0.03828125 0.12109375
0 0.25234375 0.5484375 0.0296875 0.153125
0 0.27421875 0.5421875 0.021875 0.115625
0 0.3046875 0.546875 0.03125 0.15859375
0 0.325 0.53984375 0.03203125 0.12578125
0 0.35078125 0.55234375 0.03828125 0.16640625
0 0.371875 0.578125 0.0578125 0.24765625
0 0.4046875 0.55390625 0.028125 0.16640625
0 0.440625 0.64453125 0.07890625 0.36015625
0 0.4734375 0.62578125 0.0390625 0.3375
0 0.4828125 0.58671875 0.04296875 0.28671875
0 0.5140625 0.578125 0.0359375 0.21171875
0 0.5578125 0.528125 0.0359375 0.10625
0 0.58671875 0.49453125 0.02890625 0.08671875
0 0.603125 0.60703125 0.03671875 0.30546875
0 0.63984375 0.640625 0.0828125 0.42734375
0 0.6546875 0.52109375 0.0359375 0.12109375
0 0.7109375 0.65859375 0.09609375 0.38203125
0 0.71328125 0.490625 0.05078125 0.0828125
0 0.6734375 0.5203125 0.0328125 0.09609375
0 0.93359375 0.5265625 0.09921875 0.16484375
0 0.53671875 0.5078125 0.0171875 0.034375
0 0.98828125 0.54765625 0.021875 0.08515625
0 0.1609375 0.55703125 0.03984375 0.09140625
0 0.41875 0.54296875 0.025 0.1078125
0 0.284375 0.509375 0.0171875 0.03125
0 0.34140625 0.50390625 0.0171875 0.0453125
0 0.45390625 0.4671875 0.01796875 0.01328125
0 0.54375 0.4921875 0.03515625 0.034375