0 0.196875 0.73984375 0.28359375 0.51484375
0 0.57421875 0.75859375 0.20859375 0.47734375
0 0.6328125 0.5640625 0.14140625 0.3171875
0 0.6859375 0.47890625 0.1046875 0.17734375
0 0.87578125 0.51484375 0.14140625 0.18515625
0 0.7734375 0.4765625 0.08359375 0.1921875
0 0.90859375 0.3859375 0.0765625 0.0921875
0 0.89140625 0.35390625 0.03984375 0.07734375
0 0.97265625 0.3609375 0.04140625 0.07265625
0 0.9265625 0.3265625 0.03671875 0.0421875
0 0.97421875 0.36015625 0.03515625 0.0703125
0 0.859375 0.3328125 0.0484375 0.0796875
0 0.828125 0.33359375 0.03671875 0.0625
0 0.80703125 0.3265625 0.03671875 0.09765625
0 0.78046875 0.32109375 0.03515625 0.0671875
0 0.7453125 0.32265625 0.03671875 0.06484375
0 0.715625 0.3265625 0.04140625 0.07734375
0 0.73515625 0.37734375 0.06015625 0.125
0 0.6765625 0.33125 0.03671875 0.07265625
0 0.64296875 0.35859375 0.053125 0.10234375
0 0.64765625 0.3828125 0.0453125 0.11015625
0 0.5671875 0.35 0.0453125 0.075
0 0.2171875 0.37890625 0.071875 0.1828125
0 0.3109375 0.3875 0.06484375 0.18515625
0 0.31796875 0.38515625 0.046875 0.18515625
0 0.434375 0.37109375 0.0546875 0.14765625
0 0.4453125 0.31875 0.03359375 0.0671875
0 0.48515625 0.3671875 0.05703125 0.1546875
0 0.54296875 0.33359375 0.04296875 0.0921875
0 0.53203125 0.31015625 0.03359375 0.075
0 0.6046875 0.325 0.03984375 0.1046875
0 0.4703125 0.25625 0.0234375 0.09765625
0 0.27109375 0.2984375 0.0515625 0.0828125
0 0.3390625 0.29140625 0.03828125 0.0828125
0 0.2875 0.30390625 0.028125 0.0921875
0 0.1765625 0.2640625 0.03671875 0.1375
0 0.1875 0.24140625 0.375 0.1125
0 0.65078125 0.26484375 0.46796875 0.15