0 0.559375 0.8859375 0.0390625 0.22578125
0 0.575 0.89453125 0.03125 0.209375
0 0.43828125 0.928125 0.10390625 0.14140625
0 0.38671875 0.94375 0.06171875 0.11015625
0 0.440625 0.83046875 0.04140625 0.08125
0 0.36875 0.89609375 0.0390625 0.20625
0 0.33203125 0.86171875 0.03203125 0.203125
0 0.159375 0.87578125 0.04375 0.15859375
0 0.1671875 0.85703125 0.03671875 0.171875
0 0.07265625 0.85703125 0.03671875 0.18515625
0 0.0046875 0.85 0.009375 0.128125
0 0.96015625 0.915625 0.07734375 0.16796875
0 0.97578125 0.896875 0.01875 0.08046875
0 0.30703125 0.75625 0.015625 0.03828125