0 0.13125 0.65859375 0.2625 0.36171875
0 0.4359375 0.58046875 0.2578125 0.5125
0 0.20703125 0.6375 0.20859375 0.4015625
0 0.23203125 0.49765625 0.11953125 0.35390625
0 0.2546875 0.41953125 0.10390625 0.33515625
0 0.4578125 0.4125 0.215625 0.4953125
0 0.3421875 0.5046875 0.1015625 0.384375
0 0.43984375 0.071875 0.03203125 0.13515625
0 0.4734375 0.04296875 0.0265625 0.05390625
0 0.50703125 0.14140625 0.0375 0.14921875
0 0.52734375 0.1515625 0.0546875 0.16328125
0 0.55703125 0.14921875 0.04609375 0.15546875
0 0.57890625 0.14609375 0.0796875 0.15234375
0 0.58359375 0.2203125 0.090625 0.24140625
0 0.63828125 0.13515625 0.0609375 0.18125
0 0.6671875 0.1734375 0.0546875 0.09375
0 0.68984375 0.28671875 0.10859375 0.30625
0 0.7453125 0.2546875 0.053125 0.14765625
0 0.853125 0.4359375 0.15546875 0.44921875
0 0.94609375 0.38515625 0.10546875 0.509375
0 0.82578125 0.16953125 0.0203125 0.04140625
0 0.69765625 0.10625 0.0671875 0.190625
0 0.73046875 0.0828125 0.03828125 0.1171875
0 0.76640625 0.10546875 0.0390625 0.13203125
0 0.803125 0.09140625 0.07109375 0.1765625
0 0.91171875 0.1171875 0.1171875 0.234375
0 0.61328125 0.79296875 0.2296875 0.4109375
0 0.32734375 0.17265625 0.1796875 0.3453125
0 0.484375 0.1109375 0.096875 0.1171875
0 0.5859375 0.03828125 0.10703125 0.0765625
0 0.9703125 0.55390625 0.05546875 0.35234375
0 0.6734375 0.0703125 0.021875 0.04609375