0 0.45078125 0.4859375 0.13203125 0.29453125
0 0.503125 0.46640625 0.11328125 0.309375
0 0.7203125 0.42421875 0.13359375 0.16484375
0 0.7140625 0.3890625 0.15859375 0.08984375
0 0.79140625 0.34140625 0.03671875 0.1296875
0 0.665625 0.35546875 0.03203125 0.0875
0 0.64140625 0.36171875 0.03984375 0.03984375
0 0.61328125 0.321875 0.01328125 0.0546875
0 0.5203125 0.3328125 0.03671875 0.05703125
0 0.57734375 0.346875 0.0453125 0.0546875
0 0.2640625 0.33515625 0.021875 0.0421875
0 0.23984375 0.33671875 0.0296875 0.03984375
0 0.71796875 0.32578125 0.05 0.0625
0 0.55546875 0.346875 0.0453125 0.06015625
0 0.38515625 0.3390625 0.03359375 0.05
0 0.4515625 0.3328125 0.053125 0.0671875