0 0.015625 0.88359375 0.03125 0.1703125
0 0.0109375 0.86953125 0.021875 0.1921875
0 0.0296875 0.8359375 0.02734375 0.13671875
0 0.0421875 0.8328125 0.025 0.103125
0 0.06328125 0.8109375 0.025 0.0984375
0 0.07421875 0.81796875 0.0265625 0.11015625
0 0.0921875 0.828125 0.02421875 0.08671875
0 0.13046875 0.8546875 0.0453125 0.1515625
0 0.225 0.865625 0.05078125 0.159375
0 0.24375 0.82578125 0.02421875 0.07265625
0 0.2609375 0.86640625 0.03671875 0.1375
0 0.30546875 0.85078125 0.0453125 0.13671875
0 0.35390625 0.834375 0.03515625 0.1390625
0 0.37578125 0.84921875 0.04765625 0.13515625
0 0.44453125 0.85625 0.03359375 0.14921875
0 0.46875 0.85 0.02890625 0.15
0 0.48046875 0.84375 0.0171875 0.1390625
0 0.54453125 0.85078125 0.04921875 0.16640625
0 0.58828125 0.8546875 0.04375 0.14453125
0 0.653125 0.8546875 0.046875 0.16171875
0 0.75859375 0.85625 0.0453125 0.14453125
0 0.85625 0.84609375 0.0375 0.13203125
0 0.9 0.86328125 0.05859375 0.16796875
0 0.94453125 0.86171875 0.05 0.15859375
0 0.96484375 0.85078125 0.0328125 0.12734375
0 0.91171875 0.83125 0.028125 0.10859375
0 0.26328125 0.8515625 0.021875 0.1328125
0 0.41796875 0.78828125 0.01171875 0.034375
0 0.0234375 0.78046875 0.04609375 0.0390625
0 0.103125 0.8171875 0.0203125 0.10625
0 0.165625 0.803125 0.0671875 0.08359375
0 0.21875 0.82109375 0.0359375 0.08125
0 0.3953125 0.81015625 0.0171875 0.034375
0 0.30234375 0.765625 0.09296875 0.0453125
0 0.66484375 0.80546875 0.0296875 0.02578125
0 0.55859375 0.78671875 0.02109375 0.03125
0 0.71640625 0.79453125 0.04296875 0.03828125
0 0.76171875 0.79296875 0.03359375 0.03203125
0 0.875 0.79921875 0.02578125 0.02421875
0 0.0625 0.9453125 0.125 0.084375
0 0.30703125 0.90546875 0.359375 0.040625
0 0.5875 0.9046875 0.1609375 0.0546875
0 0.83984375 0.9171875 0.2609375 0.05859375