0 0.875 0.33515625 0.025 0.090625
0 0.859375 0.3296875 0.01875 0.0765625
0 0.89453125 0.33671875 0.02421875 0.103125
0 0.9484375 0.35546875 0.04296875 0.153125
0 0.90234375 0.36484375 0.05234375 0.228125
0 0.92734375 0.384375 0.0765625 0.2421875
0 0.78828125 0.425 0.11015625 0.31328125
0 0.5515625 0.6078125 0.6375 0.78125
0 0.33515625 0.49921875 0.25078125 0.9984375
0 0.84453125 0.3234375 0.02421875 0.0421875
0 0.98515625 0.3625 0.02734375 0.1453125
0 0.80703125 0.3 0.03359375 0.0671875
0 0.68515625 0.365625 0.0703125 0.2296875
0 0.2421875 0.28125 0.075 0.2328125
0 0.4453125 0.190625 0.1046875 0.26796875
0 0.23984375 0.02578125 0.04921875 0.0515625