0 0.05 0.571875 0.1 0.4703125
0 0.134375 0.51640625 0.10390625 0.3140625
0 0.09765625 0.740625 0.14765625 0.38984375
0 0.17734375 0.4 0.075 0.16484375
0 0.22578125 0.64140625 0.115625 0.47890625
0 0.275 0.46875 0.1 0.259375
0 0.31171875 0.3984375 0.06171875 0.13671875
0 0.371875 0.45859375 0.1203125 0.2578125
0 0.33984375 0.7125 0.17890625 0.4171875
0 0.428125 0.65859375 0.10703125 0.44375
0 0.4625 0.48359375 0.0828125 0.31015625
0 0.54765625 0.4921875 0.1109375 0.30703125
0 0.51953125 0.73671875 0.16953125 0.3828125
0 0.659375 0.4875 0.16171875 0.3296875
0 0.665625 0.7515625 0.19296875 0.42265625
0 0.7296875 0.4171875 0.06015625 0.18984375
0 0.7796875 0.64375 0.14140625 0.56484375
0 0.89296875 0.4265625 0.19453125 0.315625
0 0.89296875 0.6328125 0.125 0.55234375
0 0.01875 0.70546875 0.0375 0.2140625
0 0.346875 0.3734375 0.0296875 0.07734375
0 0.1375 0.8828125 0.19765625 0.0984375
0 0.69453125 0.94453125 0.1625 0.04765625