0 0.978125 0.45234375 0.028125 0.0875
0 0.95390625 0.459375 0.01484375 0.04921875
0 0.9203125 0.4515625 0.01875 0.06875
0 0.81640625 0.46875 0.02109375 0.08046875
0 0.79375 0.47890625 0.01875 0.08046875
0 0.78828125 0.48125 0.01953125 0.07890625
0 0.74765625 0.4640625 0.021875 0.0296875
0 0.56171875 0.47734375 0.01875 0.0421875
0 0.5828125 0.49296875 0.03046875 0.07734375
0 0.62578125 0.50625 0.05703125 0.1734375
0 0.64765625 0.4875 0.065625 0.10546875
0 0.878125 0.684375 0.18984375 0.628125
0 0.5453125 0.52578125 0.23203125 0.44375
0 0.7328125 0.5859375 0.18359375 0.4453125
0 0.17109375 0.46484375 0.0328125 0.06640625
0 0.31796875 0.53046875 0.5421875 0.93515625
0 0.790625 0.4828125 0.05703125 0.02421875
0 0.8421875 0.44765625 0.03515625 0.03125
0 0.9359375 0.4625 0.01875 0.0296875
0 0.578125 0.66953125 0.03515625 0.071875
0 0.1859375 0.471875 0.02109375 0.03515625