0 0.10546875 0.58828125 0.15859375 0.64375
0 0.35 0.55234375 0.09609375 0.43359375
0 0.37578125 0.5234375 0.0578125 0.37421875
0 0.409375 0.50078125 0.071875 0.3640625
0 0.4984375 0.55546875 0.09609375 0.3796875
0 0.59296875 0.553125 0.115625 0.47421875
0 0.67265625 0.540625 0.08046875 0.39140625
0 0.5296875 0.528125 0.0453125 0.2984375
0 0.64375 0.5171875 0.0609375 0.34609375
0 0.56328125 0.53828125 0.03984375 0.3421875
0 0.228125 0.4859375 0.06015625 0.225
0 0.18359375 0.475 0.0578125 0.2140625
0 0.0390625 0.53125 0.05703125 0.36328125
0 0.29375 0.43984375 0.03125 0.13828125
0 0.26796875 0.42890625 0.02265625 0.090625
0 0.4375 0.428125 0.0234375 0.09609375
0 0.45546875 0.40390625 0.0140625 0.03671875
0 0.16171875 0.40234375 0.01640625 0.03671875
0 0.01328125 0.3953125 0.0125 0.01171875
0 0.1546875 0.39140625 0.01171875 0.01484375
0 0.2109375 0.403125 0.01015625 0.01796875
0 0.20625 0.3890625 0.009375 0.01328125
0 0.01796875 0.6109375 0.0359375 0.403125
0 0.2125 0.1546875 0.059375 0.20234375
0 0.0640625 0.153125 0.05390625 0.14921875
0 0.1546875 0.40390625 0.00625 0.015625
0 0.275 0.390625 0.0078125 0.015625
0 0.24921875 0.4171875 0.01484375 0.04609375
0 0.20390625 0.40390625 0.0078125 0.02109375
0 0.2140625 0.390625 0.00859375 0.00703125
0 0.44609375 0.40625 0.01171875 0.04375
0 0.42734375 0.39453125 0.01328125 0.01171875
0 0.41796875 0.38125 0.00546875 0.0109375