0 0.8515625 0.653125 0.171875 0.65703125
0 0.93203125 0.5890625 0.13125 0.4015625
0 0.7203125 0.57734375 0.05546875 0.20703125
0 0.7625 0.5359375 0.0734375 0.2859375
0 0.72890625 0.440625 0.0359375 0.1375
0 0.753125 0.43046875 0.04140625 0.13125
0 0.88359375 0.43125 0.04765625 0.11953125
0 0.79609375 0.42421875 0.028125 0.07890625
0 0.98203125 0.475 0.034375 0.1296875
0 0.196875 0.5234375 0.1796875 0.246875
0 0.40546875 0.44765625 0.078125 0.196875
0 0.50703125 0.4296875 0.0421875 0.1359375
0 0.55703125 0.41875 0.02890625 0.09765625
0 0.5953125 0.415625 0.0234375 0.0890625
0 0.81796875 0.409375 0.02578125 0.065625
0 0.77578125 0.4078125 0.01640625 0.021875
0 0.9796875 0.41796875 0.0390625 0.07890625
0 0.9140625 0.42265625 0.034375 0.065625
0 0.940625 0.38515625 0.02109375 0.0234375
0 0.74375 0.39609375 0.0125 0.02890625
0 0.89765625 0.62578125 0.0203125 0.02890625