0 0.0953125 0.6125 0.190625 0.75546875
0 0.240625 0.43984375 0.159375 0.75859375
0 0.4171875 0.428125 0.1203125 0.50625
0 0.5984375 0.4390625 0.15 0.46484375
0 0.71015625 0.29609375 0.0625 0.32578125
0 0.79765625 0.32265625 0.06640625 0.3
0 0.84453125 0.24375 0.0640625 0.34140625
0 0.8515625 0.34453125 0.07578125 0.40625
0 0.896875 0.4109375 0.11484375 0.3078125
0 0.93359375 0.31484375 0.06796875 0.3796875
0 0.953125 0.33046875 0.09140625 0.384375
0 0.47265625 0.34140625 0.0765625 0.35546875
0 0.36484375 0.3296875 0.05703125 0.3984375
0 0.1125 0.40625 0.075 0.40625
0 0.33203125 0.328125 0.03984375 0.303125
0 0.4890625 0.3328125 0.06015625 0.3125
0 0.52578125 0.28984375 0.0390625 0.23359375
0 0.50859375 0.3296875 0.02109375 0.1796875
0 0.51015625 0.20078125 0.0203125 0.07109375
0 0.58828125 0.33203125 0.06328125 0.33984375
0 0.60703125 0.3859375 0.0625 0.33359375
0 0.62421875 0.415625 0.10078125 0.2921875
0 0.65234375 0.29375 0.046875 0.2890625
0 0.1859375 0.34921875 0.04921875 0.33046875
0 0.153125 0.34453125 0.04140625 0.3171875
0 0.73671875 0.2859375 0.05390625 0.3078125
0 0.60546875 0.20078125 0.034375 0.084375
0 0.29609375 0.3984375 0.06953125 0.421875
0 0.35859375 0.43125 0.0359375 0.078125
0 0.05546875 0.27890625 0.1109375 0.2296875
0 0.1265625 0.209375 0.034375 0.06640625
0 0.025 0.5671875 0.05 0.35390625
0 0.64453125 0.2296875 0.04609375 0.05546875
0 0.6078125 0.4828125 0.0625 0.0921875
0 0.43984375 0.85234375 0.096875 0.2921875
0 0.971875 0.05703125 0.0515625 0.1140625
0 0.96328125 0.3 0.04453125 0.34921875
0 0.915625 0.70546875 0.15703125 0.26484375