0 0.0765625 0.49296875 0.153125 0.90234375
0 0.11796875 0.47109375 0.05 0.77109375
0 0.17265625 0.43984375 0.0984375 0.74375
0 0.196875 0.3765625 0.14921875 0.67734375
0 0.309375 0.334375 0.1234375 0.63203125
0 0.40546875 0.27578125 0.08984375 0.41953125
0 0.4859375 0.28359375 0.0890625 0.428125
0 0.54765625 0.36328125 0.090625 0.525
0 0.5984375 0.35234375 0.1 0.6078125
0 0.6609375 0.29765625 0.125 0.50234375
0 0.74375 0.29609375 0.1265625 0.50234375
0 0.8375 0.45078125 0.1375 0.75078125
0 0.8953125 0.25 0.08125 0.35859375
0 0.9484375 0.459375 0.10078125 0.84296875
0 0.83671875 0.6390625 0.25390625 0.7015625