0 0.39140625 0.71640625 0.140625 0.27578125
0 0.48203125 0.6984375 0.08828125 0.225
0 0.55625 0.6109375 0.0578125 0.08828125
0 0.43828125 0.5734375 0.025 0.04375
0 0.478125 0.565625 0.06015625 0.06484375
0 0.55859375 0.565625 0.0453125 0.0671875
0 0.88203125 0.68828125 0.07578125 0.1859375
0 0.83046875 0.5734375 0.02265625 0.05234375
0 0.80625 0.6234375 0.04375 0.08984375
0 0.95 0.58046875 0.03828125 0.04765625
0 0.35625 0.57890625 0.08515625 0.0390625
0 0.10546875 0.57109375 0.02734375 0.0390625