0 0.78203125 0.59375 0.10703125 0.59921875
0 0.69609375 0.60078125 0.13046875 0.7203125
0 0.61875 0.56640625 0.07109375 0.5078125
0 0.48046875 0.39453125 0.08359375 0.3046875
0 0.5296875 0.6140625 0.178125 0.76875
0 0.340625 0.61484375 0.17109375 0.7609375
0 0.91796875 0.4625 0.1625 0.12421875
0 0.9671875 0.73828125 0.0625 0.4234375
0 0.4296875 0.55390625 0.06953125 0.62734375
0 0.578125 0.3125 0.03671875 0.1046875
0 0.646875 0.315625 0.028125 0.12734375
0 0.00390625 0.44921875 0.0078125 0.228125