0 0.74453125 0.6578125 0.09453125 0.51015625
0 0.68125 0.65234375 0.06953125 0.46484375
0 0.584375 0.63203125 0.1484375 0.49765625
0 0.5484375 0.6359375 0.0921875 0.4953125
0 0.4484375 0.625 0.16640625 0.50625
0 0.43515625 0.6375 0.16328125 0.51015625
0 0.34453125 0.65546875 0.0796875 0.48359375
0 0.27734375 0.63515625 0.11484375 0.5609375
0 0.19609375 0.67109375 0.1203125 0.5796875
0 0.98125 0.44296875 0.0359375 0.04296875
0 0.88359375 0.44453125 0.021875 0.03046875
0 0.771875 0.43828125 0.0234375 0.03203125
0 0.08984375 0.40234375 0.0125 0.03046875
0 0.12890625 0.4125 0.00859375 0.0203125