0 0.0140625 0.71875 0.028125 0.2046875
0 0.08046875 0.7234375 0.0921875 0.21484375
0 0.1125 0.71484375 0.10546875 0.1859375
0 0.1609375 0.73046875 0.11640625 0.225
0 0.2375 0.759375 0.13125 0.36953125
0 0.30546875 0.71875 0.04765625 0.25859375
0 0.3703125 0.75859375 0.14140625 0.3671875
0 0.43984375 0.725 0.02421875 0.07109375
0 0.4515625 0.73125 0.0296875 0.08046875
0 0.46640625 0.74140625 0.06640625 0.07421875
0 0.465625 0.70234375 0.009375 0.00859375
0 0.4703125 0.70703125 0.00859375 0.01875
0 0.4796875 0.6984375 0.0078125 0.00546875
0 0.48515625 0.72578125 0.0359375 0.06875
0 0.50390625 0.71796875 0.015625 0.028125
0 0.51875 0.7234375 0.0234375 0.0734375
0 0.51953125 0.7390625 0.01875 0.04296875
0 0.5359375 0.72265625 0.0390625 0.0828125
0 0.5578125 0.72265625 0.0390625 0.07890625
0 0.5609375 0.72109375 0.02109375 0.03359375
0 0.571875 0.7234375 0.01796875 0.0328125
0 0.58671875 0.70859375 0.01171875 0.0234375
0 0.63203125 0.728125 0.09765625 0.16015625
0 0.67578125 0.71328125 0.00859375 0.015625
0 0.6890625 0.71875 0.02578125 0.03515625
0 0.6984375 0.715625 0.01015625 0.03203125
0 0.73671875 0.72109375 0.07890625 0.17421875
0 0.77734375 0.73203125 0.03515625 0.09453125
0 0.75703125 0.7203125 0.05234375 0.11953125
0 0.78046875 0.725 0.059375 0.0765625
0 0.86953125 0.7234375 0.0265625 0.0578125
0 0.9296875 0.7203125 0.015625 0.05859375
0 0.82734375 0.7328125 0.04296875 0.06328125
0 0.94921875 0.72578125 0.10078125 0.18828125
0 0.80234375 0.71796875 0.059375 0.128125
0 0.50234375 0.703125 0.009375 0.00234375
0 0.57421875 0.72578125 0.00859375 0.0046875
0 0.88359375 0.72109375 0.0109375 0.04375
0 0.4125 0.8015625 0.0375 0.04140625
0 0.42421875 0.740625 0.02421875 0.0609375
0 0.68984375 0.7015625 0.0109375 0.00390625
0 0.684375 0.70546875 0.00390625 0.00390625
0 0.69609375 0.7234375 0.00546875 0.0125
0 0.68828125 0.72890625 0.00546875 0.00390625
0 0.853125 0.72265625 0.01171875 0.02890625
0 0.996875 0.703125 0.0046875 0.03671875
0 0.840625 0.71015625 0.0125 0.0109375
0 0.39921875 0.6140625 0.040625 0.0265625
0 0.1703125 0.61796875 0.01640625 0.03984375
0 0.540625 0.6 0.05859375 0.03671875
0 0.67578125 0.62265625 0.02578125 0.03671875
0 0.9 0.61875 0.028125 0.03203125
0 0.5296875 0.4953125 0.7390625 0.0484375