0 0.0953125 0.5609375 0.17578125 0.5171875
0 0.13515625 0.36640625 0.09296875 0.45234375
0 0.20234375 0.37265625 0.09296875 0.46015625
0 0.27578125 0.2671875 0.0953125 0.2609375
0 0.3578125 0.284375 0.0875 0.2984375
0 0.44609375 0.26328125 0.09921875 0.3234375
0 0.51328125 0.3921875 0.11484375 0.4765625
0 0.59296875 0.26015625 0.11484375 0.28984375
0 0.6765625 0.25625 0.1 0.2609375
0 0.75703125 0.3328125 0.103125 0.3484375
0 0.8546875 0.38984375 0.11640625 0.48359375
0 0.26171875 0.471875 0.1234375 0.35234375
0 0.37421875 0.5703125 0.11796875 0.4859375
0 0.46484375 0.5453125 0.096875 0.49453125
0 0.56328125 0.484375 0.11484375 0.36796875
0 0.66484375 0.50625 0.13515625 0.484375
0 0.8015625 0.546875 0.1546875 0.5875
0 0.275 0.728125 0.13984375 0.37734375
0 0.409375 0.73359375 0.1328125 0.396875
0 0.53125 0.7515625 0.12578125 0.365625
0 0.659375 0.7515625 0.15859375 0.3359375
0 0.8625 0.771875 0.21796875 0.32890625
0 0.1328125 0.696875 0.265625 0.2125
0 0.7234375 0.75390625 0.25390625 0.20078125