0 0.13984375 0.790625 0.2796875 0.415625
0 0.284375 0.7765625 0.203125 0.44375
0 0.4390625 0.75078125 0.275 0.4953125
0 0.65546875 0.7515625 0.2078125 0.49375
0 0.8578125 0.75234375 0.228125 0.4921875
0 0.93125 0.60625 0.134375 0.353125
0 0.1671875 0.60234375 0.165625 0.2140625
0 0.465625 0.30234375 0.93125 0.0546875
0 0.22890625 0.434375 0.2140625 0.05
0 0.2609375 0.384375 0.040625 0.053125
0 0.13515625 0.40078125 0.0234375 0.0203125
0 0.18203125 0.40390625 0.0359375 0.0140625
0 0.21875 0.39609375 0.021875 0.0296875
0 0.4015625 0.43359375 0.134375 0.0265625
0 0.32109375 0.40546875 0.0234375 0.0109375
0 0.76796875 0.5015625 0.1484375 0.075