0 0.1265625 0.665625 0.08515625 0.3015625
0 0.1703125 0.65234375 0.03515625 0.28671875
0 0.20234375 0.6609375 0.0578125 0.3
0 0.24609375 0.6703125 0.06484375 0.3
0 0.2984375 0.67265625 0.0609375 0.28125
0 0.3375 0.66875 0.05234375 0.28125
0 0.38515625 0.67265625 0.07265625 0.284375
0 0.46015625 0.69765625 0.0796875 0.25625
0 0.5203125 0.66953125 0.06484375 0.28671875
0 0.56328125 0.66328125 0.0484375 0.29609375
0 0.59765625 0.678125 0.0625 0.3
0 0.6578125 0.67109375 0.07734375 0.3015625
0 0.725 0.66484375 0.0453125 0.284375
0 0.78125 0.68671875 0.07734375 0.35
0 0.84609375 0.69453125 0.0921875 0.4046875
0 0.89453125 0.66953125 0.06640625 0.34296875
0 0.87421875 0.52890625 0.0390625 0.0765625
0 0.8078125 0.6515625 0.0421875 0.31484375
0 0.76328125 0.66484375 0.0640625 0.321875
0 0.7484375 0.528125 0.0359375 0.07890625
0 0.6984375 0.64921875 0.0515625 0.30546875
0 0.66640625 0.534375 0.03515625 0.084375
0 0.63515625 0.65078125 0.03515625 0.309375
0 0.60625 0.63828125 0.0578125 0.321875
0 0.57890625 0.50625 0.0296875 0.0546875
0 0.546875 0.53828125 0.03359375 0.08046875
0 0.5453125 0.53828125 0.03359375 0.08046875
0 0.52109375 0.5203125 0.0328125 0.06015625
0 0.490625 0.51015625 0.01875 0.03203125
0 0.4984375 0.65703125 0.03984375 0.28828125
0 0.47265625 0.5515625 0.08984375 0.08828125
0 0.45546875 0.5609375 0.05390625 0.121875
0 0.4203125 0.659375 0.0625 0.3
0 0.3984375 0.5359375 0.02734375 0.0671875
0 0.3640625 0.534375 0.0375 0.09921875
0 0.34609375 0.51796875 0.025 0.0546875
0 0.309375 0.53671875 0.04609375 0.08828125
0 0.26484375 0.5265625 0.0625 0.1234375
0 0.28984375 0.4984375 0.02734375 0.075
0 0.32734375 0.49609375 0.02734375 0.07890625
0 0.371875 0.50078125 0.0359375 0.07265625
0 0.4140625 0.5046875 0.0484375 0.08828125
0 0.440625 0.5046875 0.0265625 0.08046875