0 0.51015625 0.20546875 0.0078125 0.03125
0 0.509375 0.21171875 0.0125 0.025
0 0.50703125 0.2421875 0.0125 0.03984375
0 0.50625 0.2765625 0.0140625 0.04140625
0 0.49453125 0.28515625 0.0140625 0.02265625
0 0.52734375 0.34375 0.02421875 0.06171875
0 0.528125 0.42265625 0.02265625 0.12734375
0 0.503125 0.403125 0.03125 0.08515625
0 0.48515625 0.26171875 0.015625 0.07109375
0 0.4671875 0.2515625 0.0109375 0.03828125
0 0.4609375 0.28046875 0.01640625 0.05234375
0 0.47265625 0.26953125 0.01171875 0.03515625
0 0.47109375 0.2828125 0.0140625 0.03125
0 0.4671875 0.29296875 0.009375 0.0203125
0 0.45234375 0.3421875 0.0171875 0.0890625
0 0.66640625 0.80390625 0.14296875 0.38984375
0 0.10625 0.67109375 0.2109375 0.65546875
0 0.4171875 0.621875 0.03515625 0.15625
0 0.4359375 0.615625 0.021875 0.14296875
0 0.421875 0.45546875 0.01875 0.0328125
0 0.434375 0.41484375 0.03125 0.1109375
0 0.4484375 0.41015625 0.0234375 0.12265625
0 0.4484375 0.36171875 0.0171875 0.03984375
0 0.465625 0.34296875 0.0171875 0.09765625
0 0.51484375 0.2890625 0.0078125 0.0171875
0 0.48203125 0.228125 0.02265625 0.075
0 0.4796875 0.2828125 0.00546875 0.034375
0 0.47421875 0.37109375 0.01640625 0.025
0 0.1953125 0.9046875 0.04765625 0.184375
0 0.29453125 0.68203125 0.0765625 0.24375
0 0.72890625 0.4578125 0.04765625 0.05625
0 0.284375 0.30546875 0.03125 0.04921875
0 0.62265625 0.2265625 0.01640625 0.04375