0 0.18671875 0.55 0.2734375 0.89609375
0 0.16484375 0.47578125 0.13359375 0.60703125
0 0.36953125 0.51328125 0.24140625 0.740625
0 0.31484375 0.69453125 0.08671875 0.153125
0 0.46484375 0.46796875 0.10703125 0.5765625
0 0.553125 0.5125 0.16640625 0.58671875
0 0.5984375 0.3015625 0.06015625 0.10859375
0 0.6515625 0.4515625 0.08671875 0.4296875
0 0.75234375 0.54609375 0.24140625 0.8015625
0 0.84453125 0.47265625 0.06796875 0.47421875
0 0.8859375 0.5171875 0.21484375 0.6953125
0 0.96328125 0.52109375 0.0703125 0.4828125
0 0.0546875 0.3640625 0.10703125 0.14296875
0 0.61015625 0.55546875 0.046875 0.165625
0 0.9921875 0.71171875 0.01171875 0.0734375