0 0.959375 0.4859375 0.07734375 0.21015625
0 0.86875 0.48046875 0.1046875 0.1171875
0 0.77734375 0.6578125 0.2609375 0.415625
0 0.67421875 0.6921875 0.396875 0.39375
0 0.70078125 0.453125 0.1359375 0.0875
0 0.571875 0.45234375 0.1421875 0.13359375
0 0.31328125 0.434375 0.0921875 0.065625
0 0.4234375 0.42890625 0.05 0.0421875
0 0.46953125 0.47734375 0.10859375 0.13984375
0 0.3875 0.509375 0.11875 0.16328125
0 0.2046875 0.44921875 0.10859375 0.22421875
0 0.1984375 0.56171875 0.18359375 0.18046875
0 0.1953125 0.74609375 0.390625 0.5046875
0 0.77734375 0.403125 0.11875 0.1
0 0.94375 0.39453125 0.0375 0.0609375
0 0.26328125 0.4953125 0.04140625 0.16640625
0 0.5875 0.35859375 0.03984375 0.05