0 0.9765625 0.77109375 0.0078125 0.05078125
0 0.95625 0.79296875 0.01484375 0.05625
0 0.9390625 0.7984375 0.01328125 0.0703125
0 0.92734375 0.80078125 0.01640625 0.08515625
0 0.90859375 0.790625 0.0109375 0.06015625
0 0.9046875 0.78828125 0.01328125 0.0671875
0 0.8953125 0.771875 0.0078125 0.0546875
0 0.890625 0.77109375 0.009375 0.05625
0 0.87421875 0.80234375 0.01640625 0.06875
0 0.8265625 0.77421875 0.01484375 0.0640625
0 0.8171875 0.77578125 0.01328125 0.0671875
0 0.8015625 0.77890625 0.01015625 0.06484375
0 0.7921875 0.78828125 0.01328125 0.06953125
0 0.715625 0.77890625 0.009375 0.034375
0 0.72265625 0.77890625 0.01171875 0.075
0 0.70390625 0.77734375 0.0109375 0.06171875
0 0.6890625 0.7734375 0.00859375 0.02890625
0 0.69609375 0.78046875 0.00859375 0.02890625
0 0.49765625 0.7453125 0.0078125 0.04375
0 0.51015625 0.78359375 0.0125 0.0359375
0 0.50390625 0.784375 0.00859375 0.0328125
0 0.4796875 0.778125 0.01015625 0.040625
0 0.471875 0.7796875 0.0078125 0.03671875
0 0.4609375 0.759375 0.01015625 0.0546875
0 0.46171875 0.73828125 0.0078125 0.04140625
0 0.5546875 0.753125 0.00625 0.0515625
0 0.559375 0.7546875 0.00625 0.04921875
0 0.59296875 0.7484375 0.00625 0.04609375
0 0.58828125 0.7671875 0.0078125 0.05625
0 0.584375 0.77421875 0.009375 0.0640625
0 0.5765625 0.77109375 0.01015625 0.0671875
0 0.57265625 0.78515625 0.01875 0.04375
0 0.559375 0.78984375 0.01328125 0.0328125
0 0.4625 0.44921875 0.0046875 0.03359375
0 0.47109375 0.44921875 0.00703125 0.03671875
0 0.475 0.4515625 0.00546875 0.040625
0 0.85859375 0.79296875 0.01484375 0.0828125
0 0.35078125 0.63984375 0.30390625 0.7171875
0 0.77109375 0.75234375 0.00703125 0.04296875
0 0.87265625 0.7609375 0.015625 0.03671875
0 0.66640625 0.7546875 0.02734375 0.071875
0 0.5828125 0.7328125 0.01640625 0.01328125
0 0.440625 0.74453125 0.03046875 0.06015625
0 0.1578125 0.73125 0.2859375 0.078125
0 0.3203125 0.45546875 0.0265625 0.04296875