0 0.2484375 0.5484375 0.028125 0.12109375
0 0.26875 0.540625 0.025 0.0796875
0 0.28984375 0.5328125 0.02265625 0.0859375
0 0.33359375 0.55703125 0.0203125 0.1171875
0 0.371875 0.58359375 0.0453125 0.1796875
0 0.41875 0.54921875 0.0421875 0.140625
0 0.2296875 0.60078125 0.059375 0.22265625
0 0.1828125 0.63671875 0.075 0.22890625
0 0.290625 0.7203125 0.09375 0.41796875
0 0.3640625 0.61484375 0.0671875 0.2265625
0 0.45390625 0.684375 0.07109375 0.3609375
0 0.5265625 0.64453125 0.1 0.27890625
0 0.55234375 0.5171875 0.0203125 0.06875
0 0.64296875 0.5625 0.0515625 0.1328125
0 0.73125 0.7515625 0.1375 0.49453125
0 0.93046875 0.765625 0.13671875 0.4453125
0 0.3265625 0.596875 0.04609375 0.19375
0 0.38984375 0.5703125 0.02734375 0.12734375
0 0.3796875 0.5703125 0.02734375 0.13046875