0 0.25546875 0.8328125 0.134375 0.15546875
0 0.2828125 0.846875 0.1 0.12890625
0 0.34375 0.834375 0.03828125 0.1328125
0 0.38828125 0.8359375 0.0703125 0.14921875
0 0.409375 0.80859375 0.02421875 0.06796875
0 0.43203125 0.80078125 0.02578125 0.0765625
0 0.44765625 0.77265625 0.03046875 0.04453125
0 0.45625 0.83125 0.0640625 0.1578125
0 0.48828125 0.83125 0.04609375 0.1578125
0 0.5015625 0.81875 0.028125 0.128125
0 0.521875 0.82734375 0.03203125 0.1078125
0 0.5265625 0.771875 0.01796875 0.03203125
0 0.54296875 0.803125 0.0234375 0.1078125
0 0.559375 0.8078125 0.02890625 0.10390625
0 0.5609375 0.80859375 0.01953125 0.0875
0 0.57109375 0.78046875 0.01171875 0.03671875
0 0.584375 0.778125 0.01484375 0.0453125
0 0.5921875 0.84375 0.0453125 0.1453125
0 0.6078125 0.8140625 0.02734375 0.1125
0 0.625 0.8171875 0.02265625 0.10703125
0 0.8828125 0.8328125 0.0484375 0.15078125
0 0.83125 0.8171875 0.0421875 0.14453125
0 0.79375 0.82890625 0.04765625 0.16171875
0 0.771875 0.8515625 0.0203125 0.0875
0 0.66875 0.8 0.01875 0.09296875
0 0.6828125 0.81015625 0.0203125 0.09609375
0 0.6484375 0.784375 0.01484375 0.05390625
0 0.6625 0.76328125 0.0109375 0.01796875
0 0.309375 0.84296875 0.025 0.09375
0 0.23046875 0.815625 0.075 0.04140625
0 0.6375 0.759375 0.09296875 0.01796875
0 0.69453125 0.784375 0.01640625 0.0546875
0 0.20625 0.478125 0.1046875 0.09609375