0 0.06015625 0.75 0.08125 0.25859375
0 0.1390625 0.76171875 0.065625 0.2375
0 0.1296875 0.66015625 0.06640625 0.12578125
0 0.23203125 0.75 0.07265625 0.24453125
0 0.31953125 0.740625 0.0875 0.27421875
0 0.4140625 0.7546875 0.06953125 0.2609375
0 0.484375 0.75625 0.0765625 0.24140625
0 0.58046875 0.7609375 0.0703125 0.2453125
0 0.6671875 0.7625 0.06640625 0.25078125
0 0.7375 0.76484375 0.06484375 0.23828125
0 0.8203125 0.75546875 0.07578125 0.25625
0 0.9 0.7609375 0.103125 0.253125
0 0.76796875 0.72109375 0.05390625 0.2328125
0 0.6703125 0.665625 0.07109375 0.1296875
0 0.609375 0.6953125 0.05546875 0.19453125
0 0.52890625 0.6859375 0.0546875 0.17265625
0 0.45859375 0.66640625 0.05078125 0.1390625
0 0.39140625 0.665625 0.0484375 0.13359375
0 0.35078125 0.64296875 0.02890625 0.08125
0 0.26796875 0.68671875 0.0546875 0.1796875
0 0.19140625 0.7046875 0.06796875 0.209375
0 0.1859375 0.59453125 0.0625 0.14453125
0 0.2390625 0.58515625 0.05546875 0.13359375
0 0.2890625 0.58984375 0.04453125 0.140625
0 0.33515625 0.565625 0.0546875 0.103125
0 0.3859375 0.59296875 0.04765625 0.1359375
0 0.4484375 0.6046875 0.0640625 0.15234375
0 0.50859375 0.5890625 0.06015625 0.1265625
0 0.57109375 0.60546875 0.06640625 0.1734375
0 0.62578125 0.62421875 0.0421875 0.19921875
0 0.68046875 0.6046875 0.0625 0.1640625