0 0.1359375 0.675 0.06796875 0.13203125
0 0.3140625 0.65 0.034375 0.02890625
0 0.3375 0.7234375 0.09140625 0.18984375
0 0.446875 0.7234375 0.0921875 0.18671875
0 0.534375 0.728125 0.10625 0.18984375
0 0.57421875 0.68125 0.053125 0.07734375
0 0.57421875 0.68359375 0.05546875 0.071875
0 0.584375 0.653125 0.01875 0.0125
0 0.6203125 0.69765625 0.07421875 0.10859375
0 0.70625 0.71484375 0.10703125 0.18359375
0 0.7859375 0.715625 0.09609375 0.16796875
0 0.228125 0.6765625 0.04765625 0.08671875
0 0.3765625 0.6875 0.02109375 0.08515625
0 0.6890625 0.65 0.01875 0.015625
0 0.6 0.540625 0.03828125 0.03203125
0 0.6734375 0.62109375 0.09140625 0.04296875
0 0.53828125 0.628125 0.0234375 0.02421875