0 0.0609375 0.653125 0.12109375 0.5765625
0 0.2078125 0.63359375 0.115625 0.475
0 0.275 0.471875 0.03125 0.06640625
0 0.2828125 0.459375 0.015625 0.03515625
0 0.29609375 0.45390625 0.01875 0.040625
0 0.3046875 0.55234375 0.071875 0.22109375
0 0.3171875 0.50234375 0.0546875 0.18984375
0 0.36015625 0.4625 0.0375 0.06875
0 0.390625 0.45625 0.03125 0.084375
0 0.403125 0.45546875 0.0453125 0.10703125
0 0.36328125 0.56875 0.0703125 0.2328125
0 0.4703125 0.66796875 0.1703125 0.5859375
0 0.48984375 0.459375 0.02421875 0.07421875
0 0.52421875 0.48359375 0.0546875 0.1578125
0 0.55390625 0.46171875 0.01875 0.0640625
0 0.5671875 0.4421875 0.01171875 0.021875
0 0.58125 0.515625 0.04765625 0.203125
0 0.6078125 0.5046875 0.03515625 0.16015625
0 0.6234375 0.5015625 0.021875 0.15
0 0.63359375 0.5171875 0.03203125 0.1796875
0 0.67578125 0.43046875 0.01171875 0.0296875
0 0.671875 0.53828125 0.0921875 0.271875
0 0.7046875 0.48671875 0.04609375 0.16171875
0 0.73828125 0.45625 0.046875 0.084375
0 0.740625 0.5265625 0.05078125 0.24609375
0 0.8125 0.459375 0.046875 0.08203125
0 0.790625 0.60546875 0.1421875 0.44296875
0 0.853125 0.51875 0.03984375 0.1859375
0 0.8921875 0.48515625 0.05078125 0.15
0 0.890625 0.48671875 0.0765625 0.16953125
0 0.88203125 0.67421875 0.23359375 0.6484375
0 0.34453125 0.45234375 0.0265625 0.04296875
0 0.378125 0.43828125 0.028125 0.0375
0 0.48359375 0.4625 0.05546875 0.06484375
0 0.5453125 0.44375 0.009375 0.01953125
0 0.553125 0.50703125 0.03203125 0.0640625
0 0.98515625 0.4265625 0.028125 0.1703125