0 0.09765625 0.49921875 0.1953125 0.9984375
0 0.12734375 0.5953125 0.22890625 0.8046875
0 0.32890625 0.68125 0.35234375 0.6328125
0 0.28515625 0.26015625 0.153125 0.5203125
0 0.35234375 0.3796875 0.25390625 0.56484375
0 0.41328125 0.34609375 0.24140625 0.6921875
0 0.509375 0.80390625 0.25 0.3875
0 0.53984375 0.63125 0.27421875 0.7328125
0 0.60859375 0.32421875 0.2015625 0.6484375
0 0.70703125 0.27890625 0.22578125 0.5578125
0 0.85546875 0.35 0.28671875 0.7
0 0.7703125 0.7796875 0.25546875 0.43515625
0 0.83984375 0.6515625 0.31875 0.6921875
0 0.30703125 0.10390625 0.27265625 0.2078125
0 0.53828125 0.10390625 0.071875 0.2078125
0 0.66171875 0.11015625 0.06171875 0.2203125