0 0.1234375 0.684375 0.18359375 0.62734375
0 0.18046875 0.5453125 0.1171875 0.5734375
0 0.25234375 0.4546875 0.0796875 0.51640625
0 0.290625 0.54609375 0.08828125 0.5828125
0 0.34765625 0.43671875 0.1140625 0.30390625
0 0.375 0.71484375 0.16015625 0.565625
0 0.36015625 0.3125 0.08203125 0.265625
0 0.43359375 0.4046875 0.08671875 0.4375
0 0.50703125 0.384375 0.07421875 0.37109375
0 0.56015625 0.43125 0.10546875 0.3578125
0 0.61796875 0.38203125 0.08671875 0.43203125
0 0.6734375 0.3875 0.11640625 0.26171875
0 0.8265625 0.484375 0.15625 0.315625
0 0.48671875 0.525 0.0953125 0.265625
0 0.62109375 0.54609375 0.0890625 0.18203125
0 0.55546875 0.753125 0.121875 0.45859375
0 0.659375 0.746875 0.1859375 0.503125
0 0.76484375 0.66328125 0.09140625 0.26015625
0 0.7953125 0.74921875 0.18515625 0.496875
0 0.9578125 0.81484375 0.08203125 0.3671875
0 0.253125 0.8734375 0.134375 0.2484375