0 0.90703125 0.80078125 0.0796875 0.23828125
0 0.9703125 0.7515625 0.02421875 0.03671875
0 0.9203125 0.709375 0.0578125 0.10390625
0 0.878125 0.76953125 0.0375 0.15859375
0 0.84921875 0.7953125 0.05078125 0.21640625
0 0.83046875 0.721875 0.028125 0.09921875
0 0.78828125 0.78984375 0.08359375 0.26640625
0 0.7671875 0.78984375 0.034375 0.228125
0 0.73125 0.7875 0.04921875 0.253125
0 0.70546875 0.7328125 0.0359375 0.0875
0 0.6703125 0.74609375 0.053125 0.1171875
0 0.64296875 0.7890625 0.0421875 0.21171875
0 0.58828125 0.79296875 0.08359375 0.259375
0 0.53203125 0.803125 0.04140625 0.21640625
0 0.4875 0.80078125 0.071875 0.2328125
0 0.40546875 0.7875 0.07109375 0.25625
0 0.3375 0.7859375 0.078125 0.2359375
0 0.309375 0.71328125 0.0390625 0.1078125
0 0.27421875 0.771875 0.04765625 0.23125
0 0.24921875 0.7890625 0.06015625 0.2265625
0 0.196875 0.7671875 0.05234375 0.225
0 0.1546875 0.7734375 0.05078125 0.23125
0 0.10703125 0.77890625 0.0578125 0.24296875
0 0.06796875 0.828125 0.04765625 0.1421875
0 0.07578125 0.71796875 0.0421875 0.10546875
0 0.01875 0.78828125 0.0375 0.21953125
0 0.02109375 0.70078125 0.0421875 0.0828125
0 0.046875 0.75 0.0390625 0.2328125
0 0.01953125 0.6734375 0.02578125 0.0515625
0 0.2109375 0.67734375 0.0234375 0.0359375
0 0.24375 0.67734375 0.03203125 0.053125
0 0.53671875 0.67578125 0.51328125 0.109375
0 0.94453125 0.60703125 0.10859375 0.1953125