0 0.98828125 0.7984375 0.02109375 0.2203125
0 0.96640625 0.78828125 0.0515625 0.2203125
0 0.925 0.78046875 0.0546875 0.17578125
0 0.90390625 0.77109375 0.0546875 0.165625
0 0.87734375 0.7765625 0.02890625 0.15859375
0 0.8640625 0.82421875 0.0546875 0.25859375
0 0.82890625 0.83828125 0.06171875 0.31953125
0 0.7890625 0.8484375 0.05390625 0.29453125
0 0.72578125 0.8296875 0.04375 0.209375
0 0.73671875 0.78671875 0.03359375 0.184375
0 0.74140625 0.77578125 0.0203125 0.14375
0 0.6640625 0.8234375 0.0359375 0.15859375
0 0.64140625 0.84296875 0.075 0.24140625
0 0.565625 0.7828125 0.01640625 0.11640625
0 0.521875 0.7765625 0.0296875 0.1546875
0 0.5078125 0.77734375 0.02734375 0.15234375
0 0.47109375 0.82734375 0.06328125 0.2265625
0 0.4546875 0.7734375 0.01875 0.1140625
0 0.4390625 0.7765625 0.01875 0.1078125
0 0.4140625 0.77890625 0.02890625 0.13359375
0 0.3984375 0.75703125 0.015625 0.06953125
0 0.375 0.83671875 0.0546875 0.321875
0 0.33359375 0.8453125 0.0765625 0.30546875
0 0.2734375 0.84921875 0.0765625 0.2796875
0 0.2296875 0.809375 0.01171875 0.12734375
0 0.21953125 0.8015625 0.03671875 0.1546875
0 0.19609375 0.81484375 0.03125 0.1546875
0 0.17421875 0.80390625 0.0484375 0.1546875
0 0.1515625 0.81875 0.03828125 0.15859375
0 0.10859375 0.8296875 0.0390625 0.1546875
0 0.02421875 0.825 0.03203125 0.125
0 0.04140625 0.7921875 0.0203125 0.08046875
0 0.05859375 0.78828125 0.0234375 0.084375
0 0.70234375 0.72578125 0.0265625 0.1375
0 0.7765625 0.78359375 0.05234375 0.21640625
0 0.671875 0.78203125 0.03203125 0.1734375
0 0.32265625 0.83671875 0.06875 0.27109375
0 0.25703125 0.76171875 0.0359375 0.078125
0 0.1671875 0.7828125 0.01328125 0.09140625
0 0.04765625 0.76796875 0.0140625 0.04453125
0 0.01484375 0.81484375 0.0296875 0.1484375