0 0.02265625 0.58984375 0.0453125 0.29609375
0 0.0265625 0.4578125 0.0375 0.07734375
0 0.04921875 0.46171875 0.040625 0.08203125
0 0.08515625 0.43125 0.0203125 0.0328125
0 0.05625 0.6140625 0.0890625 0.30390625
0 0.08984375 0.48984375 0.0421875 0.0953125
0 0.1546875 0.64453125 0.1421875 0.35625
0 0.10078125 0.45703125 0.021875 0.0640625
0 0.12734375 0.459375 0.03125 0.065625
0 0.140625 0.4421875 0.02265625 0.05234375
0 0.15546875 0.44453125 0.04140625 0.05546875
0 0.17734375 0.43984375 0.03125 0.05625
0 0.16484375 0.52265625 0.0578125 0.14609375
0 0.1890625 0.48515625 0.04453125 0.12109375
0 0.28125 0.67734375 0.2046875 0.4390625
0 0.38828125 0.64765625 0.18125 0.3765625
0 0.24921875 0.615625 0.1171875 0.3140625
0 0.26953125 0.51171875 0.0453125 0.1515625
0 0.24453125 0.45078125 0.0265625 0.0609375
0 0.2734375 0.471875 0.03515625 0.10390625
0 0.30546875 0.43203125 0.01796875 0.02890625
0 0.30625 0.43359375 0.01796875 0.03125
0 0.3125 0.446875 0.02734375 0.03203125
0 0.30703125 0.50859375 0.034375 0.1328125
0 0.34765625 0.453125 0.02578125 0.06484375
0 0.346875 0.4984375 0.04921875 0.13125
0 0.384375 0.48515625 0.0453125 0.11171875
0 0.3890625 0.50390625 0.0375 0.12109375
0 0.48046875 0.60078125 0.19140625 0.3203125
0 0.41953125 0.43046875 0.02265625 0.046875
0 0.4234375 0.42421875 0.0125 0.01640625
0 0.421875 0.45859375 0.02890625 0.06015625
0 0.4703125 0.51640625 0.078125 0.16640625
0 0.45546875 0.4390625 0.01796875 0.06640625
0 0.46796875 0.41328125 0.009375 0.02109375
0 0.46640625 0.4625 0.02890625 0.0828125
0 0.47734375 0.43984375 0.01875 0.05390625
0 0.50546875 0.44375 0.015625 0.065625
0 0.52265625 0.4421875 0.0296875 0.0640625
0 0.5328125 0.43671875 0.02109375 0.05625
0 0.49765625 0.4921875 0.0484375 0.1203125
0 0.5328125 0.4703125 0.04453125 0.08125
0 0.56640625 0.546875 0.09453125 0.21875
0 0.62265625 0.54140625 0.1390625 0.2109375
0 0.6265625 0.509375 0.07109375 0.17421875
0 0.65390625 0.48828125 0.0671875 0.128125
0 0.57890625 0.4546875 0.03515625 0.0828125
0 0.6140625 0.46640625 0.0453125 0.090625
0 0.60546875 0.41796875 0.01015625 0.01640625
0 0.83203125 0.53671875 0.1046875 0.459375
0 0.7921875 0.48515625 0.04921875 0.1375
0 0.80390625 0.4578125 0.03046875 0.08046875
0 0.43984375 0.421875 0.01953125 0.03125
0 0.00703125 0.34375 0.0140625 0.2
0 0.20078125 0.3390625 0.0765625 0.08671875
0 0.23359375 0.4453125 0.01171875 0.028125
0 0.371875 0.44921875 0.03046875 0.065625