0 0.715625 0.57890625 0.0171875 0.0890625
0 0.725 0.571875 0.0140625 0.0765625
0 0.73125 0.57734375 0.01796875 0.0734375
0 0.20859375 0.56640625 0.0125 0.046875
0 0.196875 0.56875 0.0140625 0.07109375
0 0.17265625 0.56875 0.0140625 0.07109375
0 0.140625 0.575 0.01484375 0.075
0 0.1203125 0.55859375 0.00703125 0.025
0 0.09765625 0.5625 0.0109375 0.04140625
0 0.2515625 0.5640625 0.01171875 0.04140625
0 0.2234375 0.57890625 0.02421875 0.0859375
0 0.59921875 0.42421875 0.25 0.02890625
0 0.4078125 0.54921875 0.0609375 0.040625
0 0.4609375 0.57109375 0.025 0.0890625
0 0.7046875 0.54921875 0.00390625 0.0125
0 0.959375 0.54375 0.01953125 0.0234375
0 0.18515625 0.559375 0.0078125 0.0359375
0 0.15625 0.559375 0.01484375 0.04453125
0 0.11015625 0.559375 0.0109375 0.03046875
0 0.0546875 0.553125 0.065625 0.03359375
0 0.06484375 0.58125 0.0359375 0.02109375
0 0.3546875 0.54921875 0.02109375 0.02890625
0 0.66875 0.52734375 0.0203125 0.02890625