0 0.0515625 0.55078125 0.0953125 0.2734375
0 0.115625 0.5828125 0.09921875 0.3140625
0 0.1609375 0.609375 0.0609375 0.31640625
0 0.190625 0.6296875 0.040625 0.1625
0 0.22421875 0.628125 0.0390625 0.1703125
0 0.25625 0.64453125 0.03671875 0.15234375
0 0.4 0.5578125 0.22109375 0.88125
0 0.478125 0.6046875 0.1390625 0.6421875
0 0.6328125 0.57109375 0.20859375 0.853125
0 0.7171875 0.6359375 0.08046875 0.55625
0 0.8296875 0.57890625 0.1796875 0.8375
0 0.95078125 0.64921875 0.09609375 0.56875
0 0.50859375 0.6703125 0.0171875 0.10546875
0 0.20234375 0.63203125 0.2828125 0.1390625
0 0.77421875 0.78125 0.08203125 0.28125