0 0.98359375 0.75703125 0.03203125 0.484375
0 0.91484375 0.68984375 0.1578125 0.61875
0 0.87109375 0.70546875 0.1140625 0.5875
0 0.90625 0.4421875 0.04765625 0.084375
0 0.72109375 0.6953125 0.1734375 0.60859375
0 0.5203125 0.67421875 0.18671875 0.65
0 0.61171875 0.68828125 0.1046875 0.621875
0 0.665625 0.45859375 0.06640625 0.16796875
0 0.615625 0.409375 0.13203125 0.159375
0 0.46640625 0.67890625 0.090625 0.63984375
0 0.396875 0.70546875 0.11875 0.58828125
0 0.3 0.690625 0.1375 0.6171875
0 0.384375 0.6703125 0.10390625 0.6578125
0 0.3953125 0.328125 0.05703125 0.19453125
0 0.15859375 0.7 0.1765625 0.596875
0 0.08515625 0.63046875 0.153125 0.7375
0 0.028125 0.453125 0.05546875 0.1984375
0 0.1328125 0.43046875 0.07109375 0.184375
0 0.2234375 0.46484375 0.040625 0.18828125
0 0.19921875 0.646875 0.16640625 0.7046875
0 0.14453125 0.5296875 0.096875 0.55703125
0 0.29296875 0.29453125 0.15234375 0.32890625
0 0.29296875 0.29453125 0.1671875 0.33125
0 0.2265625 0.275 0.04609375 0.3171875
0 0.70390625 0.35703125 0.10625 0.28359375
0 0.575 0.29140625 0.08828125 0.275
0 0.64296875 0.3328125 0.09296875 0.30546875
0 0.709375 0.22109375 0.12421875 0.22890625
0 0.846875 0.30234375 0.184375 0.39140625
0 0.753125 0.28203125 0.06875 0.24765625
0 0.60078125 0.25 0.04296875 0.0703125
0 0.5515625 0.43203125 0.02109375 0.06640625
0 0.0140625 0.57890625 0.02734375 0.0921875
0 0.25234375 0.17578125 0.02265625 0.07421875
0 0.409375 0.36640625 0.01640625 0.03359375