0 0.25625 0.565625 0.07109375 0.115625
0 0.0890625 0.82265625 0.17734375 0.35390625
0 0.2140625 0.796875 0.14765625 0.31640625
0 0.14609375 0.60859375 0.05546875 0.0734375
0 0.1828125 0.621875 0.0671875 0.1140625
0 0.23515625 0.6109375 0.04140625 0.0734375
0 0.25390625 0.5984375 0.02421875 0.0484375
0 0.25859375 0.61875 0.06171875 0.09375
0 0.2609375 0.65390625 0.05234375 0.10703125
0 0.29921875 0.68359375 0.13203125 0.146875
0 0.38984375 0.7578125 0.13203125 0.215625
0 0.30859375 0.6015625 0.0203125 0.0453125
0 0.321875 0.615625 0.03125 0.07734375
0 0.34375 0.625 0.0453125 0.07265625
0 0.38515625 0.60546875 0.04375 0.07265625
0 0.3734375 0.640625 0.0625 0.1265625
0 0.4078125 0.628125 0.04296875 0.08984375
0 0.43828125 0.64296875 0.0625 0.153125
0 0.465625 0.7203125 0.09296875 0.25859375
0 0.52890625 0.8328125 0.1390625 0.33359375
0 0.50703125 0.6515625 0.096875 0.128125
0 0.5265625 0.62109375 0.028125 0.0734375
0 0.55 0.63515625 0.03359375 0.075
0 0.55625 0.5890625 0.025 0.04296875
0 0.58203125 0.684375 0.0796875 0.2109375
0 0.64921875 0.66875 0.05625 0.13125
0 0.67890625 0.81796875 0.159375 0.36328125
0 0.740625 0.70390625 0.05859375 0.18671875
0 0.77734375 0.6453125 0.0484375 0.09765625
0 0.80234375 0.69609375 0.0703125 0.2234375
0 0.821875 0.7984375 0.1328125 0.27421875
0 0.85625 0.66875 0.0703125 0.09921875
0 0.8875 0.64609375 0.04375 0.09375
0 0.91640625 0.6640625 0.08359375 0.109375
0 0.9359375 0.83828125 0.125 0.3203125
0 0.6609375 0.6125 0.14765625 0.07734375
0 0.65703125 0.69609375 0.0234375 0.07578125
0 0.97890625 0.684375 0.04140625 0.121875
0 0.79296875 0.5859375 0.1125 0.04765625
0 0.959375 0.59140625 0.078125 0.0546875
0 0.33203125 0.51875 0.0171875 0.05234375