0 0.1 0.5578125 0.075 0.15859375
0 0.209375 0.5703125 0.175 0.2640625
0 0.36015625 0.63515625 0.2265625 0.6484375
0 0.44296875 0.66875 0.0796875 0.44765625
0 0.56640625 0.728125 0.3328125 0.45859375
0 0.6640625 0.646875 0.1125 0.3265625
0 0.8359375 0.65546875 0.1625 0.60390625
0 0.9015625 0.7328125 0.19375 0.45
0 0.16484375 0.78046875 0.3265625 0.34921875
0 0.31484375 0.4640625 0.0859375 0.09609375
0 0.421875 0.421875 0.05625 0.109375
0 0.584375 0.45625 0.2125 0.21953125
0 0.7484375 0.66875 0.121875 0.4515625
0 0.23046875 0.47578125 0.0734375 0.10546875