0 0.88359375 0.52734375 0.08359375 0.45234375
0 0.8296875 0.61328125 0.0796875 0.4640625
0 0.80078125 0.54609375 0.0484375 0.465625
0 0.76875 0.58671875 0.0640625 0.44453125
0 0.725 0.6078125 0.09453125 0.46875
0 0.68515625 0.56328125 0.04375 0.4234375
0 0.625 0.5734375 0.13203125 0.46953125
0 0.59375 0.5875 0.06328125 0.45390625
0 0.56328125 0.54609375 0.06875 0.45078125
0 0.51328125 0.56875 0.07734375 0.4625
0 0.45078125 0.5671875 0.06484375 0.4328125
0 0.39375 0.59375 0.1078125 0.45859375
0 0.3796875 0.51875 0.08671875 0.47890625
0 0.3078125 0.559375 0.07109375 0.50546875
0 0.25703125 0.56875 0.06484375 0.4390625
0 0.2109375 0.553125 0.084375 0.4625
0 0.13359375 0.5671875 0.103125 0.5171875