0 0.06953125 0.45078125 0.09453125 0.18359375
0 0.0578125 0.60234375 0.0890625 0.21875
0 0.0765625 0.55 0.05234375 0.14140625
0 0.12109375 0.5984375 0.0296875 0.15859375
0 0.20703125 0.72578125 0.19921875 0.546875
0 0.36328125 0.7171875 0.096875 0.56328125
0 0.48046875 0.66484375 0.265625 0.66875
0 0.6140625 0.72578125 0.1453125 0.546875
0 0.71015625 0.70703125 0.109375 0.58359375
0 0.77578125 0.68671875 0.0921875 0.49765625
0 0.62734375 0.72734375 0.10859375 0.4953125
0 0.7390625 0.7109375 0.05859375 0.5171875
0 0.8546875 0.71796875 0.11171875 0.5625
0 0.86875 0.690625 0.1015625 0.52734375
0 0.9125 0.65390625 0.09296875 0.534375
0 0.96015625 0.66796875 0.078125 0.4359375
0 0.1046875 0.590625 0.02265625 0.1046875