0 0.96796875 0.53671875 0.06171875 0.234375
0 0.85 0.61171875 0.2203125 0.359375
0 0.6625 0.62578125 0.18671875 0.38125
0 0.471875 0.60703125 0.2109375 0.4
0 0.25703125 0.609375 0.215625 0.40625
0 0.08046875 0.6125 0.1609375 0.35
0 0.9359375 0.46484375 0.125 0.35390625
0 0.815625 0.43125 0.17734375 0.21484375
0 0.66171875 0.43125 0.1890625 0.190625
0 0.5359375 0.39296875 0.1734375 0.20234375
0 0.42421875 0.44921875 0.1625 0.25390625
0 0.265625 0.40703125 0.171875 0.1921875
0 0.13671875 0.41953125 0.1640625 0.25078125
0 0.025 0.44921875 0.04921875 0.13515625
0 0.05859375 0.396875 0.1171875 0.215625
0 0.209375 0.334375 0.08828125 0.10625
0 0.61171875 0.34609375 0.0703125 0.09375
0 0.734375 0.38671875 0.09609375 0.128125
0 0.853125 0.346875 0.06640625 0.0828125
0 0.90078125 0.34453125 0.04921875 0.040625
0 0.74140625 0.34375 0.0984375 0.096875
0 0.64375 0.33515625 0.0453125 0.06015625
0 0.48828125 0.33671875 0.0546875 0.046875
0 0.31328125 0.353125 0.04765625 0.06015625
0 0.98828125 0.3359375 0.02109375 0.0421875