0 0.00859375 0.5 0.01640625 0.06875
0 0.02421875 0.48828125 0.0171875 0.040625
0 0.04921875 0.49296875 0.0234375 0.07734375
0 0.07421875 0.4765625 0.01640625 0.02578125
0 0.08203125 0.49609375 0.02265625 0.06171875
0 0.12265625 0.49140625 0.01484375 0.0578125
0 0.13125 0.49140625 0.0125 0.0546875
0 0.1875 0.49609375 0.02109375 0.0578125
0 0.2109375 0.49296875 0.01796875 0.05546875
0 0.2453125 0.49375 0.0140625 0.05234375
0 0.2515625 0.49609375 0.01796875 0.0453125
0 0.2609375 0.49453125 0.0125 0.046875
0 0.321875 0.49453125 0.01015625 0.0390625
0 0.328125 0.5 0.0140625 0.05
0 0.3421875 0.496875 0.01796875 0.05234375
0 0.359375 0.49296875 0.0140625 0.040625
0 0.375 0.50078125 0.01640625 0.04375
0 0.36953125 0.49921875 0.0140625 0.04609375
0 0.4890625 0.49453125 0.01015625 0.0515625
0 0.4953125 0.4921875 0.0125 0.04296875
0 0.5125 0.49453125 0.02578125 0.05859375
0 0.575 0.49296875 0.0125 0.0453125
0 0.58828125 0.4796875 0.009375 0.015625
0 0.95546875 0.540625 0.028125 0.10859375
0 0.9671875 0.53203125 0.0171875 0.09296875
0 0.98359375 0.5625 0.03046875 0.1828125
0 0.0421875 0.49296875 0.01640625 0.05234375
0 0.13828125 0.48359375 0.00859375 0.034375
0 0.19296875 0.484375 0.009375 0.0484375
0 0.2015625 0.49453125 0.01875 0.0515625
0 0.51640625 0.48515625 0.01015625 0.0328125
0 0.35703125 0.3484375 0.05703125 0.075
0 0.45859375 0.25546875 0.02578125 0.0421875
0 0.9046875 0.37421875 0.03828125 0.08984375
0 0.08984375 0.50078125 0.00546875 0.04921875
0 0.2046875 0.49375 0.0125 0.05625
0 0.25078125 0.49375 0.0078125 0.0421875
0 0.33828125 0.49921875 0.00703125 0.04296875
0 0.35078125 0.48984375 0.01328125 0.0375
0 0.415625 0.49765625 0.1046875 0.046875
0 0.6265625 0.47578125 0.034375 0.02265625
0 0.4953125 0.48984375 0.0140625 0.05
0 0.54296875 0.49375 0.01796875 0.03984375
0 0.56796875 0.48515625 0.01484375 0.05546875
0 0.60078125 0.48046875 0.0109375 0.02734375
0 0.58125 0.4734375 0.00625 0.01796875
0 0.67890625 0.48046875 0.03671875 0.02734375
0 0.7265625 0.4890625 0.04375 0.028125
0 0.834375 0.48203125 0.0609375 0.0484375
0 0.91015625 0.51015625 0.075 0.0734375
0 0.97890625 0.38359375 0.025 0.040625
0 0.98359375 0.49921875 0.03046875 0.0609375