0 0.08515625 0.534375 0.0421875 0.21953125
0 0.1046875 0.52890625 0.0375 0.2078125
0 0.15 0.528125 0.078125 0.228125
0 0.19921875 0.55234375 0.0640625 0.14765625
0 0.19609375 0.421875 0.0234375 0.0828125
0 0.2125 0.4171875 0.015625 0.06484375
0 0.22265625 0.421875 0.0265625 0.0875
0 0.24453125 0.42734375 0.0234375 0.08515625
0 0.2484375 0.39375 0.01875 0.03125
0 0.2609375 0.428125 0.021875 0.0875
0 0.28515625 0.43515625 0.0265625 0.09140625
0 0.309375 0.44296875 0.025 0.08984375
0 0.3640625 0.45859375 0.028125 0.103125
0 0.38828125 0.4671875 0.0265625 0.09375
0 0.3984375 0.46875 0.021875 0.09140625
0 0.41640625 0.45078125 0.0234375 0.09609375
0 0.4296875 0.46640625 0.021875 0.10546875
0 0.43515625 0.4375 0.0265625 0.06953125
0 0.45703125 0.465625 0.0265625 0.10703125
0 0.46640625 0.45625 0.0203125 0.0984375
0 0.51953125 0.4671875 0.0546875 0.09375
0 0.48359375 0.44609375 0.0296875 0.06953125
0 0.49453125 0.58046875 0.0609375 0.2390625
0 0.49765625 0.6015625 0.0609375 0.27734375
0 0.51640625 0.58984375 0.1109375 0.1765625
0 0.53515625 0.7203125 0.0828125 0.38515625
0 0.5625 0.54140625 0.046875 0.14296875
0 0.609375 0.67421875 0.084375 0.4046875
0 0.678125 0.71796875 0.125 0.47890625
0 0.771875 0.88359375 0.09375 0.20546875
0 0.71796875 0.61328125 0.0671875 0.21484375
0 0.71796875 0.60390625 0.0546875 0.2015625
0 0.78125 0.65625 0.071875 0.315625
0 0.78671875 0.51796875 0.0703125 0.1140625
0 0.8359375 0.70703125 0.090625 0.3671875
0 0.90234375 0.7609375 0.1171875 0.47421875
0 0.96640625 0.8 0.0640625 0.32421875
0 0.9609375 0.65625 0.075 0.2390625
0 0.3296875 0.52109375 0.0625 0.18828125
0 0.0703125 0.40625 0.078125 0.0828125
0 0.15859375 0.409375 0.0140625 0.05390625
0 0.503125 0.45546875 0.465625 0.15859375
0 0.89296875 0.40859375 0.0859375 0.06484375