0 0.040625 0.61875 0.08125 0.62421875
0 0.05078125 0.59296875 0.10078125 0.67265625
0 0.10078125 0.60234375 0.10078125 0.6328125
0 0.17734375 0.61328125 0.128125 0.553125
0 0.25703125 0.60625 0.11875 0.54296875
0 0.315625 0.42265625 0.04453125 0.1203125
0 0.37109375 0.42578125 0.08671875 0.17265625
0 0.4375 0.57734375 0.08671875 0.4796875
0 0.47421875 0.58828125 0.046875 0.41015625
0 0.51171875 0.45 0.071875 0.09296875
0 0.58046875 0.5921875 0.09921875 0.42578125
0 0.60078125 0.59375 0.08203125 0.4015625
0 0.6234375 0.584375 0.053125 0.4203125
0 0.65703125 0.59765625 0.0578125 0.3671875
0 0.6890625 0.446875 0.0390625 0.103125
0 0.828125 0.6109375 0.2734375 0.77421875
0 0.134375 0.33203125 0.03359375 0.084375
0 0.25078125 0.3171875 0.0390625 0.06171875
0 0.28984375 0.3328125 0.0375 0.0796875
0 0.3265625 0.3390625 0.03984375 0.08828125
0 0.09453125 0.5890625 0.1046875 0.5359375
0 0.2453125 0.40078125 0.1078125 0.1328125
0 0.19140625 0.7484375 0.03125 0.1203125
0 0.36015625 0.42421875 0.078125 0.10703125
0 0.76171875 0.621875 0.04140625 0.30859375