0 0.0578125 0.5859375 0.115625 0.815625
0 0.0921875 0.19765625 0.0546875 0.1796875
0 0.12109375 0.55703125 0.0953125 0.846875
0 0.23203125 0.5140625 0.19453125 0.96953125
0 0.3140625 0.52109375 0.10625 0.815625
0 0.3546875 0.51875 0.05625 0.6203125
0 0.38203125 0.478125 0.04375 0.6625
0 0.4484375 0.53515625 0.1828125 0.92578125
0 0.51953125 0.47890625 0.05546875 0.69609375
0 0.615625 0.57734375 0.14609375 0.84140625
0 0.57734375 0.54609375 0.109375 0.9046875
0 0.65234375 0.50859375 0.10703125 0.8140625
0 0.6984375 0.50390625 0.08125 0.64609375
0 0.80625 0.56953125 0.16796875 0.8578125
0 0.8625 0.59765625 0.13671875 0.8015625
0 0.8453125 0.25546875 0.15234375 0.31953125
0 0.75390625 0.284375 0.0609375 0.21328125
0 0.928125 0.3859375 0.04921875 0.2359375
0 0.0296875 0.21640625 0.059375 0.1875
0 0.1921875 0.15625 0.06015625 0.1375
0 0.35078125 0.225 0.03359375 0.06640625
0 0.965625 0.4421875 0.06640625 0.25390625