0 0.76484375 0.5546875 0.15 0.5953125
0 0.63828125 0.4984375 0.0734375 0.17734375
0 0.62734375 0.5859375 0.09140625 0.22265625
0 0.6015625 0.5953125 0.09296875 0.2203125
0 0.53828125 0.44375 0.11015625 0.2671875
0 0.48515625 0.4796875 0.046875 0.08984375
0 0.540625 0.6421875 0.228125 0.5
0 0.35859375 0.47265625 0.1796875 0.9296875
0 0.3625 0.60390625 0.43515625 0.7875
0 0.96640625 0.2796875 0.06328125 0.1296875
0 0.9203125 0.6875 0.15703125 0.61015625
0 0.71484375 0.8953125 0.25 0.1953125
0 0.69453125 0.70625 0.06484375 0.1875
0 0.11328125 0.5015625 0.2265625 0.9921875
0 0.346875 0.6765625 0.23671875 0.47265625