0 0.3671875 0.52109375 0.11953125 0.4984375
0 0.48515625 0.446875 0.01796875 0.08359375
0 0.490625 0.45 0.021875 0.0890625
0 0.50234375 0.43046875 0.01015625 0.03359375
0 0.509375 0.44765625 0.02109375 0.078125
0 0.53359375 0.4375 0.02734375 0.1
0 0.5671875 0.421875 0.0265625 0.08984375
0 0.58515625 0.4375 0.05 0.15703125
0 0.6125 0.4484375 0.0140625 0.0515625
0 0.6296875 0.46171875 0.01796875 0.05859375
0 0.62890625 0.4390625 0.01796875 0.03125
0 0.66328125 0.4453125 0.02890625 0.1015625
0 0.77109375 0.4453125 0.0109375 0.015625
0 0.953125 0.45234375 0.0125 0.0484375
0 0.5171875 0.740625 0.2859375 0.08125
0 0.8984375 0.45078125 0.01640625 0.03671875
0 0.83515625 0.4515625 0.01015625 0.01796875