0 0.7859375 0.590625 0.0109375 0.034375
0 0.7625 0.578125 0.03828125 0.11875
0 0.67421875 0.53046875 0.1453125 0.50546875
0 0.5984375 0.5734375 0.06875 0.29765625
0 0.559375 0.58203125 0.04296875 0.24609375
0 0.59296875 0.6 0.07890625 0.31875
0 0.4734375 0.5375 0.1796875 0.73203125
0 0.3953125 0.54921875 0.08984375 0.484375
0 0.20703125 0.51171875 0.275 0.8609375
0 0.7296875 0.6140625 0.04765625 0.134375
0 0.653125 0.63984375 0.0640625 0.15859375
0 0.53203125 0.58046875 0.03125 0.14765625
0 0.5796875 0.6703125 0.0125 0.03515625
0 0.4828125 0.69609375 0.046875 0.20859375