0 0.8578125 0.83359375 0.12265625 0.32890625
0 0.975 0.80859375 0.04765625 0.33359375
0 0.9390625 0.7546875 0.06640625 0.2640625
0 0.8921875 0.73671875 0.0484375 0.215625
0 0.7796875 0.753125 0.0421875 0.23984375
0 0.8140625 0.7390625 0.0375 0.19296875
0 0.8796875 0.69765625 0.0171875 0.1109375
0 0.8671875 0.69453125 0.0390625 0.13984375
0 0.74609375 0.7234375 0.0296875 0.11796875
0 0.73046875 0.71328125 0.02109375 0.12890625
0 0.67890625 0.72421875 0.025 0.09296875
0 0.66484375 0.70546875 0.0203125 0.1265625
0 0.67109375 0.66015625 0.02734375 0.03984375
0 0.63203125 0.7296875 0.0390625 0.17578125
0 0.65 0.7 0.0171875 0.10703125
0 0.61171875 0.70859375 0.01640625 0.07578125
0 0.5703125 0.72890625 0.03359375 0.16875
0 0.56171875 0.70078125 0.02109375 0.1265625
0 0.5328125 0.7296875 0.0359375 0.17578125
0 0.5078125 0.70078125 0.0265625 0.1
0 0.4890625 0.7046875 0.01875 0.084375
0 0.4609375 0.78203125 0.0453125 0.23125
0 0.4109375 0.778125 0.05390625 0.24453125
0 0.43203125 0.71796875 0.01640625 0.084375
0 0.44375 0.71875 0.0171875 0.0640625
0 0.39453125 0.715625 0.02890625 0.1375
0 0.371875 0.71875 0.03359375 0.13984375
0 0.1984375 0.81640625 0.06640625 0.321875
0 0.1359375 0.8390625 0.0734375 0.29140625
0 0.0640625 0.778125 0.03125 0.1109375
0 0.04296875 0.87578125 0.0515625 0.115625
0 0.08046875 0.87109375 0.0390625 0.10234375
0 0.10390625 0.86796875 0.0296875 0.08203125
0 0.021875 0.7453125 0.02109375 0.0953125
0 0.00859375 0.75078125 0.0171875 0.10234375
0 0.6171875 0.71015625 0.01640625 0.0734375
0 0.86953125 0.7109375 0.01875 0.07578125
0 0.6234375 0.6640625 0.0109375 0.0359375
0 0.6375 0.66328125 0.0046875 0.015625
0 0.58984375 0.69453125 0.0328125 0.0953125
0 0.5484375 0.665625 0.0140625 0.02421875
0 0.47265625 0.6625 0.0171875 0.01796875
0 0.4765625 0.68359375 0.00859375 0.02421875
0 0.4296875 0.7953125 0.0109375 0.04921875
0 0.42890625 0.7125 0.0078125 0.046875
0 0.40234375 0.67578125 0.01015625 0.04453125
0 0.421875 0.67421875 0.00859375 0.03359375
0 0.2890625 0.7 0.14765625 0.0625
0 0.1765625 0.6953125 0.0234375 0.03984375
0 0.14765625 0.69453125 0.0203125 0.0375
0 0.09140625 0.715625 0.01484375 0.0625
0 0.0484375 0.7109375 0.0078125 0.0625
0 0.00234375 0.7796875 0.0046875 0.07109375
0 0.1703125 0.734375 0.01015625 0.0421875
0 0.3828125 0.7109375 0.00859375 0.084375
0 0.83515625 0.70546875 0.0375 0.0953125
0 0.66484375 0.7140625 0.02265625 0.1046875
0 0.45546875 0.70234375 0.0140625 0.06640625