0 0.434375 0.621875 0.134375 0.5828125
0 0.55703125 0.6 0.1265625 0.534375
0 0.6375 0.62265625 0.08125 0.39453125
0 0.74375 0.5765625 0.11171875 0.440625
0 0.809375 0.57890625 0.06484375 0.36328125
0 0.740625 0.59921875 0.078125 0.32890625
0 0.81953125 0.5546875 0.059375 0.29609375
0 0.865625 0.4984375 0.07421875 0.27265625
0 0.7625 0.384375 0.0625 0.1140625
0 0.71328125 0.3796875 0.04453125 0.19375
0 0.7765625 0.36640625 0.05 0.1703125
0 0.7890625 0.30234375 0.02109375 0.0484375
0 0.8203125 0.34765625 0.0484375 0.1890625
0 0.71640625 0.26875 0.03828125 0.09609375
0 0.76015625 0.26796875 0.0453125 0.12421875
0 0.76328125 0.21640625 0.028125 0.08046875
0 0.7 0.240625 0.01953125 0.090625
0 0.70234375 0.20390625 0.02421875 0.06484375
0 0.728125 0.21953125 0.0296875 0.10390625
0 0.7203125 0.19609375 0.0265625 0.05078125
0 0.73046875 0.32890625 0.040625 0.115625
0 0.3375 0.69375 0.0421875 0.28671875
0 0.540625 0.68984375 0.04765625 0.13515625