0 0.81640625 0.6515625 0.1046875 0.303125
0 0.79296875 0.51875 0.0484375 0.1828125
0 0.74609375 0.5203125 0.0265625 0.12890625
0 0.73203125 0.51640625 0.0265625 0.103125
0 0.71328125 0.48359375 0.0421875 0.121875
0 0.60703125 0.42734375 0.0265625 0.103125
0 0.67734375 0.53515625 0.0421875 0.1125
0 0.69765625 0.5015625 0.0234375 0.04921875
0 0.64921875 0.58125 0.0703125 0.19921875
0 0.5984375 0.6078125 0.0875 0.225
0 0.51640625 0.66171875 0.1015625 0.30078125
0 0.29375 0.7828125 0.203125 0.4296875
0 0.18125 0.78046875 0.128125 0.36875
0 0.06015625 0.75390625 0.1203125 0.48828125
0 0.10078125 0.72734375 0.0734375 0.35703125
0 0.15 0.59609375 0.0875 0.140625
0 0.35390625 0.70625 0.1015625 0.29609375
0 0.3703125 0.57734375 0.053125 0.121875
0 0.42578125 0.65859375 0.0734375 0.25625
0 0.29453125 0.57265625 0.0578125 0.1359375
0 0.28671875 0.47265625 0.0453125 0.10546875
0 0.12734375 0.5328125 0.0859375 0.1828125
0 0.17890625 0.49765625 0.0296875 0.05625
0 0.32734375 0.54453125 0.0453125 0.0890625
0 0.428125 0.5625 0.06875 0.09140625
0 0.496875 0.54453125 0.11875 0.0984375
0 0.51875 0.6171875 0.096875 0.215625
0 0.225 0.5140625 0.071875 0.1265625
0 0.06171875 0.48671875 0.1140625 0.05859375
0 0.4953125 0.4953125 0.3375 0.075