0 0.53203125 0.7234375 0.0453125 0.15390625
0 0.50546875 0.703125 0.0359375 0.1265625
0 0.45078125 0.69375 0.025 0.1015625
0 0.365625 0.6984375 0.0234375 0.0890625
0 0.346875 0.6890625 0.025 0.1046875
0 0.3234375 0.6890625 0.03515625 0.1265625
0 0.29765625 0.703125 0.034375 0.13203125
0 0.26875 0.6890625 0.0328125 0.12421875
0 0.2328125 0.68359375 0.0265625 0.11640625
0 0.21484375 0.7 0.03828125 0.14453125
0 0.1796875 0.74765625 0.03046875 0.16015625
0 0.16328125 0.76171875 0.0375 0.1578125
0 0.509375 0.771875 0.12734375 0.08125
0 0.30859375 0.6984375 0.1546875 0.16328125
0 0.28671875 0.61015625 0.0171875 0.015625