0 0.9828125 0.41484375 0.03125 0.13828125
0 0.9609375 0.496875 0.04609375 0.30703125
0 0.9515625 0.525 0.0734375 0.3265625
0 0.91015625 0.38671875 0.034375 0.125
0 0.896875 0.36171875 0.01328125 0.0796875
0 0.87734375 0.38515625 0.0140625 0.128125
0 0.87734375 0.35234375 0.01484375 0.0640625
0 0.8515625 0.52734375 0.0421875 0.27109375
0 0.79609375 0.5421875 0.05 0.29765625
0 0.83671875 0.36875 0.0140625 0.08515625
0 0.82578125 0.346875 0.015625 0.06875
0 0.8046875 0.346875 0.0078125 0.0609375
0 0.8140625 0.33359375 0.009375 0.04921875
0 0.69765625 0.3390625 0.00859375 0.0390625
0 0.4875 0.35 0.0125 0.0390625
0 0.4671875 0.33515625 0.0078125 0.01640625
0 0.4578125 0.3375 0.009375 0.01484375
0 0.43984375 0.33828125 0.01171875 0.0203125
0 0.27890625 0.62421875 0.1234375 0.49453125
0 0.14921875 0.421875 0.028125 0.125
0 0.02734375 0.42421875 0.01484375 0.11796875
0 0.0484375 0.36484375 0.00859375 0.02109375
0 0.7578125 0.3453125 0.00859375 0.0421875
0 0.99140625 0.38515625 0.0140625 0.1078125
0 0.9296875 0.459375 0.01015625 0.09609375
0 0.8359375 0.3203125 0.01484375 0.015625
0 0.3953125 0.3609375 0.0203125 0.05
0 0.03125 0.3671875 0.02734375 0.03515625
0 0.03984375 0.43046875 0.01640625 0.0875
0 0.80625 0.6796875 0.384375 0.06875
0 0.87890625 0.35234375 0.0109375 0.040625