0 0.10859375 0.63125 0.034375 0.121875
0 0.20703125 0.665625 0.04921875 0.178125
0 0.36953125 0.665625 0.04921875 0.09765625
0 0.41484375 0.7109375 0.09609375 0.2953125
0 0.5046875 0.70390625 0.06796875 0.28359375
0 0.50390625 0.6671875 0.05859375 0.14296875
0 0.6578125 0.69140625 0.0546875 0.23671875
0 0.70546875 0.625 0.03046875 0.103125
0 0.75078125 0.5609375 0.0234375 0.10078125
0 0.7578125 0.6859375 0.06953125 0.2390625
0 0.81640625 0.63359375 0.0265625 0.0640625
0 0.83828125 0.61796875 0.02578125 0.04140625
0 0.8578125 0.62109375 0.02734375 0.0359375
0 0.88203125 0.63515625 0.0375 0.06796875
0 0.96796875 0.59140625 0.03828125 0.06328125
0 0.7859375 0.5953125 0.02578125 0.071875
0 0.371875 0.5640625 0.0546875 0.0453125
0 0.59375 0.59140625 0.05546875 0.053125
0 0.675 0.5875 0.04140625 0.05703125
0 0.446875 0.85 0.19140625 0.04453125
0 0.709375 0.8109375 0.18046875 0.03203125