0 0.3453125 0.603125 0.06328125 0.3265625
0 0.4234375 0.46796875 0.06015625 0.26953125
0 0.4234375 0.35546875 0.03359375 0.05859375
0 0.553125 0.38203125 0.046875 0.20546875
0 0.61796875 0.42265625 0.0484375 0.2234375
0 0.715625 0.39453125 0.053125 0.23046875
0 0.690625 0.35 0.0484375 0.225
0 0.7671875 0.340625 0.0453125 0.2390625
0 0.79453125 0.328125 0.034375 0.221875
0 0.2359375 0.21484375 0.03984375 0.1515625
0 0.26796875 0.24375 0.0421875 0.1625
0 0.29921875 0.21953125 0.0234375 0.14140625
0 0.3359375 0.2203125 0.0265625 0.1484375
0 0.00859375 0.26640625 0.0171875 0.0921875
0 0.98046875 0.14765625 0.021875 0.1234375
0 0.990625 0.1578125 0.01640625 0.12890625
0 0.63515625 0.21015625 0.0703125 0.21796875
0 0.640625 0.2546875 0.028125 0.1375
0 0.496875 0.17578125 0.02578125 0.10703125
0 0.40546875 0.24140625 0.0375 0.1140625
0 0.43125 0.24375 0.02890625 0.109375
0 0.47265625 0.240625 0.0296875 0.103125
0 0.5015625 0.2375 0.03515625 0.1140625
0 0.55625 0.234375 0.03671875 0.10859375
0 0.11640625 0.23828125 0.0265625 0.07890625
0 0.08984375 0.2546875 0.03125 0.09609375
0 0.03046875 0.2609375 0.0359375 0.1109375
0 0.80546875 0.91171875 0.3875 0.1734375
0 0.11796875 0.12265625 0.2359375 0.2453125
0 0.371875 0.1265625 0.23046875 0.253125
0 0.6515625 0.12265625 0.2625 0.2453125
0 0.884375 0.11875 0.16640625 0.2375