0 0.696875 0.4921875 0.25 0.7859375
0 0.40703125 0.5109375 0.43125 0.853125
0 0.93046875 0.38515625 0.13515625 0.19765625
0 0.80546875 0.390625 0.08828125 0.21640625
0 0.62265625 0.3234375 0.06484375 0.10234375
0 0.87734375 0.2359375 0.075 0.275
0 0.98046875 0.2359375 0.0375 0.31875
0 0.95390625 0.22109375 0.04453125 0.27109375
0 0.78203125 0.228125 0.06328125 0.246875
0 0.51796875 0.10078125 0.09375 0.1171875
0 0.28984375 0.30859375 0.06484375 0.24921875
0 0.190625 0.41875 0.24375 0.8375
0 0.40390625 0.07265625 0.03125 0.05859375