0 0.0734375 0.43828125 0.14453125 0.309375
0 0.228125 0.63828125 0.1640625 0.60078125
0 0.3671875 0.4890625 0.14296875 0.559375
0 0.4203125 0.496875 0.05625 0.5359375
0 0.46171875 0.49609375 0.08828125 0.45234375
0 0.51953125 0.51796875 0.0625 0.3703125
0 0.55 0.53359375 0.109375 0.37265625
0 0.59453125 0.5078125 0.10859375 0.54296875
0 0.70390625 0.56015625 0.1484375 0.43515625
0 0.7328125 0.6171875 0.07109375 0.41875
0 0.74140625 0.65703125 0.22265625 0.52421875
0 0.8796875 0.71640625 0.0828125 0.48125
0 0.9328125 0.72890625 0.13125 0.5390625
0 0.365625 0.8703125 0.1671875 0.2578125
0 0.47421875 0.89140625 0.2609375 0.2140625
0 0.2359375 0.48125 0.071875 0.44921875
0 0.31484375 0.52421875 0.07421875 0.44140625
0 0.28671875 0.51328125 0.05078125 0.4234375
0 0.47890625 0.68359375 0.0296875 0.0484375