0 0.05 0.59609375 0.03671875 0.4109375
0 0.07265625 0.66015625 0.08359375 0.67578125
0 0.1359375 0.68515625 0.096875 0.62578125
0 0.17421875 0.521875 0.046875 0.3703125
0 0.22265625 0.53203125 0.084375 0.38359375
0 0.19453125 0.79609375 0.09140625 0.40390625
0 0.26328125 0.79140625 0.065625 0.35703125
0 0.321875 0.80859375 0.08671875 0.3796875
0 0.28515625 0.53125 0.06015625 0.39609375
0 0.33515625 0.53515625 0.053125 0.4109375
0 0.37421875 0.52109375 0.03984375 0.34609375
0 0.403125 0.61640625 0.05546875 0.5515625
0 0.45 0.51875 0.071875 0.4296875
0 0.39375 0.81171875 0.07734375 0.371875
0 0.45703125 0.8015625 0.090625 0.39296875
0 0.5234375 0.79609375 0.0890625 0.40390625
0 0.496875 0.5265625 0.06640625 0.45390625
0 0.534375 0.53515625 0.071875 0.39296875
0 0.603125 0.6359375 0.096875 0.671875
0 0.60859375 0.834375 0.10234375 0.328125
0 0.6890625 0.84140625 0.09296875 0.31328125
0 0.78359375 0.8453125 0.1046875 0.30546875
0 0.66015625 0.55 0.06953125 0.5484375
0 0.7203125 0.578125 0.0921875 0.58125
0 0.79453125 0.62890625 0.10625 0.6390625
0 0.90078125 0.64296875 0.11875 0.7109375
0 0.22890625 0.88203125 0.30859375 0.23125