0 0.76484375 0.684375 0.0890625 0.3890625
0 0.5515625 0.67421875 0.121875 0.44921875
0 0.2984375 0.6546875 0.115625 0.4515625
0 0.096875 0.61796875 0.115625 0.359375
0 0.4625 0.6515625 0.084375 0.38203125
0 0.4921875 0.61796875 0.053125 0.31015625
0 0.68359375 0.63125 0.0484375 0.20234375
0 0.63515625 0.57421875 0.0359375 0.11484375
0 0.1796875 0.6046875 0.053125 0.1171875
0 0.0171875 0.63125 0.034375 0.153125
0 0.3625 0.59296875 0.040625 0.08984375
0 0.86796875 0.571875 0.0265625 0.10078125
0 0.975 0.58515625 0.034375 0.07421875
0 0.92265625 0.5921875 0.0234375 0.06484375
0 0.94765625 0.58203125 0.0265625 0.08515625
0 0.80859375 0.58125 0.0328125 0.07890625
0 0.94296875 0.53125 0.0203125 0.02890625
0 0.89140625 0.58515625 0.0234375 0.07890625
0 0.64921875 0.584375 0.0234375 0.08515625
0 0.42109375 0.58515625 0.0203125 0.0921875
0 0.0484375 0.6125 0.04375 0.240625
0 0.88046875 0.51796875 0.0140625 0.03359375
0 0.59296875 0.615625 0.0515625 0.3546875
0 0.73984375 0.64296875 0.0640625 0.2921875
0 0.78671875 0.55390625 0.0234375 0.03828125
0 0.67578125 0.615625 0.0453125 0.19765625
0 0.3640625 0.5359375 0.08125 0.03359375
0 0.0203125 0.53125 0.040625 0.046875
0 0.896875 0.53046875 0.01875 0.02734375
0 0.1625 0.60546875 0.0625 0.13671875
0 0.95625 0.5328125 0.084375 0.0359375
0 0.178125 0.80234375 0.1875 0.12578125
0 0.37421875 0.86171875 0.2515625 0.1546875
0 0.653125 0.82890625 0.06875 0.23359375
0 0.16796875 0.696875 0.1140625 0.04921875
0 0.62265625 0.56640625 0.0171875 0.1171875
0 0.1359375 0.5203125 0.0375 0.03828125
0 0.18046875 0.528125 0.1296875 0.0453125
0 0.42109375 0.5203125 0.0359375 0.046875
0 0.6421875 0.528125 0.021875 0.02734375