0 0.91171875 0.92109375 0.00546875 0.02109375
0 0.87578125 0.88984375 0.00859375 0.0234375
0 0.8671875 0.88984375 0.00703125 0.0265625
0 0.8609375 0.88671875 0.0078125 0.02109375
0 0.846875 0.88984375 0.00859375 0.02265625
0 0.84140625 0.88671875 0.00625 0.02265625
0 0.8265625 0.88203125 0.0078125 0.0296875
0 0.83359375 0.890625 0.009375 0.01328125
0 0.834375 0.88125 0.00390625 0.00703125
0 0.8515625 0.884375 0.00625 0.02578125
0 0.8140625 0.88046875 0.00625 0.01953125
0 0.81015625 0.87421875 0.00390625 0.009375
0 0.80390625 0.87109375 0.00546875 0.01640625
0 0.24375 0.8125 0.0046875 0.0125
0 0.240625 0.81328125 0.00390625 0.0125
0 0.23515625 0.81484375 0.00390625 0.0078125
0 0.221875 0.81640625 0.00390625 0.0125
0 0.21875 0.81796875 0.0046875 0.01328125
0 0.215625 0.815625 0.00390625 0.00703125
0 0.21953125 0.7921875 0.003125 0.00859375
0 0.234375 0.80390625 0.00390625 0.015625
0 0.21796875 0.7296875 0.003125 0.0046875
0 0.39375 0.66953125 0.0015625 0.00625
0 0.43359375 0.67109375 0.003125 0.0078125
0 0.4359375 0.67109375 0.003125 0.0078125
0 0.421875 0.67109375 0.0015625 0.00703125
0 0.425 0.67109375 0.0015625 0.0078125
0 0.4265625 0.67109375 0.00234375 0.00703125
0 0.8421875 0.696875 0.003125 0.0046875
0 0.83828125 0.69765625 0.003125 0.0125
0 0.82265625 0.70546875 0.00390625 0.01484375
0 0.94765625 0.7140625 0.003125 0.0140625
0 0.94375 0.7109375 0.00390625 0.009375
0 0.965625 0.70859375 0.00234375 0.00390625
0 0.96953125 0.7109375 0.003125 0.0078125
0 0.97578125 0.7109375 0.00390625 0.0078125
0 0.98046875 0.715625 0.00390625 0.01484375
0 0.98359375 0.71484375 0.003125 0.0140625
0 0.98671875 0.71484375 0.00390625 0.01640625
0 0.98828125 0.71328125 0.003125 0.01015625
0 0.9921875 0.7109375 0.0046875 0.01015625
0 0.99296875 0.76328125 0.00546875 0.02265625
0 0.98828125 0.76875 0.00625 0.009375
0 0.98515625 0.7625 0.00546875 0.021875
0 0.9890625 0.75859375 0.0046875 0.01484375
0 0.9765625 0.76328125 0.00390625 0.021875
0 0.9765625 0.76015625 0.00390625 0.0140625
0 0.971875 0.759375 0.0046875 0.01875
0 0.96953125 0.7578125 0.00546875 0.02109375
0 0.9625 0.759375 0.00546875 0.021875
0 0.9484375 0.76171875 0.0046875 0.01953125
0 0.95 0.75703125 0.003125 0.01484375
0 0.93984375 0.7640625 0.0046875 0.01875
0 0.93828125 0.759375 0.00390625 0.01171875
0 0.93203125 0.76171875 0.00625 0.021875
0 0.92421875 0.75859375 0.00625 0.01796875
0 0.92265625 0.7546875 0.0015625 0.00625
0 0.9203125 0.759375 0.0046875 0.0171875
0 0.91484375 0.7609375 0.00546875 0.01875
0 0.909375 0.7609375 0.0046875 0.021875
0 0.90546875 0.76171875 0.0046875 0.01953125
0 0.90703125 0.75390625 0.00234375 0.00703125
0 0.91015625 0.759375 0.00546875 0.02109375
0 0.871875 0.7578125 0.00546875 0.01875
0 0.86796875 0.7578125 0.0046875 0.02109375
0 0.8609375 0.759375 0.00625 0.02109375
0 0.85625 0.7625 0.00390625 0.0125
0 0.846875 0.76640625 0.00546875 0.009375
0 0.84453125 0.76484375 0.00390625 0.00703125
0 0.73203125 0.7578125 0.0046875 0.01796875
0 0.72734375 0.7578125 0.00546875 0.01875
0 0.7234375 0.753125 0.0046875 0.0171875
0 0.71796875 0.75390625 0.00546875 0.01640625
0 0.68515625 0.70078125 0.00390625 0.0046875
0 0.6796875 0.70234375 0.0046875 0.01484375
0 0.5765625 0.73671875 0.00234375 0.01484375
0 0.53203125 0.7484375 0.0046875 0.01484375
0 0.528125 0.7484375 0.00390625 0.01484375
0 0.52734375 0.74375 0.00234375 0.009375
0 0.525 0.74609375 0.003125 0.01484375
0 0.52421875 0.7453125 0.003125 0.01484375
0 0.51953125 0.746875 0.00390625 0.0171875
0 0.5171875 0.74609375 0.003125 0.0140625
0 0.5125 0.75 0.0046875 0.01171875
0 0.5140625 0.74921875 0.003125 0.01328125
0 0.51015625 0.74765625 0.00390625 0.0140625
0 0.50625 0.74765625 0.0046875 0.0171875
0 0.5015625 0.74609375 0.0046875 0.01875
0 0.49375 0.7453125 0.003125 0.015625
0 0.4046875 0.73515625 0.003125 0.01328125
0 0.4015625 0.734375 0.003125 0.01328125
0 0.39296875 0.72734375 0.00234375 0.009375
0 0.39140625 0.7296875 0.003125 0.0109375
0 0.82578125 0.86953125 0.00546875 0.01015625
0 0.4125 0.7234375 0.00234375 0.00703125
0 0.83671875 0.875 0.00859375 0.01015625
0 0.78984375 0.8734375 0.0109375 0.0140625
0 0.778125 0.871875 0.01171875 0.01484375
0 0.76640625 0.8703125 0.009375 0.01328125
0 0.7515625 0.87109375 0.01640625 0.0109375
0 0.22734375 0.79765625 0.009375 0.0140625
0 0.2125 0.796875 0.0078125 0.01640625
0 0.20703125 0.7296875 0.00390625 0.0125
0 0.2953125 0.66796875 0.04296875 0.00390625
0 0.95234375 0.71171875 0.003125 0.0140625
0 0.33125 0.71640625 0.00625 0.01015625
0 0.934375 0.7140625 0.00234375 0.003125
0 0.83203125 0.6984375 0.0078125 0.01328125
0 0.428125 0.696875 0.0109375 0.0109375
0 0.44296875 0.69765625 0.00390625 0.00859375
0 0.4390625 0.7 0.00234375 0.0078125
0 0.4546875 0.7 0.003125 0.0109375
0 0.39140625 0.7125 0.00234375 0.0078125
0 0.37734375 0.7015625 0.00625 0.0046875
0 0.21328125 0.6671875 0.0375 0.0078125
0 0.15546875 0.6671875 0.00859375 0.00546875
0 0.296875 0.66171875 0.00625 0.01015625
0 0.13671875 0.72265625 0.003125 0.0078125
0 0.93828125 0.69140625 0.0046875 0.01484375