0 0.84765625 0.690625 0.13125 0.615625
0 0.9515625 0.7109375 0.09453125 0.4953125
0 0.909375 0.6953125 0.053125 0.35859375
0 0.75859375 0.66484375 0.09765625 0.66640625
0 0.68046875 0.63984375 0.1546875 0.7171875
0 0.58125 0.6453125 0.13671875 0.7
0 0.54375 0.6734375 0.1640625 0.64921875
0 0.490625 0.69140625 0.21875 0.6140625
0 0.3515625 0.63046875 0.190625 0.73671875
0 0.13046875 0.6015625 0.23046875 0.79375
0 0.02890625 0.703125 0.0578125 0.3875
0 0.2515625 0.653125 0.05703125 0.290625
0 0.2390625 0.54765625 0.053125 0.0984375