0 0.90546875 0.8109375 0.1078125 0.375
0 0.93125 0.809375 0.084375 0.378125
0 0.990625 0.665625 0.0171875 0.1109375
0 0.959375 0.68125 0.01796875 0.09296875
0 0.7625 0.7171875 0.01875 0.05703125
0 0.7078125 0.83671875 0.06640625 0.2734375
0 0.67734375 0.778125 0.0328125 0.15
0 0.64765625 0.7765625 0.028125 0.1359375
0 0.6546875 0.7546875 0.01640625 0.10703125
0 0.63984375 0.7390625 0.0109375 0.078125
0 0.6296875 0.75078125 0.01796875 0.09296875
0 0.625 0.753125 0.01328125 0.0875
0 0.6171875 0.778125 0.01640625 0.13046875
0 0.6015625 0.78203125 0.02890625 0.14140625
0 0.56953125 0.771875 0.025 0.1109375
0 0.5546875 0.7640625 0.01875 0.0859375
0 0.54296875 0.759375 0.0140625 0.09453125
0 0.5734375 0.7609375 0.01953125 0.0890625
0 0.528125 0.75546875 0.01796875 0.1
0 0.51328125 0.77109375 0.0265625 0.125
0 0.49375 0.7953125 0.03984375 0.15390625
0 0.47578125 0.784375 0.0265625 0.16953125
0 0.465625 0.78046875 0.01875 0.14453125
0 0.44375 0.7953125 0.040625 0.1734375
0 0.42421875 0.765625 0.0265625 0.1140625
0 0.4015625 0.765625 0.028125 0.1015625
0 0.3765625 0.74765625 0.0109375 0.040625
0 0.3421875 0.7609375 0.01875 0.0859375
0 0.3640625 0.76796875 0.01953125 0.096875
0 0.315625 0.7609375 0.01796875 0.08359375
0 0.2890625 0.7640625 0.02421875 0.10859375
0 0.26796875 0.78515625 0.0359375 0.16796875
0 0.228125 0.740625 0.0109375 0.0640625
0 0.2203125 0.7421875 0.01171875 0.0625
0 0.2109375 0.7421875 0.01484375 0.0734375
0 0.2 0.740625 0.01328125 0.05390625
0 0.1875 0.740625 0.01796875 0.0890625
0 0.16875 0.75703125 0.02421875 0.128125
0 0.1484375 0.7515625 0.02265625 0.128125
0 0.13125 0.77109375 0.02734375 0.19140625
0 0.1234375 0.76953125 0.01640625 0.16953125
0 0.10859375 0.728125 0.0171875 0.09453125
0 0.0953125 0.725 0.01640625 0.1109375
0 0.04375 0.7828125 0.0875 0.43203125
0 0.9671875 0.93359375 0.0640625 0.13046875
0 0.9359375 0.6671875 0.03046875 0.0484375
0 0.8453125 0.70390625 0.06796875 0.10859375
0 0.7203125 0.6921875 0.0234375 0.0234375
0 0.48359375 0.6890625 0.9609375 0.20546875
0 0.475 0.22265625 0.2078125 0.3015625
0 0.15 0.22109375 0.1 0.40859375