0 0.94765625 0.50390625 0.103125 0.60625
0 0.853125 0.5625 0.1203125 0.40234375
0 0.8234375 0.48671875 0.09453125 0.44609375
0 0.8046875 0.50703125 0.08203125 0.34765625
0 0.7265625 0.5171875 0.10625 0.40703125
0 0.6125 0.52734375 0.16953125 0.63515625
0 0.53984375 0.55859375 0.1 0.39609375
0 0.4203125 0.55546875 0.1015625 0.415625
0 0.4765625 0.50234375 0.0703125 0.37109375
0 0.521875 0.484375 0.04140625 0.27890625
0 0.37109375 0.50703125 0.0734375 0.375
0 0.30625 0.48515625 0.096875 0.36015625
0 0.20234375 0.5375 0.084375 0.33359375
0 0.2203125 0.49375 0.10703125 0.3625
0 0.159375 0.49375 0.0390625 0.16640625
0 0.11875 0.50703125 0.09921875 0.26328125
0 0.075 0.5203125 0.05859375 0.23671875
0 0.03359375 0.51640625 0.0671875 0.23828125
0 0.0203125 0.50234375 0.040625 0.25625
0 0.0625 0.49140625 0.02109375 0.21015625
0 0.2765625 0.503125 0.03046875 0.12265625
0 0.640625 0.5328125 0.14140625 0.53671875
0 0.01015625 0.53828125 0.0203125 0.0546875
0 0.1125 0.56484375 0.04140625 0.084375
0 0.253125 0.52421875 0.03515625 0.07421875
0 0.3765625 0.58828125 0.0234375 0.06875
0 0.715625 0.61015625 0.08828125 0.16953125
0 0.76328125 0.44453125 0.0328125 0.05390625