0 0.85390625 0.4515625 0.1171875 0.2359375
0 0.80546875 0.40078125 0.1109375 0.20390625
0 0.54453125 0.465625 0.1546875 0.27890625
0 0.6421875 0.4015625 0.075 0.13046875
0 0.5296875 0.34765625 0.078125 0.0625
0 0.49609375 0.353125 0.0328125 0.05625
0 0.46328125 0.3953125 0.0734375 0.128125
0 0.4453125 0.384375 0.0375 0.1125
0 0.43203125 0.3421875 0.0328125 0.03515625
0 0.3828125 0.35390625 0.034375 0.05859375
0 0.35546875 0.36640625 0.0359375 0.07421875
0 0.32421875 0.39453125 0.0609375 0.128125
0 0.57265625 0.34375 0.0140625 0.02109375
0 0.61328125 0.3453125 0.0203125 0.034375
0 0.40546875 0.39375 0.0703125 0.13828125
0 0.3 0.33984375 0.13125 0.0234375
0 0.69609375 0.3421875 0.0390625 0.0234375
0 0.9015625 0.32734375 0.0625 0.0234375