0 0.89609375 0.68203125 0.11953125 0.60703125
0 0.846875 0.746875 0.05546875 0.09140625
0 0.62421875 0.6484375 0.13125 0.6078125
0 0.5578125 0.58828125 0.075 0.41640625
0 0.4375 0.52578125 0.0484375 0.246875
0 0.4078125 0.53046875 0.03359375 0.2296875
0 0.42734375 0.525 0.02421875 0.203125
0 0.47109375 0.53515625 0.0296875 0.1859375
0 0.46640625 0.44609375 0.0296875 0.0703125
0 0.58984375 0.4265625 0.01875 0.046875
0 0.3109375 0.52734375 0.0328125 0.21015625
0 0.2640625 0.51796875 0.04140625 0.17578125
0 0.2890625 0.5125 0.03046875 0.20859375
0 0.32578125 0.503125 0.0234375 0.1421875
0 0.21953125 0.453125 0.0171875 0.0265625
0 0.2359375 0.484375 0.01875 0.0953125
0 0.25 0.453125 0.01796875 0.071875
0 0.26953125 0.4453125 0.0125 0.04140625
0 0.334375 0.4765625 0.0171875 0.10234375
0 0.35078125 0.48046875 0.01640625 0.09453125
0 0.359375 0.4765625 0.0140625 0.09765625
0 0.3734375 0.47578125 0.0203125 0.0921875
0 0.39140625 0.465625 0.0171875 0.09296875
0 0.328125 0.478125 0.015625 0.09765625
0 0.02734375 0.5359375 0.02265625 0.09765625
0 0.828125 0.4703125 0.1046875 0.19921875
0 0.23984375 0.44609375 0.09296875 0.0390625
0 0.29921875 0.434375 0.0109375 0.015625
0 0.58984375 0.7953125 0.44609375 0.28359375
0 0.85625 0.284375 0.0390625 0.12421875
0 0.3265625 0.4625 0.0109375 0.10078125