0 0.08125 0.715625 0.1625 0.565625
0 0.2109375 0.65078125 0.1390625 0.48828125
0 0.3046875 0.64296875 0.09453125 0.4203125
0 0.38828125 0.6125 0.0765625 0.36171875
0 0.4625 0.46015625 0.06953125 0.0671875
0 0.56484375 0.55390625 0.08203125 0.30625
0 0.60390625 0.41484375 0.0515625 0.10859375
0 0.62734375 0.4359375 0.02734375 0.06015625
0 0.6703125 0.5296875 0.06328125 0.26953125
0 0.70703125 0.38984375 0.05078125 0.109375
0 0.7359375 0.56640625 0.115625 0.35078125
0 0.77265625 0.48515625 0.02734375 0.1578125
0 0.7953125 0.4875 0.04453125 0.1765625
0 0.83203125 0.5046875 0.07578125 0.2125
0 0.84765625 0.4890625 0.034375 0.178125
0 0.86015625 0.41484375 0.02265625 0.0484375
0 0.8734375 0.48671875 0.05078125 0.19609375
0 0.94140625 0.4859375 0.05859375 0.203125
0 0.1328125 0.61953125 0.1125 0.403125
0 0.1609375 0.44375 0.046875 0.13203125
0 0.2640625 0.44296875 0.05078125 0.12265625
0 0.29921875 0.45546875 0.05859375 0.1078125
0 0.33671875 0.43515625 0.02890625 0.08359375
0 0.35625 0.46875 0.04140625 0.12578125
0 0.396875 0.4515625 0.04140625 0.09140625
0 0.49140625 0.4453125 0.040625 0.0796875
0 0.52109375 0.43984375 0.02578125 0.0890625
0 0.08984375 0.46328125 0.0390625 0.1078125
0 0.83125 0.4125 0.03125 0.03828125
0 0.90546875 0.46484375 0.03671875 0.05546875
0 0.2359375 0.46171875 0.0125 0.04140625
0 0.3640625 0.421875 0.03828125 0.0578125
0 0.63125 0.43359375 0.04609375 0.07265625
0 0.025 0.46171875 0.05 0.11328125
0 0.68125 0.4359375 0.0140625 0.02890625
0 0.98125 0.46875 0.0359375 0.0453125
0 0.60625 0.359375 0.03203125 0.08125
0 0.43984375 0.41875 0.08671875 0.04765625
0 0.51015625 0.43203125 0.01875 0.0671875