0 0.83359375 0.5234375 0.2140625 0.95
0 0.64375 0.5515625 0.165625 0.89296875
0 0.4234375 0.4078125 0.15859375 0.81484375
0 0.5015625 0.37578125 0.09453125 0.73203125
0 0.59375 0.16640625 0.07890625 0.3
0 0.76328125 0.1734375 0.0609375 0.2296875
0 0.63203125 0.08671875 0.0578125 0.1734375
0 0.67578125 0.1140625 0.05390625 0.228125
0 0.70703125 0.09609375 0.034375 0.19140625
0 0.5671875 0.04921875 0.0328125 0.0984375
0 0.16484375 0.12109375 0.0546875 0.23828125
0 0.46953125 0.08203125 0.05 0.13359375
0 0.5453125 0.178125 0.05234375 0.346875