0 0.85078125 0.6734375 0.11328125 0.37421875
0 0.8890625 0.459375 0.09453125 0.409375
0 0.815625 0.51015625 0.10546875 0.49453125
0 0.7390625 0.46640625 0.10546875 0.54921875
0 0.66875 0.5359375 0.109375 0.52578125
0 0.66328125 0.29921875 0.10078125 0.190625
0 0.596875 0.58515625 0.1609375 0.46875
0 0.5890625 0.2828125 0.084375 0.165625
0 0.51015625 0.596875 0.10078125 0.45078125
0 0.540625 0.33671875 0.09375 0.26328125
0 0.4578125 0.309375 0.1109375 0.27421875
0 0.4125 0.59375 0.13984375 0.53828125
0 0.37421875 0.31171875 0.078125 0.26171875
0 0.3140625 0.58203125 0.1328125 0.47109375
0 0.15546875 0.69609375 0.171875 0.403125
0 0.0890625 0.553125 0.14921875 0.5546875
0 0.19921875 0.45078125 0.1390625 0.403125
0 0.25078125 0.36796875 0.0625 0.20703125
0 0.1953125 0.27421875 0.08203125 0.19453125
0 0.29453125 0.2796875 0.11640625 0.26328125
0 0.70546875 0.25546875 0.03046875 0.0671875