0 0.31875 0.75546875 0.1359375 0.33671875
0 0.5234375 0.6984375 0.11875 0.2078125
0 0.60234375 0.65078125 0.07109375 0.19453125
0 0.65234375 0.61796875 0.053125 0.17578125
0 0.7078125 0.5984375 0.053125 0.115625
0 0.8140625 0.621875 0.05859375 0.1828125
0 0.8734375 0.60703125 0.06875 0.2328125
0 0.81875 0.49921875 0.0203125 0.10546875
0 0.18125 0.6546875 0.0796875 0.18125
0 0.1046875 0.5765625 0.053125 0.07578125
0 0.0265625 0.5953125 0.053125 0.0984375
0 0.0546875 0.578125 0.046875 0.08203125
0 0.1625 0.575 0.034375 0.05703125
0 0.30390625 0.57578125 0.03203125 0.05234375
0 0.32109375 0.58359375 0.03203125 0.07734375
0 0.38125 0.5875 0.0359375 0.09921875
0 0.453125 0.58828125 0.0328125 0.10859375
0 0.47890625 0.58046875 0.03203125 0.0984375
0 0.5328125 0.5515625 0.03515625 0.0953125
0 0.50859375 0.56328125 0.0234375 0.071875
0 0.6296875 0.55703125 0.0234375 0.06015625
0 0.69140625 0.55859375 0.03515625 0.06015625
0 0.00625 0.55 0.0125 0.03671875
0 0.03359375 0.55390625 0.01640625 0.0515625
0 0.0765625 0.5671875 0.0234375 0.08046875
0 0.13984375 0.590625 0.0578125 0.12421875
0 0.23203125 0.55859375 0.1203125 0.0921875
0 0.29921875 0.54375 0.01484375 0.01640625
0 0.33203125 0.53984375 0.0375 0.03046875
0 0.3390625 0.5765625 0.0234375 0.05
0 0.35859375 0.5578125 0.01875 0.0734375
0 0.40625 0.54765625 0.078125 0.05546875
0 0.48828125 0.5359375 0.0875 0.05859375
0 0.58046875 0.5296875 0.08671875 0.0640625
0 0.6421875 0.53515625 0.03828125 0.06015625
0 0.7375 0.55078125 0.1546875 0.10234375
0 0.94375 0.58359375 0.1109375 0.159375
0 0.85078125 0.52578125 0.0234375 0.05
0 0.57734375 0.6015625 0.0390625 0.08203125
0 0.63125 0.5875 0.025 0.04375