0 0.68125 0.6203125 0.07265625 0.20234375
0 0.69609375 0.5328125 0.05625 0.0859375
0 0.6359375 0.54609375 0.06640625 0.1203125
0 0.8078125 0.6578125 0.25625 0.68125
0 0.5796875 0.62421875 0.59375 0.7484375
0 0.4078125 0.5640625 0.45859375 0.821875
0 0.31171875 0.6859375 0.4359375 0.625
0 0.0609375 0.75859375 0.12109375 0.47890625
0 0.74375 0.8 0.1109375 0.396875
0 0.6546875 0.59765625 0.134375 0.2109375
0 0.73125 0.61171875 0.05625 0.24375
0 0.640625 0.88515625 0.09921875 0.221875
0 0.93671875 0.6578125 0.12109375 0.3390625
0 0.596875 0.24375 0.8 0.4875
0 0.09765625 0.3796875 0.19296875 0.75234375
0 0.34375 0.68125 0.0546875 0.153125