0 0.82421875 0.415625 0.1875 0.44765625
0 0.809375 0.61328125 0.215625 0.7703125
0 0.51484375 0.57578125 0.16796875 0.7734375
0 0.43828125 0.46796875 0.10546875 0.721875
0 0.3328125 0.60546875 0.19140625 0.7859375
0 0.128125 0.56953125 0.14453125 0.68515625
0 0.04765625 0.58671875 0.0953125 0.7453125
0 0.2484375 0.60546875 0.109375 0.73671875
0 0.53125 0.234375 0.0875 0.184375
0 0.78203125 0.32734375 0.10546875 0.33515625
0 0.19609375 0.33359375 0.1421875 0.3015625
0 0.61953125 0.3328125 0.06953125 0.34140625