0 0.02890625 0.3484375 0.0578125 0.3625
0 0.146875 0.22265625 0.12734375 0.3859375
0 0.18671875 0.23671875 0.06328125 0.29296875
0 0.3734375 0.25390625 0.12734375 0.50703125
0 0.51875 0.23828125 0.11328125 0.2875
0 0.66328125 0.2203125 0.1234375 0.440625
0 0.7125 0.17734375 0.06953125 0.35390625
0 0.7484375 0.1640625 0.06640625 0.32109375
0 0.8734375 0.1671875 0.13125 0.33359375
0 0.91953125 0.1703125 0.0640625 0.340625
0 0.96796875 0.16640625 0.05546875 0.33203125
0 0.9796875 0.23515625 0.0375 0.4703125
0 0.81953125 0.64375 0.35859375 0.70859375
0 0.78671875 0.41484375 0.09921875 0.1953125
0 0.70390625 0.51171875 0.2515625 0.49609375
0 0.265625 0.67265625 0.53125 0.54453125
0 0.26171875 0.45546875 0.24765625 0.365625
0 0.50078125 0.1328125 0.01640625 0.01875
0 0.81796875 0.13984375 0.0296875 0.2796875
0 0.7 0.04140625 0.06953125 0.05
0 0.72265625 0.296875 0.0515625 0.12578125