0 0.4671875 0.52890625 0.1765625 0.91640625
0 0.3671875 0.4625 0.09609375 0.68359375
0 0.2234375 0.471875 0.1265625 0.725
0 0.1015625 0.2 0.0484375 0.19453125
0 0.5265625 0.3765625 0.08984375 0.621875
0 0.6109375 0.36015625 0.08828125 0.6265625
0 0.7453125 0.49921875 0.2828125 0.9984375
0 0.84375 0.50078125 0.31171875 0.99609375
0 0.02265625 0.34140625 0.0453125 0.4484375
0 0.4109375 0.16796875 0.07265625 0.21640625
0 0.0375 0.14921875 0.075 0.11796875
0 0.1703125 0.17890625 0.13125 0.15859375
0 0.2890625 0.175 0.1078125 0.2109375
0 0.421875 0.06328125 0.15546875 0.1265625
0 0.88125 0.1140625 0.09921875 0.20859375
0 0.69765625 0.09375 0.05 0.11796875