0 0.75390625 0.65078125 0.0828125 0.378125
0 0.8015625 0.6671875 0.046875 0.29375
0 0.6640625 0.65859375 0.09296875 0.27421875
0 0.58359375 0.6703125 0.0703125 0.29921875
0 0.5484375 0.7078125 0.08203125 0.3875
0 0.5 0.73671875 0.13828125 0.46484375
0 0.4765625 0.684375 0.07109375 0.37265625
0 0.4265625 0.68125 0.071875 0.32890625
0 0.40234375 0.65546875 0.053125 0.2890625
0 0.38203125 0.56875 0.0421875 0.121875
0 0.34140625 0.77578125 0.1453125 0.446875
0 0.33828125 0.54296875 0.0390625 0.03984375
0 0.32734375 0.55 0.0515625 0.1
0 0.38125 0.56796875 0.03984375 0.1234375
0 0.271875 0.58828125 0.04765625 0.17890625
0 0.1890625 0.7171875 0.0234375 0.27265625
0 0.2390625 0.73984375 0.128125 0.51015625
0 0.34453125 0.53671875 0.23359375 0.08828125