0 0.89921875 0.603125 0.18125 0.57734375
0 0.6546875 0.56328125 0.178125 0.62890625
0 0.5921875 0.51015625 0.065625 0.32265625
0 0.61640625 0.33515625 0.05390625 0.08515625
0 0.73359375 0.403125 0.04765625 0.21171875
0 0.490625 0.62265625 0.125 0.54140625
0 0.34609375 0.6734375 0.14375 0.59375
0 0.4125 0.61015625 0.1 0.54140625
0 0.409375 0.5796875 0.0953125 0.45703125
0 0.528125 0.58046875 0.06328125 0.44453125
0 0.4984375 0.37890625 0.0796875 0.13671875
0 0.546875 0.3828125 0.05859375 0.175
0 0.52421875 0.3125 0.03203125 0.09140625
0 0.47578125 0.31875 0.0359375 0.09296875
0 0.4828125 0.2734375 0.02265625 0.04921875
0 0.41328125 0.3046875 0.040625 0.0875
0 0.3609375 0.29453125 0.03046875 0.0859375
0 0.39140625 0.33515625 0.0390625 0.09609375
0 0.23671875 0.5140625 0.08125 0.32578125
0 0.18359375 0.6125 0.1328125 0.4734375
0 0.08671875 0.70546875 0.13671875 0.55390625
0 0.35859375 0.40078125 0.1046875 0.14765625
0 0.4609375 0.3875 0.05859375 0.134375