0 0.20625 0.83203125 0.15390625 0.33203125
0 0.35625 0.75390625 0.15546875 0.48984375
0 0.28828125 0.71015625 0.1125 0.46640625
0 0.2890625 0.56796875 0.12265625 0.3546875
0 0.3703125 0.5546875 0.084375 0.209375
0 0.4484375 0.6609375 0.09453125 0.46875
0 0.53359375 0.58984375 0.10078125 0.39609375
0 0.6015625 0.890625 0.16484375 0.21796875
0 0.6125 0.7515625 0.0890625 0.303125
0 0.61640625 0.66328125 0.11328125 0.259375
0 0.71328125 0.60234375 0.09140625 0.175
0 0.62421875 0.54375 0.07734375 0.18125
0 0.63984375 0.58359375 0.09453125 0.171875
0 0.71484375 0.559375 0.08046875 0.16015625
0 0.771875 0.57265625 0.08203125 0.26171875
0 0.8375 0.57890625 0.07734375 0.26796875
0 0.78046875 0.478125 0.09765625 0.234375
0 0.81796875 0.40703125 0.0453125 0.11015625
0 0.9171875 0.48671875 0.07734375 0.2140625
0 0.93203125 0.6046875 0.13203125 0.26484375
0 0.9453125 0.38671875 0.084375 0.15078125
0 0.93828125 0.35546875 0.059375 0.125
0 0.89765625 0.378125 0.07265625 0.29140625
0 0.9390625 0.28671875 0.03671875 0.05546875
0 0.0234375 0.34921875 0.04375 0.16171875
0 0.0125 0.28046875 0.02421875 0.14921875
0 0.06328125 0.2765625 0.07109375 0.2234375
0 0.04765625 0.121875 0.03984375 0.11015625
0 0.01640625 0.08046875 0.02578125 0.14140625
0 0.1203125 0.11484375 0.0421875 0.09453125
0 0.153125 0.096875 0.04765625 0.09921875
0 0.14453125 0.3109375 0.05546875 0.28828125
0 0.16640625 0.2875 0.03359375 0.2859375
0 0.21484375 0.34296875 0.08515625 0.19375
0 0.21875 0.22734375 0.06640625 0.15625
0 0.28046875 0.29140625 0.05078125 0.23671875
0 0.3171875 0.32890625 0.0390625 0.18125
0 0.384375 0.41171875 0.0765625 0.32578125
0 0.36953125 0.3984375 0.05234375 0.30625
0 0.425 0.328125 0.0578125 0.19140625
0 0.49921875 0.4828125 0.06875 0.23984375
0 0.47734375 0.42578125 0.05546875 0.159375
0 0.4359375 0.41484375 0.06953125 0.25390625
0 0.48359375 0.3140625 0.0546875 0.11796875
0 0.58671875 0.51875 0.07109375 0.26484375
0 0.56015625 0.3984375 0.04453125 0.13125
0 0.59140625 0.3625 0.04453125 0.0953125
0 0.53046875 0.334375 0.04765625 0.125
0 0.54765625 0.328125 0.05703125 0.13125
0 0.59375 0.29765625 0.0484375 0.14375
0 0.61953125 0.334375 0.04609375 0.2359375
0 0.65390625 0.475 0.06796875 0.2015625
0 0.71796875 0.46875 0.07109375 0.190625
0 0.7875 0.378125 0.06015625 0.1109375
0 0.69765625 0.39140625 0.0625 0.17109375
0 0.25546875 0.21171875 0.03984375 0.20859375
0 0.28046875 0.1375 0.034375 0.1453125
0 0.31796875 0.165625 0.03125 0.17421875
0 0.34140625 0.26328125 0.040625 0.18984375
0 0.328125 0.2140625 0.02421875 0.06484375
0 0.36484375 0.19296875 0.04453125 0.103125
0 0.36328125 0.24296875 0.04296875 0.09453125
0 0.3578125 0.1140625 0.03359375 0.13046875
0 0.375 0.15546875 0.0265625 0.18984375
0 0.40390625 0.2703125 0.01875 0.05546875
0 0.41171875 0.21796875 0.05703125 0.16484375
0 0.4453125 0.2375 0.04921875 0.0953125
0 0.41328125 0.10859375 0.03203125 0.07421875
0 0.43828125 0.10390625 0.03203125 0.046875
0 0.4703125 0.1875 0.0375 0.16015625
0 0.50078125 0.146875 0.03984375 0.125
0 0.50625 0.228125 0.06171875 0.14453125
0 0.53984375 0.21171875 0.034375 0.12109375
0 0.52890625 0.1734375 0.03203125 0.09296875
0 0.52265625 0.140625 0.02109375 0.05625
0 0.5671875 0.23671875 0.04140625 0.15390625
0 0.5921875 0.1703125 0.0359375 0.12421875
0 0.621875 0.165625 0.0359375 0.084375
0 0.6171875 0.209375 0.03515625 0.103125
0 0.65859375 0.19453125 0.04765625 0.12890625
0 0.67734375 0.18984375 0.03046875 0.13125
0 0.66171875 0.290625 0.05078125 0.178125
0 0.69453125 0.31171875 0.059375 0.171875
0 0.7125 0.26328125 0.03203125 0.0890625
0 0.7359375 0.33515625 0.0484375 0.21484375
0 0.7234375 0.21875 0.03046875 0.09921875
0 0.69609375 0.2171875 0.03203125 0.08046875
0 0.75234375 0.23046875 0.03203125 0.1109375
0 0.72890625 0.15703125 0.03515625 0.1046875
0 0.753125 0.14375 0.02421875 0.0703125
0 0.7734375 0.18203125 0.03671875 0.0796875
0 0.7875 0.171875 0.02265625 0.05078125
0 0.76875 0.3109375 0.03515625 0.19296875
0 0.784375 0.228125 0.025 0.0484375
0 0.80703125 0.2203125 0.03671875 0.0703125
0 0.828125 0.34765625 0.05546875 0.203125
0 0.86328125 0.38359375 0.04140625 0.25859375
0 0.85859375 0.228125 0.0546875 0.13984375
0 0.8921875 0.2515625 0.03828125 0.1046875
0 0.8375 0.215625 0.03125 0.0796875
0 0.8265625 0.14921875 0.02734375 0.0953125
0 0.821875 0.11484375 0.0265625 0.059375
0 0.8453125 0.10078125 0.0203125 0.059375
0 0.88515625 0.11640625 0.02265625 0.04609375
0 0.89375 0.1984375 0.03203125 0.0796875
0 0.91875 0.19921875 0.0296875 0.090625
0 0.9421875 0.21640625 0.04453125 0.1234375
0 0.9625 0.16171875 0.02265625 0.0734375
0 0.078125 0.18125 0.0421875 0.14140625
0 0.06953125 0.1140625 0.02578125 0.07109375
0 0.96953125 0.53359375 0.06015625 0.246875
0 0.98984375 0.32265625 0.01875 0.175
0 0.53515625 0.11875 0.01015625 0.01796875
0 0.85703125 0.090625 0.00859375 0.01328125
0 0.98359375 0.1484375 0.03203125 0.03828125
0 0.95859375 0.08359375 0.07890625 0.075
0 0.02578125 0.93203125 0.0515625 0.134375
0 0.30859375 0.071875 0.0421875 0.1203125
0 0.60390625 0.06640625 0.125 0.1015625
0 0.221875 0.12578125 0.04296875 0.0734375