0 0.94140625 0.84921875 0.07421875 0.2984375
0 0.821875 0.84921875 0.0640625 0.2984375
0 0.78984375 0.8453125 0.06484375 0.30625
0 0.75625 0.85625 0.04453125 0.284375
0 0.70390625 0.84609375 0.08203125 0.3046875
0 0.63203125 0.84765625 0.07109375 0.3015625
0 0.57421875 0.84609375 0.0640625 0.3046875
0 0.51015625 0.83828125 0.1140625 0.3203125
0 0.40859375 0.83671875 0.07265625 0.3234375
0 0.30078125 0.84296875 0.065625 0.3109375
0 0.23984375 0.84765625 0.06328125 0.3015625
0 0.14140625 0.84375 0.06484375 0.309375
0 0.1859375 0.85234375 0.05 0.2921875
0 0.05546875 0.85546875 0.0609375 0.2859375
0 0.35625 0.85625 0.0609375 0.284375
0 0.4296875 0.84609375 0.04765625 0.3046875
0 0.484375 0.85859375 0.071875 0.2796875
0 0.63046875 0.83515625 0.07421875 0.32734375
0 0.9171875 0.84921875 0.0359375 0.13359375
0 0.8484375 0.70625 0.03515625 0.22890625
0 0.9578125 0.33515625 0.0734375 0.15546875
0 0.1 0.690625 0.04140625 0.18125
0 0.0546875 0.67421875 0.0515625 0.14296875
0 0.03515625 0.6875 0.0484375 0.19375
0 0.49921875 0.36015625 0.9984375 0.7203125