0 0.571875 0.340625 0.1203125 0.2453125
0 0.6109375 0.4921875 0.09765625 0.35625
0 0.671875 0.37734375 0.09140625 0.21640625
0 0.91953125 0.31640625 0.03046875 0.07578125
0 0.8765625 0.35625 0.08203125 0.2140625
0 0.77421875 0.575 0.1125 0.48515625
0 0.6921875 0.690625 0.15 0.61484375
0 0.8359375 0.678125 0.1890625 0.6390625
0 0.94453125 0.675 0.109375 0.61015625
0 0.54765625 0.68125 0.1015625 0.628125
0 0.46953125 0.74375 0.159375 0.5078125
0 0.3359375 0.6734375 0.13515625 0.6484375
0 0.4296875 0.51796875 0.0921875 0.3359375
0 0.2296875 0.68359375 0.12265625 0.628125
0 0.05703125 0.68515625 0.11328125 0.57265625
0 0.08046875 0.62578125 0.10703125 0.68125
0 0.15 0.35546875 0.0734375 0.1890625
0 0.15234375 0.58984375 0.11328125 0.49453125
0 0.175 0.6171875 0.1125 0.52109375
0 0.321875 0.5375 0.11328125 0.50078125
0 0.31875 0.66015625 0.10078125 0.5859375
0 0.8953125 0.66171875 0.14140625 0.67265625
0 0.7453125 0.5375 0.1078125 0.50078125
0 0.95390625 0.31640625 0.0890625 0.271875
0 0.30078125 0.41328125 0.03125 0.1046875
0 0.50234375 0.42890625 0.0625 0.17578125
0 0.5109375 0.8671875 0.034375 0.09140625
0 0.17734375 0.6671875 0.171875 0.634375