0 0.921875 0.33046875 0.153125 0.66015625
0 0.8578125 0.2375 0.08125 0.41953125
0 0.790625 0.3703125 0.20625 0.73046875
0 0.7390625 0.32109375 0.075 0.58515625
0 0.68359375 0.17578125 0.0359375 0.178125
0 0.65625 0.1875 0.034375 0.15
0 0.55703125 0.171875 0.0671875 0.24140625
0 0.48515625 0.23046875 0.0609375 0.33046875
0 0.50390625 0.56796875 0.2046875 0.47578125
0 0.4046875 0.1921875 0.053125 0.2578125
0 0.34765625 0.18828125 0.0546875 0.23671875
0 0.2875 0.1734375 0.034375 0.2109375
0 0.28828125 0.21328125 0.0765625 0.290625
0 0.2296875 0.25625 0.103125 0.41484375
0 0.99140625 0.71171875 0.0140625 0.05625
0 0.99296875 0.125 0.0109375 0.21796875
0 0.046875 0.1875 0.0875 0.271875