0 0.12734375 0.61171875 0.2546875 0.7734375
0 0.153125 0.3484375 0.0640625 0.18203125
0 0.203125 0.653125 0.09375 0.67890625
0 0.246875 0.66171875 0.10703125 0.67578125
0 0.28515625 0.384375 0.09453125 0.15078125
0 0.41953125 0.690625 0.18984375 0.61796875
0 0.35 0.65625 0.1109375 0.6859375
0 0.46484375 0.65390625 0.08359375 0.56484375
0 0.55859375 0.6015625 0.11640625 0.49375
0 0.56796875 0.69140625 0.13125 0.615625
0 0.68203125 0.6859375 0.1328125 0.609375
0 0.63828125 0.62578125 0.0875 0.52890625
0 0.703125 0.59921875 0.103125 0.503125
0 0.79140625 0.675 0.15 0.6328125
0 0.91171875 0.675 0.153125 0.64921875
0 0.55234375 0.4421875 0.10546875 0.11171875
0 0.76484375 0.434375 0.021875 0.0625
0 0.4375 0.40078125 0.05546875 0.1
0 0.85703125 0.4703125 0.01796875 0.03515625
0 0.6546875 0.3609375 0.03671875 0.03515625
0 0.3375 0.4109375 0.03671875 0.08515625
0 0.55859375 0.79609375 0.1234375 0.21640625
0 0.3421875 0.8625 0.03046875 0.07734375