0 0.18984375 0.4671875 0.059375 0.365625
0 0.22734375 0.4984375 0.078125 0.41953125
0 0.2578125 0.46484375 0.06015625 0.32109375
0 0.3375 0.54765625 0.11640625 0.44609375
0 0.359375 0.5203125 0.04921875 0.415625
0 0.4015625 0.51171875 0.06796875 0.3765625
0 0.59375 0.5203125 0.09453125 0.3125
0 0.659375 0.47734375 0.06171875 0.28203125
0 0.81875 0.55078125 0.0734375 0.4265625
0 0.959375 0.42265625 0.05078125 0.22109375
0 0.8734375 0.36953125 0.01328125 0.08046875
0 0.975 0.37578125 0.01328125 0.065625
0 0.9859375 0.38984375 0.01640625 0.0375