0 0.91953125 0.38671875 0.059375 0.240625
0 0.90234375 0.36640625 0.05 0.228125
0 0.95546875 0.35546875 0.028125 0.153125
0 0.99140625 0.3609375 0.015625 0.1421875
0 0.89453125 0.334375 0.02578125 0.1078125
0 0.875 0.33359375 0.02421875 0.09375
0 0.859375 0.3296875 0.01953125 0.0796875
0 0.7875 0.42265625 0.11328125 0.31484375
0 0.80546875 0.29609375 0.02578125 0.05625
0 0.5484375 0.60859375 0.6390625 0.7796875
0 0.5359375 0.18828125 0.19609375 0.37578125
0 0.6859375 0.35546875 0.06953125 0.228125