0 0.071875 0.7875 0.14375 0.421875
0 0.09140625 0.6484375 0.1828125 0.7
0 0.178125 0.4640625 0.10546875 0.25546875
0 0.196875 0.65546875 0.12890625 0.4203125
0 0.17734375 0.640625 0.1203125 0.2109375
0 0.22890625 0.4484375 0.16015625 0.15546875
0 0.3 0.69765625 0.30546875 0.60078125
0 0.45234375 0.6671875 0.16328125 0.6296875
0 0.34296875 0.36953125 0.14375 0.14140625
0 0.309375 0.30078125 0.2046875 0.2328125
0 0.50390625 0.30234375 0.2015625 0.27890625
0 0.375 0.384375 0.04921875 0.0609375
0 0.5171875 0.69296875 0.34375 0.61015625
0 0.578125 0.375 0.3140625 0.40625
0 0.746875 0.69921875 0.221875 0.59765625
0 0.8921875 0.69375 0.21484375 0.60859375
0 0.8171875 0.31875 0.10390625 0.16796875
0 0.80390625 0.32734375 0.16015625 0.28984375
0 0.93515625 0.4796875 0.115625 0.246875
0 0.88828125 0.69609375 0.21953125 0.6046875
0 0.66953125 0.325 0.171875 0.34921875