0 0.8359375 0.49765625 0.2359375 0.63203125
0 0.6921875 0.4671875 0.13203125 0.53359375
0 0.6015625 0.53203125 0.2890625 0.6328125
0 0.5796875 0.27109375 0.14296875 0.13828125
0 0.46953125 0.275 0.10546875 0.15390625
0 0.353125 0.45703125 0.1 0.453125
0 0.42109375 0.51640625 0.196875 0.59140625
0 0.31484375 0.43515625 0.0734375 0.35625
0 0.203125 0.52421875 0.23203125 0.6703125
0 0.2671875 0.28828125 0.0625 0.08359375
0 0.10546875 0.28046875 0.05 0.05078125
0 0.071875 0.42734375 0.1015625 0.27265625
0 0.05625 0.4265625 0.09296875 0.28984375
0 0.29375 0.2890625 0.0265625 0.046875
0 0.95390625 0.3140625 0.0890625 0.06640625
0 0.76796875 0.28359375 0.01953125 0.01328125