0 0.96484375 0.603125 0.06953125 0.4671875
0 0.953125 0.76953125 0.090625 0.4578125
0 0.9203125 0.6109375 0.05078125 0.15859375
0 0.89609375 0.71953125 0.071875 0.2296875
0 0.8140625 0.76953125 0.23046875 0.46015625
0 0.69140625 0.71171875 0.0703125 0.2
0 0.65234375 0.65703125 0.0421875 0.1109375
0 0.61015625 0.753125 0.1125 0.321875
0 0.50859375 0.65078125 0.06171875 0.11328125
0 0.49609375 0.7921875 0.3734375 0.4125
0 0.3453125 0.7484375 0.1203125 0.34375
0 0.3 0.66171875 0.0796875 0.2046875
0 0.19921875 0.79140625 0.1171875 0.4140625
0 0.06015625 0.68984375 0.11953125 0.3078125
0 0.421875 0.58125 0.04609375 0.03515625
0 0.14765625 0.72421875 0.0671875 0.128125
0 0.06640625 0.79921875 0.13203125 0.4