0 0.98125 0.5984375 0.03515625 0.465625
0 0.93671875 0.684375 0.1234375 0.5828125
0 0.95390625 0.53671875 0.06953125 0.45
0 0.796875 0.5546875 0.0859375 0.490625
0 0.7359375 0.33203125 0.0625 0.11640625
0 0.728125 0.28046875 0.0703125 0.12890625
0 0.878125 0.61015625 0.19609375 0.77734375
0 0.70390625 0.6140625 0.13359375 0.76875
0 0.57109375 0.375 0.07109375 0.18046875
0 0.47578125 0.65 0.1296875 0.69609375
0 0.5875 0.6453125 0.3046875 0.70625
0 0.40625 0.5265625 0.0609375 0.4171875
0 0.3765625 0.51953125 0.05390625 0.48515625
0 0.31875 0.59765625 0.15703125 0.6484375
0 0.27265625 0.5875 0.0890625 0.5734375
0 0.2140625 0.6203125 0.2125 0.74453125
0 0.11484375 0.60390625 0.09453125 0.60703125
0 0.059375 0.5640625 0.11796875 0.54609375
0 0.0375 0.33671875 0.075 0.1578125
0 0.2828125 0.321875 0.565625 0.2125
0 0.22109375 0.7390625 0.33515625 0.20390625