0 0.31875 0.796875 0.0328125 0.1078125
0 0.35078125 0.76640625 0.01640625 0.0640625
0 0.36328125 0.796875 0.0265625 0.1109375
0 0.39140625 0.796875 0.0453125 0.1109375
0 0.39921875 0.78046875 0.0390625 0.09609375
0 0.3734375 0.73125 0.00859375 0.046875
0 0.4265625 0.7359375 0.01015625 0.05625
0 0.4390625 0.77890625 0.02734375 0.12421875
0 0.459375 0.73359375 0.0140625 0.053125
0 0.4671875 0.7765625 0.02890625 0.1265625
0 0.47734375 0.78203125 0.0328125 0.1453125
0 0.50546875 0.78515625 0.0359375 0.1359375
0 0.5296875 0.77109375 0.0265625 0.13359375
0 0.5453125 0.77734375 0.02890625 0.13203125
0 0.6765625 0.77890625 0.01640625 0.06796875
0 0.7515625 0.80078125 0.03515625 0.1640625
0 0.7953125 0.73125 0.02890625 0.04375
0 0.8015625 0.771875 0.03515625 0.07890625
0 0.8390625 0.78046875 0.03984375 0.13359375
0 0.6984375 0.77890625 0.0125 0.071875
0 0.5640625 0.72734375 0.03125 0.05859375
0 0.75 0.7265625 0.0171875 0.0375
0 0.75546875 0.85078125 0.00859375 0.01484375
0 0.8015625 0.8234375 0.0296875 0.07734375
0 0.3703125 0.759375 0.0109375 0.028125
0 0.40390625 0.71875 0.025 0.0453125
0 0.5171875 0.7234375 0.01640625 0.046875
0 0.4734375 0.70859375 0.07109375 0.02109375
0 0.5375 0.71328125 0.01015625 0.0109375
0 0.3953125 0.6734375 0.0109375 0.0265625
0 0.434375 0.6515625 0.01875 0.0359375
0 0.47109375 0.58125 0.01484375 0.0109375
0 0.4421875 0.5921875 0.02265625 0.02265625
0 0.12734375 0.72578125 0.07734375 0.046875
0 0.6078125 0.721875 0.04609375 0.09609375
0 0.7015625 0.7109375 0.0140625 0.0453125
0 0.72109375 0.753125 0.01484375 0.0640625
0 0.86015625 0.66875 0.03515625 0.0359375
0 0.7953125 0.6890625 0.0265625 0.0265625
0 0.825 0.71640625 0.0421875 0.028125