0 0.88046875 0.75859375 0.11640625 0.2546875
0 0.7953125 0.7875 0.0765625 0.28203125
0 0.7390625 0.78125 0.078125 0.28203125
0 0.9140625 0.6171875 0.028125 0.08828125
0 0.8328125 0.61484375 0.02890625 0.09296875
0 0.81328125 0.6140625 0.0265625 0.090625
0 0.7453125 0.61171875 0.0265625 0.0859375
0 0.7140625 0.64765625 0.028125 0.10703125
0 0.690625 0.603125 0.021875 0.0734375
0 0.76328125 0.59765625 0.02109375 0.071875
0 0.63515625 0.7578125 0.0765625 0.29921875
0 0.53515625 0.709375 0.04609375 0.21484375
0 0.57421875 0.6140625 0.0234375 0.0859375
0 0.3625 0.61484375 0.028125 0.096875
0 0.34609375 0.584375 0.0140625 0.05234375
0 0.33515625 0.58125 0.015625 0.0546875
0 0.28125 0.590625 0.01796875 0.0609375
0 0.26015625 0.596875 0.0234375 0.065625
0 0.4390625 0.8140625 0.0890625 0.30078125
0 0.253125 0.81484375 0.078125 0.3578125
0 0.0625 0.7796875 0.071875 0.284375
0 0.32734375 0.64140625 0.04296875 0.115625
0 0.13046875 0.58203125 0.2609375 0.1328125
0 0.43828125 0.5734375 0.3015625 0.10703125
0 0.43671875 0.6796875 0.0875 0.109375
0 0.81015625 0.59453125 0.3765625 0.13671875