0 0.0734375 0.775 0.146875 0.44609375
0 0.0546875 0.55078125 0.04296875 0.05
0 0.11171875 0.565625 0.0484375 0.11640625
0 0.16328125 0.759375 0.20703125 0.46640625
0 0.2203125 0.53828125 0.065625 0.090625
0 0.26171875 0.51953125 0.040625 0.05390625
0 0.30703125 0.52890625 0.04140625 0.0796875
0 0.37109375 0.48671875 0.03359375 0.06328125
0 0.353125 0.59296875 0.14453125 0.18515625
0 0.4171875 0.56875 0.10390625 0.15546875
0 0.40546875 0.48515625 0.03046875 0.03359375
0 0.475 0.54453125 0.1109375 0.1484375
0 0.521875 0.53515625 0.08203125 0.11875
0 0.553125 0.52890625 0.075 0.10546875
0 0.584375 0.515625 0.04453125 0.09453125
0 0.615625 0.51796875 0.05390625 0.25390625
0 0.67578125 0.50546875 0.0765625 0.10390625
0 0.73515625 0.515625 0.04296875 0.08671875
0 0.76796875 0.51484375 0.06953125 0.09296875
0 0.83671875 0.57890625 0.14296875 0.228125
0 0.834375 0.534375 0.128125 0.12421875
0 0.87578125 0.50078125 0.0484375 0.08671875
0 0.896875 0.49453125 0.025 0.04453125
0 0.95703125 0.490625 0.0390625 0.059375
0 0.84765625 0.653125 0.1875 0.328125
0 0.8359375 0.7484375 0.325 0.5
0 0.4453125 0.49453125 0.0265625 0.040625
0 0.63828125 0.5109375 0.0484375 0.08125
0 0.79609375 0.4890625 0.0359375 0.0484375
0 0.52421875 0.50625 0.015625 0.0609375
0 0.32109375 0.51875 0.01640625 0.02578125