0 0.0515625 0.7234375 0.10234375 0.44296875
0 0.134375 0.73359375 0.10234375 0.42421875
0 0.22265625 0.7203125 0.11171875 0.44453125
0 0.09765625 0.7 0.06015625 0.42109375
0 0.17734375 0.69296875 0.0859375 0.45
0 0.28203125 0.7 0.0796875 0.45390625
0 0.31875 0.73828125 0.1046875 0.4125
0 0.34921875 0.5484375 0.07578125 0.11484375
0 0.40546875 0.71328125 0.12421875 0.45234375
0 0.45546875 0.53359375 0.0609375 0.0859375
0 0.4828125 0.73359375 0.09453125 0.42734375
0 0.57734375 0.73515625 0.1 0.425
0 0.5671875 0.69296875 0.11953125 0.453125
0 0.62734375 0.60546875 0.04765625 0.2625
0 0.66015625 0.73984375 0.08125 0.415625
0 0.73125 0.74609375 0.1203125 0.4484375
0 0.83984375 0.73671875 0.134375 0.45625
0 0.94765625 0.7421875 0.10390625 0.4515625
0 0.8875 0.72578125 0.084375 0.41796875
0 0.775 0.703125 0.06171875 0.4421875
0 0.68046875 0.5515625 0.065625 0.10703125
0 0.715625 0.53203125 0.04453125 0.075