0 0.80703125 0.63671875 0.03359375 0.08671875
0 0.709375 0.6875 0.04375 0.175
0 0.7 0.57890625 0.01875 0.06484375
0 0.61171875 0.58359375 0.03203125 0.06875
0 0.62734375 0.540625 0.0203125 0.0515625
0 0.559375 0.54921875 0.02578125 0.0453125
0 0.571875 0.5078125 0.01875 0.04296875
0 0.52109375 0.496875 0.0234375 0.04453125
0 0.51484375 0.515625 0.0234375 0.04296875
0 0.49296875 0.4796875 0.01875 0.0453125
0 0.47265625 0.45234375 0.0171875 0.040625
0 0.5015625 0.490625 0.01640625 0.0515625
0 0.4515625 0.4703125 0.0140625 0.02578125
0 0.21015625 0.52109375 0.02265625 0.0453125
0 0.22734375 0.49375 0.01640625 0.04453125
0 0.2078125 0.46484375 0.01484375 0.0421875
0 0.1578125 0.53359375 0.02109375 0.0421875
0 0.021875 0.65546875 0.0265625 0.109375
0 0.06015625 0.61953125 0.021875 0.09375
0 0.0609375 0.57265625 0.01328125 0.034375
0 0.0921875 0.58828125 0.0203125 0.084375
0 0.115625 0.5671875 0.0171875 0.065625
0 0.1265625 0.54609375 0.015625 0.06640625
0 0.146875 0.515625 0.01640625 0.05
0 0.15859375 0.5 0.01328125 0.0421875
0 0.1671875 0.50390625 0.01171875 0.0546875
0 0.175 0.4921875 0.01171875 0.04921875
0 0.3875 0.45078125 0.0125 0.0265625
0 0.81015625 0.54765625 0.021875 0.07734375
0 0.76328125 0.4859375 0.0171875 0.04296875
0 0.85859375 0.51796875 0.0234375 0.040625
0 0.9671875 0.6109375 0.02265625 0.090625
0 0.91640625 0.5140625 0.01875 0.0421875
0 0.52578125 0.4484375 0.00859375 0.0171875
0 0.51484375 0.44609375 0.01015625 0.0328125
0 0.50546875 0.44140625 0.01015625 0.03046875
0 0.4953125 0.43671875 0.0109375 0.0296875
0 0.47734375 0.4328125 0.009375 0.02890625
0 0.46171875 0.4265625 0.00703125 0.02421875
0 0.4453125 0.42265625 0.00859375 0.0234375
0 0.1390625 0.5109375 0.009375 0.0578125
0 0.1109375 0.49921875 0.00625 0.03515625
0 0.09375 0.5171875 0.009375 0.02734375
0 0.0921875 0.5734375 0.0109375 0.075
0 0.10859375 0.5453125 0.0125 0.07578125
0 0.1234375 0.51640625 0.01015625 0.0359375
0 0.03203125 0.64453125 0.01640625 0.11171875
0 0.02890625 0.59765625 0.0109375 0.0375
0 0.74296875 0.45703125 0.01796875 0.0421875
0 0.4375 0.4734375 0.01640625 0.03828125
0 0.596875 0.47109375 0.06875 0.05078125
0 0.5484375 0.45859375 0.0265625 0.04296875
0 0.4265625 0.43671875 0.02421875 0.04140625
0 0.390625 0.4453125 0.0296875 0.03828125
0 0.334375 0.440625 0.02265625 0.0421875
0 0.371875 0.328125 0.01875 0.0359375
0 0.39375 0.36953125 0.0375 0.04921875
0 0.4375 0.4015625 0.02265625 0.0375
0 0.2921875 0.4046875 0.00546875 0.0203125
0 0.2140625 0.41953125 0.028125 0.05859375
0 0.1828125 0.45859375 0.0359375 0.04765625
0 0.1546875 0.48515625 0.01875 0.0359375
0 0.1265625 0.4875 0.00859375 0.01875
0 0.06015625 0.53828125 0.01171875 0.02734375
0 0.23125 0.46484375 0.01640625 0.01875
0 0.6484375 0.45625 0.0265625 0.0265625
0 0.753125 0.46796875 0.009375 0.01875
0 0.96796875 0.49765625 0.01953125 0.14453125
0 0.9390625 0.5125 0.01953125 0.1015625
0 0.91328125 0.4765625 0.0234375 0.071875
0 0.88125 0.51171875 0.0125 0.0421875