0 0.84140625 0.7375 0.31484375 0.5234375
0 0.56484375 0.6265625 0.296875 0.33671875
0 0.33671875 0.68125 0.3609375 0.48515625
0 0.16171875 0.63359375 0.2578125 0.4078125
0 0.025 0.57265625 0.046875 0.2546875
0 0.80625 0.52578125 0.1640625 0.175
0 0.7 0.5359375 0.16015625 0.234375
0 0.31171875 0.484375 0.165625 0.2171875
0 0.0453125 0.41953125 0.06796875 0.075
0 0.0640625 0.39765625 0.03671875 0.05078125
0 0.32734375 0.3546875 0.05625 0.04296875
0 0.38359375 0.3640625 0.04296875 0.0578125
0 0.49140625 0.3609375 0.0609375 0.078125
0 0.553125 0.353125 0.06875 0.05390625
0 0.6171875 0.3734375 0.05234375 0.0859375
0 0.7828125 0.3625 0.0609375 0.0875
0 0.93203125 0.38125 0.09140625 0.125
0 0.98046875 0.58359375 0.03671875 0.10078125