0 0.1390625 0.5875 0.071875 0.45546875
0 0.17734375 0.6328125 0.1078125 0.53203125
0 0.2296875 0.58828125 0.075 0.478125
0 0.26796875 0.5578125 0.0484375 0.3765625
0 0.315625 0.6109375 0.15 0.52734375
0 0.37734375 0.59609375 0.0953125 0.453125
0 0.353125 0.371875 0.08125 0.20234375
0 0.3765625 0.309375 0.046875 0.140625
0 0.41796875 0.50625 0.0578125 0.3328125
0 0.375 0.24609375 0.075 0.20234375
0 0.41796875 0.225 0.0328125 0.1203125
0 0.42890625 0.2890625 0.0453125 0.09609375
0 0.434375 0.45078125 0.0375 0.2859375
0 0.92265625 0.65 0.1515625 0.69453125
0 0.571875 0.6046875 0.0875 0.40625
0 0.6734375 0.57734375 0.078125 0.475
0 0.73359375 0.5921875 0.0890625 0.54921875
0 0.76796875 0.57890625 0.0703125 0.47265625
0 0.80234375 0.49140625 0.0453125 0.1796875
0 0.70546875 0.55703125 0.0421875 0.3546875
0 0.5890625 0.34765625 0.040625 0.128125
0 0.61328125 0.50703125 0.0921875 0.44296875
0 0.521875 0.50703125 0.059375 0.33515625
0 0.52265625 0.35 0.0609375 0.1234375
0 0.61171875 0.25390625 0.0828125 0.196875
0 0.5765625 0.228125 0.05 0.209375
0 0.2328125 0.4015625 0.146875 0.0640625
0 0.8640625 0.44296875 0.025 0.14296875
0 0.7078125 0.38828125 0.0875 0.0515625
0 0.5328125 0.203125 0.065625 0.16484375
0 0.146875 0.25390625 0.29375 0.13828125