0 0.15390625 0.6828125 0.04609375 0.14375
0 0.184375 0.68359375 0.0328125 0.1453125
0 0.1640625 0.62265625 0.01328125 0.053125
0 0.175 0.6234375 0.015625 0.06015625
0 0.27265625 0.628125 0.025 0.0703125
0 0.2875 0.6265625 0.01796875 0.07265625
0 0.29765625 0.6234375 0.01328125 0.0703125
0 0.30625 0.6265625 0.01328125 0.0640625
0 0.31875 0.62890625 0.0171875 0.06875
0 0.33203125 0.62421875 0.01640625 0.07421875
0 0.35546875 0.60546875 0.00546875 0.0171875
0 0.40859375 0.6296875 0.01796875 0.06875
0 0.40703125 0.6078125 0.0109375 0.01796875
0 0.484375 0.61640625 0.0046875 0.01328125
0 0.60546875 0.65625 0.02578125 0.0921875
0 0.715625 0.62890625 0.00546875 0.0234375
0 0.70625 0.6296875 0.00546875 0.021875
0 0.69921875 0.62265625 0.00625 0.01171875
0 0.43515625 0.61171875 0.0234375 0.0203125
0 0.69296875 0.62734375 0.00390625 0.009375
0 0.67890625 0.625 0.003125 0.00625