0 0.05625 0.5546875 0.02265625 0.1265625
0 0.06875 0.57109375 0.0328125 0.15078125
0 0.1640625 0.5625 0.0375 0.15078125
0 0.19296875 0.61015625 0.05859375 0.23359375
0 0.23125 0.61015625 0.05 0.22421875
0 0.4203125 0.69921875 0.1078125 0.48671875
0 0.48046875 0.7046875 0.1609375 0.58671875
0 0.5484375 0.71640625 0.08515625 0.54921875
0 0.584375 0.54921875 0.0390625 0.146875
0 0.6171875 0.6359375 0.0359375 0.29296875
0 0.63515625 0.6890625 0.0875 0.50234375
0 0.7078125 0.7109375 0.10859375 0.5734375
0 0.7171875 0.73359375 0.11875 0.52890625
0 0.77421875 0.67890625 0.07109375 0.4109375
0 0.8015625 0.71640625 0.0703125 0.45546875
0 0.8453125 0.72421875 0.11015625 0.546875
0 0.93046875 0.728125 0.11875 0.53984375
0 0.62265625 0.59453125 0.03515625 0.19296875
0 0.09296875 0.534375 0.0390625 0.08203125
0 0.3484375 0.4703125 0.04375 0.0640625
0 0.4484375 0.5796875 0.0546875 0.16875
0 0.53203125 0.51640625 0.0140625 0.0421875
0 0.60703125 0.53203125 0.02109375 0.06875
0 0.73515625 0.5109375 0.15234375 0.06640625
0 0.8828125 0.528125 0.03359375 0.0734375
0 0.7015625 0.8875 0.5953125 0.2203125