0 0.0515625 0.603125 0.07734375 0.38671875
0 0.11640625 0.59453125 0.090625 0.40703125
0 0.1921875 0.61015625 0.07265625 0.39140625
0 0.2765625 0.6171875 0.07734375 0.37734375
0 0.35859375 0.61796875 0.08359375 0.3796875
0 0.4390625 0.6140625 0.07890625 0.4046875
0 0.5140625 0.63046875 0.08515625 0.3890625
0 0.59453125 0.61796875 0.0859375 0.41484375
0 0.6734375 0.6328125 0.0875 0.40234375
0 0.7546875 0.62109375 0.084375 0.4265625
0 0.8296875 0.64296875 0.08671875 0.4
0 0.9125 0.640625 0.08203125 0.41015625
0 0.8671875 0.5328125 0.07734375 0.390625
0 0.79765625 0.57890625 0.07265625 0.39921875
0 0.709375 0.45546875 0.0625 0.1546875
0 0.63671875 0.56953125 0.06875 0.39296875
0 0.55625 0.56171875 0.05625 0.3890625
0 0.48671875 0.44765625 0.0609375 0.14921875
0 0.40390625 0.56484375 0.05703125 0.36484375
0 0.3296875 0.54453125 0.06640625 0.40234375
0 0.2546875 0.553125 0.07265625 0.38203125
0 0.1859375 0.553125 0.0671875 0.36953125
0 0.2171875 0.4015625 0.05546875 0.11796875
0 0.29375 0.39921875 0.05546875 0.14453125
0 0.36796875 0.38984375 0.06015625 0.19296875
0 0.4546875 0.396875 0.05703125 0.1453125
0 0.53125 0.38671875 0.053125 0.14140625
0 0.603125 0.39375 0.0625 0.16171875
0 0.675 0.39921875 0.05078125 0.08515625
0 0.79296875 0.52734375 0.07265625 0.3671875
0 0.74140625 0.371875 0.0625 0.153125
0 0.5734375 0.3359375 0.0484375 0.09921875
0 0.5015625 0.3578125 0.0640625 0.14921875
0 0.4203125 0.3578125 0.05625 0.153125
0 0.321875 0.34296875 0.05703125 0.11640625
0 0.24609375 0.35078125 0.06015625 0.15625