0 0.00703125 0.7234375 0.00859375 0.03515625
0 0.01640625 0.7609375 0.021875 0.0859375
0 0.0328125 0.76484375 0.0265625 0.121875
0 0.02890625 0.7796875 0.03828125 0.125
0 0.0546875 0.77578125 0.03359375 0.12734375
0 0.08203125 0.77578125 0.02890625 0.121875
0 0.1 0.77734375 0.04375 0.140625
0 0.1328125 0.7765625 0.03125 0.11796875
0 0.15078125 0.77109375 0.0375 0.1390625
0 0.171875 0.77578125 0.053125 0.146875
0 0.20234375 0.771875 0.04609375 0.121875
0 0.25078125 0.7765625 0.025 0.128125
0 0.27265625 0.7875 0.05 0.1875
0 0.29296875 0.80625 0.06171875 0.1890625
0 0.31484375 0.77890625 0.03046875 0.13984375
0 0.33515625 0.725 0.025 0.05625
0 0.35 0.7734375 0.040625 0.1484375
0 0.38203125 0.77265625 0.03828125 0.159375
0 0.384375 0.7015625 0.0140625 0.02421875
0 0.40234375 0.771875 0.021875 0.1421875
0 0.4234375 0.7734375 0.0390625 0.15703125
0 0.45859375 0.771875 0.04375 0.14921875
0 0.48125 0.76875 0.03203125 0.13828125
0 0.50625 0.775 0.0546875 0.15703125
0 0.53125 0.7640625 0.04296875 0.15703125
0 0.5640625 0.7734375 0.053125 0.1546875
0 0.57109375 0.75859375 0.02734375 0.153125
0 0.62265625 0.7609375 0.03515625 0.16640625
0 0.6546875 0.765625 0.059375 0.18125
0 0.675 0.7640625 0.0421875 0.1625
0 0.70390625 0.765625 0.06953125 0.17421875
0 0.7140625 0.75 0.0296875 0.171875
0 0.75 0.75703125 0.0359375 0.1765625
0 0.79609375 0.78671875 0.0828125 0.20390625
0 0.81796875 0.76171875 0.0453125 0.1625
0 0.85625 0.75078125 0.0578125 0.15859375
0 0.909375 0.7484375 0.0640625 0.16953125
0 0.8125 0.7484375 0.03515625 0.13359375
0 0.265625 0.72265625 0.01171875 0.01640625
0 0.29609375 0.7109375 0.015625 0.0140625
0 0.3625 0.7171875 0.0109375 0.01953125
0 0.3921875 0.71875 0.0109375 0.0140625
0 0.840625 0.68125 0.0453125 0.034375
0 0.1046875 0.71640625 0.06171875 0.03125