0 0.11875 0.675 0.1296875 0.48515625
0 0.1484375 0.659375 0.06640625 0.38984375
0 0.27890625 0.64375 0.23046875 0.7109375
0 0.42734375 0.75078125 0.140625 0.496875
0 0.4 0.75859375 0.05390625 0.39609375
0 0.49375 0.4875 0.11484375 0.49296875
0 0.63125 0.571875 0.14921875 0.81328125
0 0.8171875 0.60625 0.16015625 0.78671875
0 0.2171875 0.31875 0.01015625 0.0515625
0 0.23046875 0.29921875 0.0078125 0.0375
0 0.234375 0.29921875 0.00546875 0.02109375
0 0.17265625 0.65390625 0.0171875 0.0328125
0 0.25390625 0.271875 0.03671875 0.0375
0 0.26640625 0.29765625 0.00546875 0.01015625