0 0.11640625 0.734375 0.0546875 0.178125
0 0.253125 0.78203125 0.15859375 0.33671875
0 0.36015625 0.78359375 0.14453125 0.340625
0 0.41640625 0.6609375 0.03046875 0.10078125
0 0.78125 0.8078125 0.23984375 0.38359375
0 0.56875 0.7890625 0.246875 0.41875
0 0.596875 0.6453125 0.04140625 0.0390625
0 0.48671875 0.6390625 0.0828125 0.08359375
0 0.47734375 0.640625 0.02265625 0.0796875
0 0.60625 0.634375 0.0375 0.06796875
0 0.6359375 0.62109375 0.0203125 0.015625
0 0.434375 0.640625 0.028125 0.07109375
0 0.7578125 0.665625 0.0609375 0.10546875
0 0.61796875 0.61953125 0.03671875 0.0296875
0 0.95390625 0.6 0.06953125 0.090625
0 0.29921875 0.62109375 0.04296875 0.0671875
0 0.3296875 0.61875 0.021875 0.04609375
0 0.37109375 0.6078125 0.0625 0.01953125
0 0.390625 0.63359375 0.0234375 0.0328125
0 0.2578125 0.4203125 0.034375 0.0375