0 0.8921875 0.803125 0.140625 0.25546875
0 0.6890625 0.7984375 0.41484375 0.4
0 0.48515625 0.659375 0.06640625 0.1734375
0 0.4171875 0.66796875 0.0640625 0.25234375
0 0.45 0.6765625 0.0609375 0.0921875
0 0.9734375 0.6953125 0.05078125 0.1796875
0 0.6359375 0.5859375 0.05390625 0.12734375
0 0.75390625 0.61796875 0.1078125 0.18359375
0 0.79140625 0.61875 0.0890625 0.16953125
0 0.825 0.56875 0.0625 0.09140625
0 0.209375 0.5734375 0.0515625 0.1546875
0 0.075 0.46953125 0.0234375 0.0796875
0 0.04375 0.4609375 0.01640625 0.05234375
0 0.2125 0.4515625 0.02265625 0.05078125
0 0.2421875 0.4609375 0.025 0.05234375
0 0.49609375 0.49375 0.021875 0.07578125
0 0.3609375 0.55625 0.0609375 0.12265625
0 0.85 0.56328125 0.0515625 0.071875
0 0.91484375 0.60703125 0.06953125 0.1484375
0 0.94609375 0.5921875 0.053125 0.13828125
0 0.9734375 0.603125 0.05078125 0.15234375
0 0.94140625 0.90625 0.1140625 0.184375
0 0.3734375 0.4828125 0.215625 0.0875
0 0.6234375 0.4828125 0.21875 0.06796875
0 0.14453125 0.4859375 0.1078125 0.12109375
0 0.0203125 0.446875 0.02734375 0.05703125
0 0.0578125 0.4546875 0.0109375 0.046875