0 0.4796875 0.7359375 0.09140625 0.43671875
0 0.41015625 0.7328125 0.07578125 0.41953125
0 0.3671875 0.71171875 0.0734375 0.428125
0 0.35 0.8015625 0.04296875 0.2546875
0 0.3109375 0.815625 0.04765625 0.18828125
0 0.278125 0.80390625 0.05078125 0.2359375
0 0.2671875 0.7140625 0.0109375 0.0359375
0 0.21328125 0.85 0.0609375 0.24921875
0 0.1921875 0.7484375 0.04140625 0.12109375
0 0.18125 0.85078125 0.0328125 0.18828125
0 0.1671875 0.740625 0.034375 0.12109375
0 0.14921875 0.8578125 0.0484375 0.23671875
0 0.09296875 0.88515625 0.06171875 0.17890625
0 0.046875 0.915625 0.0546875 0.11875
0 0.028125 0.8578125 0.03046875 0.18984375
0 0.0140625 0.803125 0.028125 0.21015625
0 0.06484375 0.790625 0.06015625 0.2625
0 0.1109375 0.76953125 0.03671875 0.18515625
0 0.08671875 0.74296875 0.0328125 0.1640625
0 0.9484375 0.859375 0.1015625 0.27890625
0 0.97265625 0.7546875 0.05234375 0.21484375
0 0.528125 0.35546875 0.2703125 0.634375
0 0.815625 0.3859375 0.24921875 0.5734375
0 0.83828125 0.98203125 0.09140625 0.0328125
0 0.91875 0.9125 0.0609375 0.0859375
0 0.5484375 0.98359375 0.07578125 0.0296875
0 0.215625 0.7125 0.02421875 0.0296875
0 0.31640625 0.7171875 0.01015625 0.0234375
0 0.2578125 0.71640625 0.01796875 0.0578125
0 0.0078125 0.69140625 0.0109375 0.021875
0 0.04296875 0.71015625 0.01015625 0.021875