0 0.89296875 0.6484375 0.03984375 0.14609375
0 0.9203125 0.65625 0.03359375 0.1359375
0 0.97578125 0.6234375 0.0234375 0.084375
0 0.95546875 0.61640625 0.01953125 0.06953125
0 0.95546875 0.6109375 0.01640625 0.0703125
0 0.9453125 0.61328125 0.0109375 0.06328125
0 0.934375 0.6140625 0.01640625 0.07421875
0 0.91328125 0.59375 0.01484375 0.03671875
0 0.92734375 0.59296875 0.01015625 0.01875
0 0.90546875 0.596875 0.0109375 0.03046875
0 0.35703125 0.453125 0.21796875 0.375
0 0.9671875 0.5828125 0.009375 0.01171875
0 0.99375 0.62109375 0.01015625 0.05390625
0 0.90703125 0.58046875 0.00703125 0.01640625
0 0.8921875 0.571875 0.021875 0.01796875