0 0.96484375 0.5296875 0.04609375 0.11640625
0 0.95078125 0.63671875 0.04921875 0.2421875
0 0.88046875 0.61875 0.04375 0.21875
0 0.58359375 0.36484375 0.034375 0.07890625
0 0.60234375 0.38828125 0.021875 0.10703125
0 0.61484375 0.384375 0.02734375 0.10546875
0 0.54921875 0.37578125 0.02734375 0.10703125
0 0.47734375 0.3390625 0.03828125 0.0578125
0 0.1359375 0.63359375 0.03203125 0.2296875
0 0.98515625 0.61484375 0.02734375 0.2265625
0 0.95390625 0.39765625 0.090625 0.1984375
0 0.7765625 0.3265625 0.04921875 0.15546875
0 0.55234375 0.4421875 0.01796875 0.03125
0 0.4796875 0.3890625 0.03203125 0.0484375
0 0.13515625 0.7890625 0.03046875 0.07578125