0 0.25234375 0.34765625 0.025 0.08984375
0 0.26640625 0.353125 0.025 0.08984375
0 0.2921875 0.35078125 0.02890625 0.1
0 0.3140625 0.36015625 0.0265625 0.1109375
0 0.3375 0.36171875 0.02734375 0.10703125
0 0.3671875 0.346875 0.0390625 0.07734375
0 0.3890625 0.35703125 0.03125 0.13515625
0 0.41640625 0.33046875 0.02734375 0.07109375
0 0.62578125 0.33515625 0.0484375 0.09609375
0 0.4203125 0.38984375 0.0390625 0.09609375
0 0.4515625 0.40390625 0.0609375 0.1203125
0 0.4984375 0.403125 0.04609375 0.11875
0 0.52734375 0.425 0.05 0.13515625
0 0.5640625 0.43828125 0.06875 0.1578125
0 0.5765625 0.46484375 0.0953125 0.15625
0 0.6109375 0.48046875 0.0359375 0.26484375
0 0.63828125 0.44453125 0.0515625 0.16328125
0 0.7046875 0.41640625 0.05390625 0.121875
0 0.67890625 0.57109375 0.08515625 0.36875
0 0.6546875 0.6296875 0.0828125 0.3875
0 0.75546875 0.41484375 0.0390625 0.09609375
0 0.8109375 0.421875 0.075 0.16015625
0 0.8015625 0.4921875 0.06875 0.19921875
0 0.7453125 0.6046875 0.10234375 0.434375
0 0.57421875 0.61484375 0.09609375 0.43203125
0 0.49921875 0.6 0.0984375 0.425
0 0.43515625 0.69609375 0.16484375 0.5203125
0 0.38671875 0.45078125 0.0484375 0.13515625
0 0.3515625 0.4546875 0.0875 0.15390625
0 0.34375 0.653125 0.1078125 0.47578125
0 0.26484375 0.478125 0.0453125 0.14453125
0 0.22421875 0.62578125 0.10625 0.46640625
0 0.2484375 0.7203125 0.1171875 0.47734375
0 0.1046875 0.52265625 0.0796875 0.16953125
0 0.05703125 0.78125 0.08359375 0.434375
0 0.13046875 0.74375 0.1640625 0.509375
0 0.01875 0.82578125 0.0375 0.34375
0 0.828125 0.56015625 0.0359375 0.0453125
0 0.3234375 0.3015625 0.1125 0.04296875
0 0.46953125 0.346875 0.09140625 0.0921875
0 0.56875 0.36875 0.05 0.09375
0 0.6390625 0.365625 0.02890625 0.0546875
0 0.70234375 0.37578125 0.0796875 0.07890625
0 0.784375 0.3890625 0.0390625 0.07890625
0 0.28203125 0.35703125 0.01875 0.07109375
0 0.3734375 0.35546875 0.0203125 0.06796875
0 0.32421875 0.353125 0.0140625 0.0640625
0 0.3953125 0.42734375 0.05859375 0.17109375