0 0.89765625 0.553125 0.09296875 0.29375
0 0.86875 0.54296875 0.06796875 0.26875
0 0.8375 0.57578125 0.046875 0.29765625
0 0.80859375 0.58984375 0.075 0.3375
0 0.7859375 0.60390625 0.078125 0.34140625
0 0.72578125 0.60390625 0.08203125 0.36640625
0 0.69609375 0.63828125 0.071875 0.33125
0 0.6453125 0.63125 0.06796875 0.375
0 0.58203125 0.65703125 0.096875 0.35234375
0 0.484375 0.60234375 0.1375 0.32109375
0 0.37890625 0.5625 0.1140625 0.3375
0 0.29921875 0.55390625 0.0734375 0.275
0 0.29296875 0.51796875 0.08359375 0.27265625
0 0.30703125 0.40703125 0.053125 0.05625
0 0.2890625 0.41171875 0.06953125 0.13984375
0 0.25625 0.46875 0.03203125 0.22109375
0 0.23359375 0.4625 0.04140625 0.2
0 0.19609375 0.43984375 0.08359375 0.2125
0 0.16328125 0.43828125 0.03203125 0.18515625
0 0.13828125 0.421875 0.04296875 0.18984375
0 0.14765625 0.359375 0.01796875 0.03125
0 0.16875 0.35859375 0.01796875 0.03359375
0 0.20703125 0.42109375 0.06640625 0.17109375
0 0.27890625 0.334375 0.0859375 0.07265625
0 0.3546875 0.390625 0.0734375 0.10234375
0 0.41171875 0.42734375 0.084375 0.175
0 0.47578125 0.41640625 0.07890625 0.175
0 0.51875 0.396875 0.0484375 0.11484375
0 0.52890625 0.44140625 0.06640625 0.14140625
0 0.54453125 0.44609375 0.071875 0.1875
0 0.56171875 0.46796875 0.06796875 0.23515625
0 0.60078125 0.44609375 0.109375 0.15
0 0.684375 0.425 0.084375 0.1
0 0.7953125 0.38828125 0.0625 0.11484375
0 0.76484375 0.3375 0.01796875 0.0375
0 0.76484375 0.32890625 0.01796875 0.025
0 0.6859375 0.39921875 0.04140625 0.16484375
0 0.6765625 0.396875 0.021875 0.10234375
0 0.628125 0.37578125 0.05390625 0.10625
0 0.59375 0.353125 0.02109375 0.05234375
0 0.540625 0.340625 0.028125 0.06875
0 0.5203125 0.36875 0.03203125 0.1375
0 0.5 0.33828125 0.03046875 0.08125
0 0.49296875 0.30625 0.01953125 0.04609375
0 0.46953125 0.27109375 0.01640625 0.0625
0 0.48046875 0.26328125 0.0140625 0.06015625
0 0.49375 0.26796875 0.01796875 0.05234375
0 0.5078125 0.28203125 0.01796875 0.07734375
0 0.528125 0.265625 0.015625 0.05625
0 0.56796875 0.27109375 0.0109375 0.05390625
0 0.575 0.265625 0.0109375 0.06015625
0 0.5828125 0.26796875 0.0125 0.06015625
0 0.5921875 0.27734375 0.0125 0.05
0 0.60859375 0.271875 0.0140625 0.06015625
0 0.61640625 0.26484375 0.00859375 0.0625
0 0.6609375 0.27109375 0.01640625 0.0625
0 0.8 0.2625 0.01640625 0.0625
0 0.8390625 0.26328125 0.01640625 0.06484375
0 0.94140625 0.2875 0.01640625 0.07109375
0 0.96484375 0.2875 0.0234375 0.075
0 0.6828125 0.509375 0.02109375 0.03515625
0 0.65234375 0.27421875 0.009375 0.05625
0 0.87421875 0.23671875 0.015625 0.01875
0 0.3671875 0.20859375 0.0234375 0.04140625