0 0.31953125 0.64609375 0.0546875 0.21484375
0 0.49765625 0.571875 0.01796875 0.075
0 0.51640625 0.5765625 0.0203125 0.0875
0 0.53828125 0.56015625 0.01015625 0.0484375
0 0.5484375 0.55625 0.009375 0.03359375
0 0.553125 0.5484375 0.00625 0.02734375
0 0.559375 0.5484375 0.00703125 0.02890625
0 0.56953125 0.55625 0.00859375 0.034375
0 0.57890625 0.55078125 0.00703125 0.03125
0 0.62578125 0.55625 0.009375 0.03984375
0 0.6453125 0.575 0.02890625 0.075
0 0.66015625 0.55546875 0.01015625 0.03125
0 0.66484375 0.55234375 0.003125 0.0140625
0 0.66640625 0.54609375 0.0046875 0.02109375
0 0.6609375 0.540625 0.00546875 0.0109375
0 0.65546875 0.5453125 0.00546875 0.01953125
0 0.653125 0.54453125 0.00390625 0.0140625
0 0.646875 0.5375 0.0046875 0.009375
0 0.646875 0.53828125 0.00234375 0.003125
0 0.69609375 0.55703125 0.00859375 0.03125
0 0.70703125 0.55703125 0.01015625 0.03125
0 0.71796875 0.55234375 0.00546875 0.0234375
0 0.71328125 0.54453125 0.00390625 0.015625
0 0.7234375 0.553125 0.00859375 0.02578125
0 0.7359375 0.55234375 0.00859375 0.028125
0 0.80390625 0.55546875 0.0078125 0.0296875
0 0.809375 0.5453125 0.0046875 0.01015625
0 0.821875 0.5484375 0.01328125 0.02421875
0 0.83203125 0.55703125 0.0140625 0.021875
0 0.83125 0.54765625 0.00703125 0.01796875
0 0.815625 0.57109375 0.01640625 0.06171875
0 0.83828125 0.55703125 0.00859375 0.03828125
0 0.8453125 0.5578125 0.00859375 0.03515625
0 0.84453125 0.5484375 0.0078125 0.025
0 0.85078125 0.5515625 0.00703125 0.02578125
0 0.853125 0.54921875 0.00546875 0.02578125
0 0.98359375 0.62109375 0.03203125 0.18671875
0 0.921875 0.61953125 0.0421875 0.17265625
0 0.88515625 0.60078125 0.040625 0.1546875
0 0.90234375 0.5515625 0.00859375 0.021875
0 0.896875 0.540625 0.00703125 0.0140625
0 0.86875 0.55625 0.01015625 0.03125
0 0.86484375 0.56171875 0.0078125 0.03828125
0 0.86171875 0.55390625 0.00625 0.025
0 0.85859375 0.55546875 0.00703125 0.03125
0 0.85703125 0.54375 0.00390625 0.0140625
0 0.86171875 0.540625 0.00390625 0.00703125
0 0.70234375 0.55390625 0.10625 0.03828125
0 0.46328125 0.5671875 0.2453125 0.07265625
0 0.8578125 0.553125 0.15390625 0.03515625