0 0.0890625 0.58671875 0.14296875 0.5515625
0 0.18671875 0.60546875 0.125 0.52421875
0 0.25078125 0.57578125 0.090625 0.51796875
0 0.32578125 0.60234375 0.13671875 0.52578125
0 0.40546875 0.5609375 0.11171875 0.53671875
0 0.48203125 0.58515625 0.0984375 0.5328125
0 0.5421875 0.596875 0.16171875 0.55
0 0.665625 0.5578125 0.13671875 0.6203125
0 0.77109375 0.5546875 0.134375 0.56796875
0 0.809375 0.60703125 0.140625 0.53203125
0 0.92890625 0.584375 0.1203125 0.5734375
0 0.52578125 0.8328125 0.9453125 0.1