0 0.0328125 0.6640625 0.0515625 0.0984375
0 0.06796875 0.7390625 0.06640625 0.1265625
0 0.1265625 0.7296875 0.053125 0.1140625
0 0.1015625 0.8375 0.07421875 0.153125
0 0.24375 0.9046875 0.0828125 0.1890625
0 0.26171875 0.77265625 0.046875 0.11796875
0 0.30234375 0.7828125 0.05390625 0.12734375
0 0.378125 0.6953125 0.0484375 0.10625
0 0.41953125 0.69453125 0.0484375 0.1140625
0 0.35546875 0.51875 0.01328125 0.0390625
0 0.47109375 0.69453125 0.04765625 0.10234375
0 0.48125 0.63125 0.02578125 0.0375
0 0.49375 0.67421875 0.04453125 0.09765625
0 0.51796875 0.65703125 0.028125 0.0921875
0 0.5359375 0.6734375 0.046875 0.09765625
0 0.53359375 0.615625 0.03203125 0.0453125
0 0.56328125 0.6578125 0.04140625 0.0921875
0 0.56328125 0.60703125 0.03359375 0.0421875
0 0.58125 0.609375 0.02578125 0.0734375
0 0.59765625 0.62734375 0.034375 0.0828125
0 0.61328125 0.615625 0.01953125 0.0671875
0 0.640625 0.68125 0.05 0.10703125
0 0.63515625 0.6015625 0.0296875 0.0328125
0 0.65234375 0.5984375 0.025 0.0671875
0 0.6265625 0.5484375 0.02890625 0.0453125
0 0.6546875 0.55703125 0.0265625 0.0390625
0 0.675 0.540625 0.0234375 0.046875
0 0.7 0.53515625 0.02109375 0.0109375
0 0.69296875 0.56171875 0.025 0.04296875
0 0.678125 0.58125 0.03671875 0.0390625
0 0.67578125 0.62421875 0.03125 0.0765625
0 0.7015625 0.59921875 0.02578125 0.0203125
0 0.70390625 0.6328125 0.040625 0.075
0 0.7140625 0.58046875 0.0265625 0.05234375
0 0.72890625 0.5765625 0.0203125 0.0578125
0 0.74921875 0.5734375 0.025 0.0546875
0 0.765625 0.59140625 0.03828125 0.0609375
0 0.77421875 0.5734375 0.03203125 0.06171875
0 0.79921875 0.5890625 0.03984375 0.0671875
0 0.8265625 0.61796875 0.0234375 0.0734375
0 0.8421875 0.62109375 0.0328125 0.08203125
0 0.8328125 0.56171875 0.028125 0.040625
0 0.80390625 0.53828125 0.021875 0.0328125
0 0.77109375 0.5328125 0.021875 0.03984375
0 0.72890625 0.5078125 0.01953125 0.0359375
0 0.74296875 0.51953125 0.0171875 0.03828125
0 0.7546875 0.521875 0.0140625 0.0375
0 0.7671875 0.515625 0.015625 0.01875
0 0.78203125 0.5203125 0.01328125 0.03515625
0 0.79609375 0.5109375 0.01640625 0.01484375
0 0.7828125 0.4984375 0.01484375 0.0203125
0 0.7984375 0.496875 0.0109375 0.01796875
0 0.809375 0.5015625 0.0140625 0.0265625
0 0.8234375 0.50234375 0.0171875 0.02890625
0 0.79921875 0.48515625 0.01171875 0.01484375
0 0.81796875 0.49453125 0.01640625 0.02734375
0 0.5421875 0.53125 0.01328125 0.0203125
0 0.484375 0.53125 0.02890625 0.025
0 0.4921875 0.5328125 0.0328125 0.02265625
0 0.51484375 0.5359375 0.02734375 0.02265625
0 0.85859375 0.61953125 0.009375 0.071875
0 0.63359375 0.621875 0.03203125 0.0484375
0 0.83828125 0.475 0.07109375 0.0421875
0 0.49140625 0.52578125 0.1890625 0.0421875