0 0.10390625 0.56171875 0.2078125 0.8734375
0 0.3859375 0.69375 0.2046875 0.6015625
0 0.5078125 0.55703125 0.1390625 0.48984375
0 0.70859375 0.578125 0.20625 0.515625
0 0.63984375 0.41796875 0.1015625 0.4140625
0 0.74921875 0.4890625 0.0703125 0.3265625
0 0.75234375 0.42890625 0.0828125 0.4
0 0.74296875 0.4890625 0.071875 0.3265625
0 0.809375 0.49609375 0.0875 0.34609375
0 0.865625 0.44296875 0.09375 0.37265625
0 0.875 0.25625 0.0453125 0.1328125
0 0.971875 0.403125 0.05390625 0.225
0 0.70390625 0.30703125 0.03984375 0.07578125
0 0.5515625 0.9578125 0.89140625 0.08203125
0 0.759375 0.7953125 0.478125 0.0640625
0 0.8734375 0.621875 0.25078125 0.0921875