0 0.88515625 0.51015625 0.22734375 0.75625
0 0.96875 0.19140625 0.0609375 0.10703125
0 0.796875 0.50625 0.12890625 0.2890625
0 0.6328125 0.6578125 0.4078125 0.68203125
0 0.38359375 0.5578125 0.26640625 0.88125
0 0.38515625 0.659375 0.38203125 0.67890625
0 0.50703125 0.65390625 0.265625 0.6890625
0 0.3078125 0.8234375 0.1359375 0.35078125
0 0.103125 0.8515625 0.125 0.29296875
0 0.17890625 0.85234375 0.12109375 0.29140625
0 0.2328125 0.84453125 0.0953125 0.3078125
0 0.709375 0.515625 0.08671875 0.18046875
0 0.84609375 0.4453125 0.0578125 0.15703125
0 0.7359375 0.509375 0.08984375 0.1921875
0 0.728125 0.4359375 0.01953125 0.0515625
0 0.66328125 0.5125 0.0578125 0.1421875
0 0.83203125 0.475 0.09375 0.14375
0 0.80390625 0.46328125 0.09296875 0.1875
0 0.3796875 0.62265625 0.2515625 0.75234375
0 0.19921875 0.73203125 0.0703125 0.07890625
0 0.11875 0.76171875 0.034375 0.071875
0 0.03984375 0.89375 0.07890625 0.209375