0 0.103125 0.47265625 0.134375 0.209375
0 0.21953125 0.50703125 0.13515625 0.13515625
0 0.409375 0.46484375 0.16328125 0.20703125
0 0.66328125 0.47734375 0.07890625 0.18828125
0 0.609375 0.5140625 0.04921875 0.13515625
0 0.59765625 0.47578125 0.07421875 0.1734375
0 0.47421875 0.28828125 0.128125 0.15625
0 0.540625 0.28359375 0.078125 0.16875
0 0.44453125 0.21484375 0.08515625 0.19609375
0 0.278125 0.23984375 0.08125 0.14609375
0 0.3671875 0.78515625 0.68515625 0.26328125
0 0.253125 0.39921875 0.06328125 0.065625
0 0.5078125 0.4453125 0.1109375 0.07578125