0 0.12734375 0.5875 0.21796875 0.8234375
0 0.13359375 0.59375 0.06015625 0.653125
0 0.16015625 0.60078125 0.084375 0.49453125
0 0.1890625 0.42578125 0.0484375 0.1328125
0 0.2484375 0.56171875 0.06953125 0.5765625
0 0.3 0.603125 0.14921875 0.68046875
0 0.36484375 0.8140625 0.103125 0.33359375
0 0.42734375 0.57265625 0.10859375 0.49453125
0 0.52265625 0.58359375 0.096875 0.48125
0 0.609375 0.6109375 0.153125 0.56875
0 0.6609375 0.56875 0.07421875 0.503125
0 0.71171875 0.60546875 0.1046875 0.51328125
0 0.81484375 0.62265625 0.14375 0.65703125
0 0.8640625 0.6078125 0.1328125 0.6
0 0.95 0.63203125 0.0984375 0.68046875
0 0.02421875 0.453125 0.01796875 0.06953125
0 0.22734375 0.409375 0.0390625 0.09765625
0 0.75703125 0.39375 0.02265625 0.040625
0 0.82265625 0.3984375 0.02734375 0.05078125
0 0.88984375 0.36953125 0.04296875 0.065625
0 0.9875 0.3484375 0.021875 0.071875
0 0.9234375 0.36953125 0.0234375 0.078125
0 0.17109375 0.4046875 0.0296875 0.09140625
0 0.88203125 0.7390625 0.09375 0.18046875
0 0.75546875 0.74140625 0.06796875 0.11484375
0 0.0546875 0.803125 0.05078125 0.19140625