0 0.21484375 0.55234375 0.1703125 0.41171875
0 0.2953125 0.584375 0.22578125 0.4515625
0 0.30859375 0.3953125 0.18984375 0.53359375
0 0.40625 0.46953125 0.1078125 0.528125
0 0.34765625 0.4 0.053125 0.1734375
0 0.446875 0.26953125 0.07109375 0.178125
0 0.4859375 0.29609375 0.03359375 0.1015625
0 0.5375 0.43515625 0.10859375 0.50703125
0 0.84140625 0.5234375 0.16875 0.36640625
0 0.8703125 0.58671875 0.25703125 0.58984375
0 0.871875 0.76953125 0.2546875 0.45859375
0 0.2 0.80859375 0.4 0.3796875
0 0.54453125 0.296875 0.08203125 0.20703125