0 0.90625 0.5890625 0.13515625 0.45546875
0 0.7375 0.60234375 0.12109375 0.46796875
0 0.61640625 0.57421875 0.11796875 0.4390625
0 0.53203125 0.61015625 0.1578125 0.48203125
0 0.27578125 0.60234375 0.1609375 0.53203125
0 0.05703125 0.51640625 0.05859375 0.31171875
0 0.025 0.390625 0.04609375 0.11953125
0 0.071875 0.515625 0.09296875 0.31796875
0 0.12578125 0.49140625 0.06796875 0.28515625
0 0.16875 0.4515625 0.0625 0.271875
0 0.18828125 0.42109375 0.02265625 0.1921875
0 0.23359375 0.403125 0.05234375 0.125
0 0.040625 0.36875 0.03515625 0.08359375
0 0.22109375 0.35078125 0.01796875 0.046875
0 0.28125 0.3265625 0.02578125 0.03828125
0 0.38203125 0.4546875 0.06015625 0.23125
0 0.353125 0.42109375 0.0390625 0.1671875
0 0.40078125 0.3734375 0.02109375 0.05703125
0 0.321875 0.38125 0.03203125 0.09921875
0 0.3078125 0.375 0.025 0.075
0 0.34765625 0.35078125 0.0109375 0.03203125
0 0.41953125 0.35546875 0.01328125 0.05
0 0.40546875 0.34921875 0.00859375 0.03515625
0 0.4671875 0.43984375 0.0609375 0.240625
0 0.48515625 0.35703125 0.01484375 0.0359375
0 0.5015625 0.3921875 0.025 0.1203125
0 0.51484375 0.3828125 0.025 0.08671875
0 0.53203125 0.38671875 0.05078125 0.11953125
0 0.55625 0.3796875 0.0234375 0.06875
0 0.65625 0.35234375 0.0265625 0.10390625
0 0.68125 0.32265625 0.0265625 0.03828125
0 0.66953125 0.4078125 0.01953125 0.11484375
0 0.68515625 0.409375 0.01796875 0.11015625
0 0.86640625 0.39609375 0.01796875 0.07109375
0 0.00703125 0.3359375 0.01328125 0.05703125
0 0.1078125 0.35390625 0.10390625 0.07421875
0 0.25234375 0.3484375 0.02421875 0.0453125
0 0.45625 0.346875 0.3046875 0.07578125
0 0.7265625 0.3703125 0.06484375 0.03984375
0 0.83984375 0.3609375 0.01484375 0.0515625
0 0.9765625 0.3796875 0.0265625 0.065625
0 0.13984375 0.49609375 0.0109375 0.06953125