0 0.20625 0.6125 0.09609375 0.44765625
0 0.23828125 0.56328125 0.05703125 0.40625
0 0.27421875 0.575 0.06171875 0.4
0 0.3109375 0.3734375 0.075 0.13984375
0 0.3296875 0.58515625 0.09609375 0.4875
0 0.38828125 0.65859375 0.10390625 0.46015625
0 0.38359375 0.3859375 0.06015625 0.1296875
0 0.42109375 0.5484375 0.059375 0.35234375
0 0.4578125 0.60390625 0.0875 0.4546875
0 0.43515625 0.37734375 0.075 0.1375
0 0.47734375 0.3421875 0.05546875 0.0984375
0 0.5296875 0.5953125 0.10703125 0.48125
0 0.51640625 0.384375 0.07890625 0.15859375
0 0.553125 0.35 0.0453125 0.10234375
0 0.584375 0.5296875 0.075 0.3984375
0 0.6171875 0.6 0.1015625 0.475
0 0.625 0.3578125 0.05703125 0.10390625
0 0.65703125 0.4046875 0.05546875 0.14375
0 0.69375 0.61875 0.10078125 0.45
0 0.6890625 0.365625 0.0484375 0.09375
0 0.71640625 0.353125 0.06328125 0.1109375
0 0.73203125 0.55234375 0.05234375 0.45
0 0.78046875 0.6515625 0.11328125 0.5015625
0 0.82578125 0.6046875 0.09453125 0.47265625
0 0.80234375 0.38515625 0.08828125 0.1171875