0 0.80703125 0.75078125 0.196875 0.471875
0 0.8640625 0.603125 0.12421875 0.53125
0 0.77109375 0.31015625 0.11953125 0.44609375
0 0.66015625 0.59453125 0.14609375 0.5703125
0 0.66484375 0.30390625 0.11015625 0.28515625
0 0.56328125 0.4890625 0.09921875 0.56640625
0 0.51328125 0.61484375 0.146875 0.53359375
0 0.4734375 0.33046875 0.121875 0.33515625
0 0.4046875 0.590625 0.16328125 0.41484375
0 0.37109375 0.30625 0.08984375 0.29453125
0 0.34921875 0.6359375 0.07265625 0.58359375
0 0.29921875 0.33359375 0.06953125 0.26328125
0 0.26640625 0.62890625 0.13515625 0.6203125
0 0.1671875 0.6859375 0.209375 0.62421875
0 0.74921875 0.58515625 0.10234375 0.5