0 0.9328125 0.49296875 0.084375 0.3828125
0 0.82578125 0.4828125 0.10546875 0.35
0 0.740625 0.496875 0.08125 0.3375
0 0.69296875 0.4953125 0.07734375 0.296875
0 0.72265625 0.36875 0.0125 0.021875
0 0.4078125 0.52421875 0.05546875 0.17578125
0 0.3703125 0.51484375 0.028125 0.17265625
0 0.33828125 0.45234375 0.01484375 0.021875
0 0.35078125 0.52265625 0.04609375 0.18828125
0 0.3125 0.46796875 0.02265625 0.046875
0 0.30546875 0.5421875 0.03671875 0.16171875
0 0.28671875 0.53046875 0.03046875 0.17578125
0 0.27578125 0.515625 0.02734375 0.15859375
0 0.26875 0.52265625 0.02265625 0.13203125
0 0.25078125 0.52421875 0.03046875 0.14140625
0 0.228125 0.50234375 0.02734375 0.11953125
0 0.2140625 0.51640625 0.021875 0.11953125
0 0.23125 0.53515625 0.05 0.16953125
0 0.18984375 0.5265625 0.04296875 0.15859375
0 0.17421875 0.52890625 0.02578125 0.14140625
0 0.153125 0.51875 0.02265625 0.10546875
0 0.14140625 0.528125 0.02578125 0.11484375
0 0.1234375 0.52109375 0.028125 0.11015625
0 0.10859375 0.515625 0.01875 0.0765625
0 0.09765625 0.51484375 0.01328125 0.06875
0 0.084375 0.5171875 0.02265625 0.0828125
0 0.06015625 0.48203125 0.01015625 0.03125
0 0.04921875 0.4828125 0.01015625 0.0359375
0 0.04375 0.490625 0.01484375 0.0484375
0 0.0296875 0.48828125 0.015625 0.05
0 0.38515625 0.49609375 0.01171875 0.075
0 0.25703125 0.46640625 0.009375 0.028125
0 0.046875 0.490625 0.02109375 0.0578125