0 0.9765625 0.875 0.040625 0.13359375
0 0.94765625 0.80546875 0.0234375 0.1015625
0 0.92421875 0.80859375 0.0203125 0.1
0 0.96640625 0.8171875 0.025 0.09765625
0 0.90625 0.79921875 0.0203125 0.0921875
0 0.81328125 0.78671875 0.0234375 0.096875
0 0.78984375 0.78046875 0.0265625 0.10078125
0 0.83203125 0.73984375 0.02109375 0.0859375
0 0.8125 0.7296875 0.02109375 0.065625
0 0.7890625 0.7171875 0.01328125 0.05
0 0.77890625 0.7265625 0.0109375 0.0703125
0 0.7109375 0.71015625 0.01796875 0.07109375
0 0.71171875 0.66328125 0.00859375 0.0390625
0 0.73125 0.8015625 0.02421875 0.09921875
0 0.659375 0.7015625 0.01171875 0.0640625
0 0.66953125 0.70390625 0.01328125 0.0671875
0 0.6921875 0.66953125 0.0109375 0.04453125
0 0.7640625 0.6625 0.0109375 0.0421875
0 0.61796875 0.7015625 0.0109375 0.05859375
0 0.5703125 0.67265625 0.00859375 0.04296875
0 0.56015625 0.65390625 0.0109375 0.040625
0 0.52890625 0.6796875 0.01015625 0.05390625
0 0.51640625 0.71015625 0.015625 0.06640625
0 0.49140625 0.68828125 0.0109375 0.0578125
0 0.5015625 0.690625 0.0125 0.04609375
0 0.5078125 0.6828125 0.01328125 0.05703125
0 0.47109375 0.703125 0.01328125 0.05625
0 0.4203125 0.803125 0.02265625 0.121875
0 0.403125 0.81796875 0.0203125 0.1109375
0 0.34140625 0.771875 0.03203125 0.10078125
0 0.29921875 0.73984375 0.01484375 0.07578125
0 0.2875 0.7390625 0.0203125 0.08125
0 0.3640625 0.6984375 0.0109375 0.05625
0 0.3828125 0.68984375 0.0125 0.05546875
0 0.409375 0.68515625 0.0109375 0.06015625
0 0.3296875 0.64453125 0.009375 0.0328125
0 0.31171875 0.65625 0.01015625 0.0484375
0 0.30625 0.65703125 0.00703125 0.04453125
0 0.29296875 0.6625 0.009375 0.04375
0 0.22265625 0.6421875 0.00625 0.01953125
0 0.19921875 0.62109375 0.009375 0.034375
0 0.21640625 0.72109375 0.0171875 0.06953125
0 0.18359375 0.7109375 0.02890625 0.0296875
0 0.19453125 0.70234375 0.01484375 0.02734375
0 0.15859375 0.7140625 0.0109375 0.025
0 0.26796875 0.66796875 0.01015625 0.046875
0 0.275 0.6578125 0.009375 0.0390625
0 0.35703125 0.65234375 0.00859375 0.0375
0 0.3546875 0.62265625 0.00625 0.025
0 0.3625 0.6375 0.00546875 0.025
0 0.3671875 0.634375 0.00625 0.0328125
0 0.39375 0.6375 0.00625 0.03046875
0 0.403125 0.6375 0.00625 0.02890625
0 0.43671875 0.628125 0.00546875 0.0265625
0 0.43046875 0.61796875 0.0046875 0.0234375
0 0.23671875 0.85859375 0.02578125 0.12734375
0 0.32421875 0.928125 0.0359375 0.1421875
0 0.05859375 0.91953125 0.0453125 0.16015625
0 0.06171875 0.78984375 0.0265625 0.11640625
0 0.12890625 0.7140625 0.0171875 0.07109375
0 0.0546875 0.71796875 0.01328125 0.0734375
0 0.653125 0.68671875 0.0109375 0.05390625
0 0.6453125 0.69609375 0.0109375 0.0640625
0 0.63984375 0.70234375 0.0125 0.059375
0 0.63046875 0.7015625 0.0125 0.06171875
0 0.6296875 0.68984375 0.01328125 0.05625
0 0.60859375 0.690625 0.009375 0.0578125
0 0.6140625 0.69609375 0.009375 0.05859375
0 0.62109375 0.69453125 0.009375 0.05390625
0 0.57421875 0.65703125 0.009375 0.04375
0 0.6125 0.659375 0.00859375 0.0375
0 0.6234375 0.64453125 0.00703125 0.03515625
0 0.6296875 0.65234375 0.009375 0.0375
0 0.65078125 0.6484375 0.00859375 0.03515625
0 0.67265625 0.65859375 0.00859375 0.0375
0 0.6796875 0.66015625 0.009375 0.040625
0 0.68515625 0.66796875 0.0078125 0.0421875
0 0.7046875 0.671875 0.009375 0.01796875
0 0.75625 0.6578125 0.01015625 0.0421875
0 0.7734375 0.66875 0.0109375 0.04453125
0 0.5890625 0.64765625 0.00625 0.03515625
0 0.59453125 0.6453125 0.00625 0.03828125
0 0.55859375 0.634375 0.00703125 0.03359375
0 0.54609375 0.62890625 0.00625 0.02890625
0 0.52734375 0.63359375 0.00546875 0.0125
0 0.5359375 0.6359375 0.00625 0.0296875
0 0.5390625 0.6640625 0.0078125 0.040625
0 0.546875 0.6609375 0.0109375 0.0421875
0 0.51484375 0.62734375 0.00625 0.01875
0 0.478125 0.62890625 0.00546875 0.015625
0 0.46953125 0.62890625 0.0046875 0.01953125
0 0.46328125 0.64296875 0.0078125 0.01875
0 0.4625 0.6796875 0.01015625 0.04765625
0 0.46171875 0.65703125 0.0046875 0.01328125
0 0.4453125 0.6890625 0.01015625 0.0546875
0 0.4359375 0.675 0.0125 0.05390625
0 0.44375 0.66875 0.01015625 0.0453125
0 0.45 0.6703125 0.00703125 0.034375
0 0.4609375 0.6359375 0.00546875 0.02109375
0 0.465625 0.6359375 0.00625 0.03203125
0 0.44453125 0.64296875 0.00703125 0.021875
0 0.440625 0.6453125 0.00703125 0.02265625
0 0.43359375 0.65390625 0.00703125 0.04296875
0 0.42109375 0.6546875 0.009375 0.0421875
0 0.396875 0.6703125 0.0109375 0.0421875
0 0.371875 0.65546875 0.009375 0.04140625
0 0.33828125 0.64375 0.0078125 0.03671875
0 0.3390625 0.62578125 0.00546875 0.01328125
0 0.32265625 0.64296875 0.0078125 0.03125
0 0.28984375 0.653125 0.00703125 0.03671875
0 0.41875 0.63046875 0.00703125 0.03125
0 0.42734375 0.63125 0.00625 0.0234375
0 0.409375 0.6359375 0.00703125 0.03203125
0 0.4125 0.63125 0.0046875 0.028125
0 0.39453125 0.61796875 0.0046875 0.02265625
0 0.39140625 0.61875 0.00625 0.021875
0 0.3875 0.671875 0.009375 0.046875
0 0.3796875 0.66484375 0.009375 0.0375
0 0.5421875 0.659375 0.003125 0.0390625
0 0.68828125 0.66171875 0.0078125 0.04765625
0 0.77109375 0.64921875 0.009375 0.0390625
0 0.51796875 0.6609375 0.009375 0.01796875
0 0.3171875 0.653125 0.0078125 0.0171875
0 0.265625 0.66640625 0.00703125 0.0421875
0 0.42421875 0.6390625 0.00546875 0.02578125
0 0.38359375 0.6390625 0.01171875 0.034375
0 0.37109375 0.62265625 0.00625 0.02421875
0 0.43359375 0.60234375 0.00546875 0.02265625
0 0.43984375 0.6078125 0.00390625 0.01484375
0 0.41953125 0.6046875 0.00625 0.01953125
0 0.57109375 0.61640625 0.03203125 0.053125
0 0.5984375 0.63203125 0.025 0.03359375
0 0.63828125 0.64296875 0.02265625 0.0390625
0 0.5328125 0.6484375 0.00859375 0.0359375