0 0.01171875 0.58828125 0.0234375 0.2515625
0 0.03984375 0.59375 0.04765625 0.13359375
0 0.04921875 0.5734375 0.0203125 0.053125
0 0.125 0.65625 0.165625 0.53984375
0 0.17578125 0.6125 0.08203125 0.3453125
0 0.2171875 0.59296875 0.0734375 0.28515625
0 0.2296875 0.57578125 0.05 0.2015625
0 0.2703125 0.57890625 0.0890625 0.16015625
0 0.24921875 0.57578125 0.0421875 0.13984375
0 0.25 0.5046875 0.015625 0.03828125
0 0.3484375 0.546875 0.03203125 0.13515625
0 0.509375 0.5625 0.1140625 0.4546875
0 0.725 0.6484375 0.259375 0.36484375
0 0.9171875 0.63125 0.16328125 0.73359375
0 0.9578125 0.55859375 0.05078125 0.1796875
0 0.94375 0.553125 0.0265625 0.11484375
0 0.89921875 0.5515625 0.02734375 0.10625
0 0.8625 0.54765625 0.0484375 0.175
0 0.8390625 0.5359375 0.028125 0.11640625
0 0.80625 0.55625 0.04609375 0.13671875
0 0.72578125 0.58359375 0.109375 0.3234375
0 0.6546875 0.56953125 0.1296875 0.26015625
0 0.6 0.57109375 0.10078125 0.21328125
0 0.5734375 0.56171875 0.0421875 0.19375
0 0.603125 0.50703125 0.0234375 0.06796875
0 0.4890625 0.55859375 0.021875 0.1203125
0 0.7296875 0.51484375 0.0140625 0.05625
0 0.1296875 0.5796875 0.0171875 0.0734375
0 0.01796875 0.515625 0.0265625 0.06328125
0 0.76796875 0.53125 0.0109375 0.03828125
0 0.30625 0.49375 0.03984375 0.0203125