0 0.1546875 0.7453125 0.11484375 0.50625
0 0.3 0.759375 0.1 0.4796875
0 0.39921875 0.775 0.1328125 0.4484375
0 0.521875 0.7515625 0.15546875 0.49609375
0 0.6125 0.75078125 0.11328125 0.496875
0 0.72109375 0.70234375 0.2515625 0.428125
0 0.90625 0.72265625 0.1515625 0.3515625
0 0.9015625 0.475 0.1140625 0.490625
0 0.7484375 0.46796875 0.1171875 0.2984375
0 0.671875 0.62578125 0.0890625 0.309375
0 0.5 0.50078125 0.14140625 0.47890625
0 0.37421875 0.44296875 0.16640625 0.34921875
0 0.13984375 0.45859375 0.075 0.21484375
0 0.06015625 0.3078125 0.05546875 0.22265625