0 0.83125 0.61171875 0.125 0.7546875
0 0.7953125 0.55703125 0.1203125 0.7265625
0 0.709375 0.5625 0.1078125 0.6484375
0 0.62890625 0.57578125 0.09609375 0.6359375
0 0.55234375 0.5453125 0.103125 0.65
0 0.5359375 0.703125 0.10234375 0.415625
0 0.4875 0.559375 0.0828125 0.57578125
0 0.4359375 0.7078125 0.1296875 0.4171875
0 0.403125 0.55234375 0.0921875 0.5328125
0 0.3296875 0.5734375 0.10703125 0.56484375
0 0.265625 0.57578125 0.10234375 0.625
0 0.17109375 0.61015625 0.11796875 0.62734375
0 0.2453125 0.4 0.09609375 0.3515625
0 0.340625 0.528125 0.07421875 0.59140625
0 0.4390625 0.35625 0.0796875 0.34609375
0 0.7421875 0.51484375 0.05390625 0.47578125
0 0.9609375 0.4328125 0.07578125 0.30390625
0 0.95625 0.3421875 0.05625 0.07265625
0 0.90546875 0.57578125 0.06875 0.46171875
0 0.9171875 0.4265625 0.13984375 0.259375
0 0.86171875 0.85078125 0.27421875 0.29453125