0 0.15234375 0.48984375 0.22421875 0.7984375
0 0.14609375 0.5734375 0.15234375 0.659375
0 0.3265625 0.5046875 0.16953125 0.775
0 0.29609375 0.58359375 0.1875 0.6265625
0 0.48203125 0.50625 0.1625 0.765625
0 0.43125 0.58828125 0.21875 0.6296875
0 0.64765625 0.509375 0.16328125 0.771875
0 0.59453125 0.5953125 0.159375 0.628125
0 0.73671875 0.6 0.18046875 0.634375
0 0.81328125 0.50234375 0.153125 0.7953125
0 0.83359375 0.609375 0.28984375 0.64375
0 0.496875 0.06953125 0.99375 0.1046875
0 0.94609375 0.2171875 0.103125 0.121875
0 0.95546875 0.496875 0.0875 0.321875
0 0.8734375 0.640625 0.015625 0.03125
0 0.2453125 0.209375 0.12421875 0.1125
0 0.40390625 0.221875 0.115625 0.1
0 0.56328125 0.24765625 0.10703125 0.1578125
0 0.72578125 0.21875 0.10625 0.13125
0 0.86875 0.21640625 0.04765625 0.1296875
0 0.228125 0.48359375 0.02734375 0.1421875
0 0.38359375 0.4859375 0.02734375 0.071875
0 0.5421875 0.44609375 0.04296875 0.2453125
0 0.10546875 0.21328125 0.07578125 0.1328125
0 0.10625 0.4734375 0.0125 0.071875