0 0.078125 0.5703125 0.14453125 0.5078125
0 0.184375 0.5765625 0.11328125 0.4609375
0 0.2578125 0.5578125 0.090625 0.44296875
0 0.2859375 0.665625 0.11640625 0.4375
0 0.3296875 0.54609375 0.07265625 0.45078125
0 0.3875 0.4265625 0.078125 0.1953125
0 0.38515625 0.66171875 0.1015625 0.43515625
0 0.43984375 0.44296875 0.07109375 0.22421875
0 0.51328125 0.4359375 0.09765625 0.240625
0 0.4703125 0.67109375 0.0921875 0.41796875
0 0.54296875 0.6828125 0.09140625 0.409375
0 0.58359375 0.55546875 0.0640625 0.43203125
0 0.628125 0.678125 0.10390625 0.45234375
0 0.6421875 0.4375 0.06953125 0.20078125
0 0.7109375 0.4421875 0.0828125 0.215625
0 0.7234375 0.67578125 0.10078125 0.4421875
0 0.80859375 0.56171875 0.11640625 0.46796875
0 0.9015625 0.578125 0.13203125 0.51640625
0 0.0171875 0.490625 0.034375 0.1453125
0 0.97890625 0.4546875 0.03984375 0.09296875