0 0.01875 0.55703125 0.0375 0.403125
0 0.0359375 0.4953125 0.04296875 0.22421875
0 0.01796875 0.41015625 0.01484375 0.02578125
0 0.059375 0.49453125 0.03203125 0.17890625
0 0.08984375 0.4875 0.03671875 0.16171875
0 0.11015625 0.48671875 0.02265625 0.140625
0 0.1125 0.4265625 0.01875 0.04296875
0 0.13203125 0.42578125 0.01796875 0.06484375
0 0.14375 0.5125 0.06171875 0.2234375
0 0.15546875 0.47578125 0.01875 0.11953125
0 0.1609375 0.47265625 0.01640625 0.11953125
0 0.17421875 0.4734375 0.02109375 0.11640625
0 0.18984375 0.45234375 0.015625 0.084375
0 0.2015625 0.4390625 0.00859375 0.03203125
0 0.21015625 0.4609375 0.015625 0.09296875
0 0.221875 0.43359375 0.01328125 0.040625
0 0.228125 0.421875 0.00859375 0.0140625
0 0.30390625 0.61875 0.19609375 0.7609375
0 0.55078125 0.73125 0.08828125 0.221875
0 0.39140625 0.44609375 0.009375 0.04140625
0 0.384375 0.43359375 0.0078125 0.01640625
0 0.3984375 0.446875 0.00859375 0.04609375
0 0.4078125 0.4453125 0.01171875 0.0484375
0 0.42578125 0.45703125 0.01171875 0.0734375
0 0.44765625 0.46015625 0.02265625 0.090625
0 0.453125 0.475 0.01640625 0.05703125
0 0.46640625 0.4515625 0.01640625 0.03671875
0 0.46875 0.4421875 0.01875 0.0546875
0 0.48125 0.45859375 0.01640625 0.03515625
0 0.48984375 0.4796875 0.01171875 0.05390625
0 0.48125 0.43828125 0.01484375 0.04375
0 0.50625 0.503125 0.04921875 0.16796875
0 0.51171875 0.471875 0.0234375 0.103125
0 0.5453125 0.50546875 0.02421875 0.0609375
0 0.53984375 0.45859375 0.0265625 0.0890625
0 0.56171875 0.45625 0.01484375 0.08671875
0 0.578125 0.4625 0.01953125 0.115625
0 0.5859375 0.45234375 0.009375 0.084375
0 0.59609375 0.465625 0.02109375 0.11875
0 0.60078125 0.41796875 0.01171875 0.025
0 0.609375 0.45703125 0.01171875 0.0953125
0 0.61015625 0.46953125 0.01953125 0.1203125
0 0.63046875 0.46796875 0.03671875 0.14921875
0 0.64765625 0.465625 0.01640625 0.10546875
0 0.66171875 0.46328125 0.03359375 0.16015625
0 0.68203125 0.47578125 0.025 0.1234375
0 0.70625 0.48046875 0.02734375 0.14296875
0 0.7171875 0.46953125 0.01640625 0.11171875
0 0.73515625 0.49296875 0.03984375 0.20625
0 0.78203125 0.64609375 0.1125 0.621875
0 0.84453125 0.6359375 0.08984375 0.55
0 0.896875 0.61328125 0.11171875 0.653125
0 0.86953125 0.41796875 0.02421875 0.084375
0 0.86328125 0.3671875 0.01796875 0.03046875
0 0.8765625 0.3640625 0.01484375 0.03671875
0 0.953125 0.48046875 0.02734375 0.209375
0 0.9703125 0.41875 0.01328125 0.0203125
0 0.978125 0.43828125 0.03984375 0.16796875
0 0.984375 0.41875 0.03046875 0.10625
0 0.96015625 0.67578125 0.07890625 0.2109375
0 0.01640625 0.678125 0.03203125 0.525
0 0.709375 0.40078125 0.0203125 0.05703125
0 0.41875 0.428125 0.01328125 0.0265625
0 0.46640625 0.45859375 0.01484375 0.021875
0 0.48671875 0.41796875 0.01953125 0.040625
0 0.5328125 0.4296875 0.04609375 0.05