0 0.0328125 0.34609375 0.065625 0.6921875
0 0.3015625 0.1625 0.03671875 0.128125
0 0.415625 0.19453125 0.08125 0.253125
0 0.49765625 0.1796875 0.046875 0.265625
0 0.528125 0.16328125 0.05234375 0.29609375
0 0.55234375 0.21953125 0.13828125 0.4390625
0 0.6296875 0.2296875 0.04921875 0.1734375
0 0.68046875 0.17734375 0.08046875 0.290625
0 0.721875 0.18359375 0.0375 0.24453125
0 0.73984375 0.17890625 0.04296875 0.278125
0 0.76171875 0.11875 0.05 0.12890625
0 0.77421875 0.171875 0.059375 0.31640625
0 0.84609375 0.1703125 0.06484375 0.3015625
0 0.82734375 0.18359375 0.08671875 0.3140625
0 0.28203125 0.12265625 0.02421875 0.04609375
0 0.80390625 0.053125 0.02734375 0.0640625
0 0.79140625 0.2578125 0.0375 0.12890625
0 0.97578125 0.21953125 0.046875 0.41640625