0 0.8515625 0.3640625 0.08828125 0.13046875
0 0.075 0.81640625 0.15 0.3640625
0 0.0296875 0.540625 0.059375 0.215625
0 0.11796875 0.5859375 0.17265625 0.29453125
0 0.159375 0.47109375 0.11640625 0.19140625
0 0.075 0.41484375 0.06640625 0.09296875
0 0.04296875 0.46640625 0.08515625 0.1578125
0 0.203125 0.48046875 0.09375 0.24765625
0 0.9671875 0.6921875 0.06328125 0.33828125
0 0.82109375 0.76015625 0.284375 0.4765625
0 0.57578125 0.703125 0.26484375 0.37265625
0 0.4796875 0.609375 0.153125 0.2765625
0 0.62109375 0.56953125 0.14453125 0.2578125
0 0.75625 0.6 0.14375 0.290625
0 0.91015625 0.5078125 0.11015625 0.146875
0 0.97421875 0.475 0.04921875 0.178125
0 0.946875 0.4203125 0.075 0.109375
0 0.8671875 0.48125 0.10078125 0.1765625
0 0.74921875 0.4859375 0.10234375 0.190625
0 0.67578125 0.465625 0.06484375 0.10390625
0 0.8515625 0.4328125 0.06328125 0.15625
0 0.78125 0.41953125 0.0625 0.0984375
0 0.6765625 0.41640625 0.08828125 0.1125
0 0.5984375 0.4140625 0.065625 0.10859375
0 0.40625 0.5125 0.12109375 0.2140625
0 0.54375 0.4140625 0.07265625 0.13125
0 0.38671875 0.4796875 0.08359375 0.1859375
0 0.35703125 0.49140625 0.08828125 0.2890625
0 0.47734375 0.4 0.07421875 0.134375
0 0.553125 0.4796875 0.06875 0.1234375
0 0.475 0.43515625 0.07890625 0.09140625
0 0.98203125 0.49609375 0.034375 0.09296875