0 0.11171875 0.5703125 0.2234375 0.85546875
0 0.33515625 0.55703125 0.2703125 0.803125
0 0.53828125 0.5765625 0.25859375 0.8421875
0 0.74296875 0.59375 0.29375 0.76015625
0 0.91171875 0.57890625 0.1734375 0.72265625
0 0.6375 0.82265625 0.075 0.253125
0 0.84453125 0.7703125 0.05625 0.1484375
0 0.86875 0.68203125 0.02265625 0.046875
0 0.62109375 0.67890625 0.0453125 0.1578125
0 0.44140625 0.68203125 0.0453125 0.45625
0 0.25078125 0.67421875 0.07109375 0.478125
0 0.021875 0.29609375 0.04375 0.26640625