0 0.7046875 0.5640625 0.13359375 0.5453125
0 0.5640625 0.55234375 0.15625 0.5828125
0 0.52265625 0.6546875 0.0390625 0.1828125
0 0.4578125 0.60546875 0.08671875 0.31484375
0 0.46640625 0.51328125 0.06640625 0.16484375
0 0.38125 0.59921875 0.07265625 0.3328125
0 0.39765625 0.59375 0.0359375 0.3
0 0.41875 0.6078125 0.02890625 0.24140625
0 0.33125 0.60859375 0.059375 0.25234375
0 0.2890625 0.62265625 0.0453125 0.1890625
0 0.2453125 0.6296875 0.0375 0.128125
0 0.31328125 0.65546875 0.0203125 0.071875