0 0.2734375 0.62578125 0.11328125 0.7453125
0 0.35546875 0.62578125 0.103125 0.7453125
0 0.453125 0.65078125 0.11953125 0.6953125
0 0.5671875 0.61640625 0.128125 0.76328125
0 0.65078125 0.6515625 0.08828125 0.69296875
0 0.71640625 0.6546875 0.07578125 0.68671875
0 0.790625 0.64140625 0.0859375 0.71328125
0 0.7390625 0.6421875 0.0453125 0.71171875
0 0.75078125 0.26953125 0.04140625 0.178125
0 0.66796875 0.32265625 0.0578125 0.2453125
0 0.6109375 0.3515625 0.05234375 0.23671875
0 0.5203125 0.65234375 0.0703125 0.69140625
0 0.5609375 0.28828125 0.0875 0.2796875
0 0.4828125 0.35390625 0.0484375 0.2953125
0 0.41640625 0.62109375 0.06796875 0.7546875
0 0.39765625 0.30703125 0.0484375 0.23359375
0 0.3234375 0.37734375 0.03359375 0.175
0 0.2875 0.3203125 0.078125 0.25703125
0 0.21953125 0.60859375 0.0890625 0.7796875
0 0.50390625 0.18359375 0.06015625 0.3265625