0 0.0203125 0.9390625 0.040625 0.11875
0 0.1 0.9 0.1390625 0.19921875
0 0.16328125 0.915625 0.14375 0.16796875
0 0.228125 0.92109375 0.0828125 0.15703125
0 0.3421875 0.9421875 0.0890625 0.11484375
0 0.46796875 0.92421875 0.09375 0.15078125
0 0.61484375 0.91796875 0.1234375 0.16328125
0 0.01484375 0.8828125 0.0296875 0.05078125
0 0.02578125 0.92265625 0.01875 0.04296875
0 0.05 0.915625 0.02734375 0.096875
0 0.08046875 0.89453125 0.05859375 0.0859375
0 0.19453125 0.85625 0.00546875 0.0265625
0 0.19921875 0.84609375 0.00546875 0.00703125
0 0.25234375 0.87265625 0.02265625 0.03359375
0 0.25234375 0.8984375 0.0203125 0.0734375
0 0.26484375 0.86875 0.009375 0.0171875
0 0.27734375 0.91640625 0.0546875 0.15625
0 0.28359375 0.965625 0.0328125 0.0671875
0 0.3109375 0.91015625 0.0359375 0.0984375
0 0.334375 0.890625 0.02109375 0.053125
0 0.38828125 0.93515625 0.05078125 0.12890625
0 0.43046875 0.92578125 0.04296875 0.14765625
0 0.37265625 0.86171875 0.03515625 0.06171875
0 0.34453125 0.8734375 0.00859375 0.03125
0 0.30390625 0.8703125 0.01015625 0.02421875
0 0.4046875 0.88515625 0.01953125 0.05859375
0 0.45625 0.86015625 0.00625 0.0125
0 0.48984375 0.89609375 0.01328125 0.065625
0 0.4984375 0.8984375 0.01328125 0.06015625
0 0.5171875 0.93984375 0.046875 0.11953125
0 0.528125 0.90625 0.034375 0.10234375
0 0.5359375 0.91796875 0.01796875 0.0984375
0 0.54765625 0.890625 0.01171875 0.04921875
0 0.56328125 0.934375 0.04453125 0.13046875
0 0.6328125 0.8875 0.0421875 0.06875
0 0.63828125 0.8640625 0.0203125 0.05703125
0 0.6609375 0.90234375 0.02265625 0.08125
0 0.6796875 0.92890625 0.03828125 0.14140625
0 0.6890625 0.87265625 0.01015625 0.021875
0 0.68671875 0.87890625 0.0078125 0.01796875
0 0.703125 0.92421875 0.02421875 0.15
0 0.83125 0.91484375 0.0578125 0.16875
0 0.778125 0.91328125 0.053125 0.17265625
0 0.7375 0.91171875 0.0515625 0.175
0 0.715625 0.9234375 0.0359375 0.15234375
0 0.76015625 0.8671875 0.00546875 0.01328125
0 0.81015625 0.92421875 0.02109375 0.13515625
0 0.8546875 0.921875 0.05546875 0.1546875
0 0.878125 0.92421875 0.0375 0.15078125
0 0.88671875 0.93203125 0.0390625 0.13515625
0 0.925 0.93125 0.0390625 0.13671875
0 0.98359375 0.89140625 0.015625 0.0453125
0 0.99453125 0.90078125 0.009375 0.071875
0 0.9734375 0.9296875 0.05234375 0.10234375
0 0.98515625 0.96640625 0.02890625 0.03359375
0 0.93984375 0.934375 0.0265625 0.128125
0 0.98046875 0.15390625 0.0359375 0.3078125
0 0.10625 0.88515625 0.0234375 0.0296875
0 0.696875 0.96796875 0.01640625 0.0625
0 0.6625 0.94375 0.01015625 0.03125
0 0.90703125 0.95703125 0.02109375 0.046875
0 0.28671875 0.728125 0.57265625 0.325
0 0.78828125 0.884375 0.42265625 0.0828125
0 0.89453125 0.71953125 0.0234375 0.07265625