0 0.365625 0.64609375 0.021875 0.06640625
0 0.321875 0.59609375 0.015625 0.06640625
0 0.14921875 0.61484375 0.0140625 0.0625
0 0.13203125 0.640625 0.0390625 0.12734375
0 0.17109375 0.628125 0.0265625 0.08515625
0 0.20859375 0.628125 0.0265625 0.10234375
0 0.18125 0.65 0.040625 0.1375
0 0.240625 0.64140625 0.059375 0.12890625
0 0.02734375 0.521875 0.0453125 0.03515625
0 0.26015625 0.63203125 0.0359375 0.11484375
0 0.19453125 0.62265625 0.0140625 0.09609375
0 0.1515625 0.58671875 0.06875 0.02734375
0 0.596875 0.44921875 0.028125 0.05234375