0 0.028125 0.79765625 0.05546875 0.4015625
0 0.14609375 0.78203125 0.07578125 0.43359375
0 0.22890625 0.753125 0.13515625 0.49140625
0 0.39765625 0.784375 0.13828125 0.42734375
0 0.478125 0.771875 0.0828125 0.453125
0 0.56484375 0.81484375 0.16015625 0.3671875
0 0.56015625 0.690625 0.0921875 0.2328125
0 0.68515625 0.790625 0.10390625 0.415625
0 0.64140625 0.7734375 0.0609375 0.4203125
0 0.76171875 0.78984375 0.08828125 0.4171875
0 0.82265625 0.78671875 0.0625 0.4234375
0 0.85078125 0.79453125 0.084375 0.40859375
0 0.93984375 0.80078125 0.078125 0.3953125
0 0.96953125 0.78671875 0.06015625 0.4234375