0 0.88828125 0.91015625 0.05546875 0.16484375
0 0.83359375 0.846875 0.04453125 0.11015625
0 0.753125 0.83046875 0.03671875 0.1
0 0.48984375 0.78125 0.04609375 0.13125
0 0.42421875 0.79375 0.05546875 0.1171875
0 0.1171875 0.83984375 0.05078125 0.14765625
0 0.07265625 0.8296875 0.04453125 0.140625
0 0.1265625 0.68046875 0.0234375 0.08125
0 0.08828125 0.65 0.0234375 0.0640625
0 0.05390625 0.63984375 0.021875 0.05703125
0 0.0234375 0.65859375 0.015625 0.05703125
0 0.003125 0.5671875 0.00625 0.03125
0 0.03203125 0.58125 0.009375 0.02109375
0 0.05703125 0.56328125 0.0125 0.03359375
0 0.06484375 0.57265625 0.009375 0.03359375
0 0.0796875 0.56328125 0.0125 0.03359375
0 0.11171875 0.57265625 0.0078125 0.03359375
0 0.1171875 0.56328125 0.009375 0.02890625
0 0.12265625 0.56796875 0.0078125 0.02890625
0 0.12109375 0.58828125 0.0078125 0.0265625
0 0.1453125 0.5703125 0.0109375 0.03828125
0 0.15625 0.5703125 0.0078125 0.02890625
0 0.18046875 0.5671875 0.0109375 0.0359375
0 0.21875 0.571875 0.0125 0.040625
0 0.29765625 0.565625 0.0078125 0.03359375
0 0.30078125 0.565625 0.0109375 0.02890625
0 0.6265625 0.51640625 0.0078125 0.03125
0 0.63359375 0.515625 0.009375 0.02421875
0 0.04453125 0.5703125 0.009375 0.01875
0 0.16875 0.5640625 0.0171875 0.040625
0 0.19765625 0.57421875 0.0078125 0.01171875
0 0.64609375 0.565625 0.009375 0.02421875
0 0.0875 0.52265625 0.009375 0.02421875