0 0.09375 0.703125 0.15078125 0.59140625
0 0.09609375 0.64921875 0.1734375 0.69921875
0 0.1703125 0.44453125 0.06484375 0.275
0 0.21015625 0.58671875 0.13671875 0.49453125
0 0.26953125 0.43125 0.06796875 0.15
0 0.271875 0.40078125 0.07734375 0.17421875
0 0.29921875 0.40625 0.02890625 0.15
0 0.32421875 0.36640625 0.0453125 0.1453125
0 0.35 0.43984375 0.071875 0.21796875
0 0.4 0.37265625 0.04375 0.128125
0 0.415625 0.43984375 0.0859375 0.2171875
0 0.3046875 0.65390625 0.1515625 0.3484375
0 0.4296875 0.684375 0.18515625 0.59140625
0 0.52734375 0.66953125 0.14921875 0.49609375
0 0.490625 0.38125 0.06796875 0.1125
0 0.55859375 0.46171875 0.05703125 0.240625
0 0.603125 0.49609375 0.0609375 0.28125
0 0.66796875 0.6234375 0.1328125 0.46484375
0 0.66796875 0.43359375 0.115625 0.1640625
0 0.74609375 0.4265625 0.06796875 0.12578125
0 0.73671875 0.39921875 0.05546875 0.13125
0 0.78359375 0.6078125 0.12109375 0.5390625
0 0.840625 0.44921875 0.04765625 0.2390625
0 0.87265625 0.721875 0.20625 0.55390625
0 0.65390625 0.3515625 0.0328125 0.09296875
0 0.63203125 0.32890625 0.03359375 0.0765625
0 0.671875 0.32265625 0.01875 0.0421875
0 0.68515625 0.3453125 0.02890625 0.02109375
0 0.63515625 0.38359375 0.04140625 0.05703125
0 0.57265625 0.38125 0.02578125 0.09296875
0 0.8640625 0.12890625 0.253125 0.15078125
0 0.1375 0.2046875 0.09296875 0.04296875
0 0.27890625 0.21796875 0.17578125 0.04609375
0 0.51171875 0.234375 0.1015625 0.021875
0 0.603125 0.2296875 0.0359375 0.01875
0 0.47109375 0.3046875 0.303125 0.06484375
0 0.628125 0.2625 0.11171875 0.02109375
0 0.65234375 0.2953125 0.0609375 0.0421875
0 0.140625 0.32265625 0.1546875 0.14296875
0 0.271875 0.3328125 0.09453125 0.11015625
0 0.37265625 0.36796875 0.02265625 0.06484375
0 0.4671875 0.3625 0.0328125 0.05078125
0 0.5203125 0.38046875 0.03828125 0.08515625
0 0.11640625 0.48359375 0.0546875 0.18671875