0 0.734375 0.7046875 0.15546875 0.58515625
0 0.60859375 0.7109375 0.1078125 0.57265625
0 0.50859375 0.6953125 0.10703125 0.6046875
0 0.42265625 0.74375 0.11640625 0.5078125
0 0.328125 0.76484375 0.121875 0.46484375
0 0.21640625 0.71484375 0.1421875 0.56484375
0 0.69375 0.3171875 0.11015625 0.41484375
0 0.59921875 0.3484375 0.09296875 0.40234375
0 0.50625 0.4078125 0.11015625 0.6
0 0.403125 0.4359375 0.11484375 0.6578125
0 0.26953125 0.48984375 0.19140625 0.61484375
0 0.19453125 0.3859375 0.17109375 0.7375
0 0.65625 0.57734375 0.07265625 0.4203125
0 0.5046875 0.14609375 0.33046875 0.2921875