0 0.8640625 0.759375 0.21484375 0.4390625
0 0.975 0.70078125 0.04609375 0.08515625
0 0.825 0.7359375 0.0765625 0.1859375
0 0.7328125 0.7875 0.14609375 0.39296875
0 0.65703125 0.76328125 0.128125 0.440625
0 0.6125 0.74296875 0.08984375 0.184375
0 0.51640625 0.815625 0.128125 0.33359375
0 0.40234375 0.815625 0.11875 0.3265625
0 0.2890625 0.8125 0.1296875 0.34921875
0 0.18125 0.81796875 0.125 0.33515625
0 0.065625 0.81171875 0.128125 0.34453125
0 0.10234375 0.64140625 0.121875 0.1765625
0 0.22734375 0.63828125 0.11875 0.18125
0 0.34375 0.65546875 0.1140625 0.21796875
0 0.45703125 0.64765625 0.10859375 0.1859375
0 0.5703125 0.6390625 0.115625 0.1859375
0 0.79453125 0.66640625 0.08671875 0.25
0 0.925 0.6046875 0.08671875 0.1390625
0 0.97734375 0.63828125 0.04140625 0.18125
0 0.9515625 0.57890625 0.08671875 0.1828125
0 0.82890625 0.55 0.0640625 0.13125
0 0.73125 0.5390625 0.10390625 0.14921875
0 0.61875 0.5359375 0.10859375 0.14609375
0 0.50703125 0.5515625 0.10390625 0.16953125
0 0.39140625 0.55390625 0.1125 0.16484375
0 0.27890625 0.55234375 0.09296875 0.14921875
0 0.1546875 0.56953125 0.09765625 0.14296875
0 0.046875 0.5625 0.09375 0.165625
0 0.09921875 0.5015625 0.10234375 0.134375
0 0.209375 0.50234375 0.09765625 0.1390625
0 0.32734375 0.4953125 0.08515625 0.125
0 0.4453125 0.49296875 0.09609375 0.1265625
0 0.55703125 0.49453125 0.08828125 0.1359375
0 0.67578125 0.48359375 0.071875 0.121875
0 0.78671875 0.48828125 0.08984375 0.1328125
0 0.8875 0.4875 0.10546875 0.134375
0 0.97734375 0.4828125 0.04140625 0.14296875
0 0.9296875 0.4296875 0.08359375 0.13125
0 0.82734375 0.4328125 0.07890625 0.1375
0 0.7125 0.43515625 0.08828125 0.1265625
0 0.6 0.43359375 0.08828125 0.14609375
0 0.49375 0.428125 0.10234375 0.16328125
0 0.3734375 0.43828125 0.09296875 0.1359375
0 0.26328125 0.434375 0.09140625 0.14765625
0 0.15859375 0.4328125 0.09921875 0.14140625
0 0.10234375 0.3640625 0.09296875 0.15703125
0 0.2046875 0.36875 0.08828125 0.14765625
0 0.31640625 0.365625 0.09765625 0.15390625
0 0.4328125 0.3703125 0.08984375 0.14140625
0 0.540625 0.3625 0.075 0.14453125
0 0.65 0.36953125 0.10390625 0.15234375
0 0.75 0.36875 0.09609375 0.15078125
0 0.865625 0.3671875 0.08984375 0.15390625
0 0.9625 0.36796875 0.071875 0.14921875
0 0.909375 0.2984375 0.09453125 0.14765625
0 0.80625 0.29921875 0.08671875 0.14609375
0 0.6984375 0.30234375 0.08984375 0.15546875
0 0.58984375 0.29140625 0.08359375 0.14140625
0 0.48046875 0.29609375 0.08671875 0.16015625
0 0.37265625 0.29296875 0.09765625 0.16015625
0 0.25625 0.2953125 0.09296875 0.15234375
0 0.146875 0.29375 0.08828125 0.14921875
0 0.08203125 0.22421875 0.08359375 0.1375
0 0.1921875 0.2359375 0.08046875 0.14765625
0 0.30859375 0.23046875 0.09453125 0.14140625
0 0.42265625 0.23125 0.08828125 0.1359375
0 0.5265625 0.23046875 0.08203125 0.14453125
0 0.63515625 0.22734375 0.071875 0.13125
0 0.75078125 0.23203125 0.09453125 0.14765625
0 0.85625 0.23125 0.10390625 0.14921875
0 0.9484375 0.2328125 0.0671875 0.1390625
0 0.9 0.165625 0.09453125 0.1328125
0 0.79765625 0.1609375 0.08203125 0.1390625
0 0.690625 0.159375 0.09921875 0.14921875
0 0.58203125 0.16015625 0.08984375 0.14453125
0 0.46953125 0.16484375 0.0734375 0.13125
0 0.36328125 0.15859375 0.09140625 0.14140625
0 0.2515625 0.1625 0.10859375 0.1328125
0 0.14375 0.16015625 0.1109375 0.14140625
0 0.034375 0.1609375 0.06875 0.14296875
0 0.084375 0.1015625 0.08828125 0.1359375
0 0.19609375 0.09296875 0.09765625 0.15078125
0 0.29765625 0.1125 0.075 0.121875
0 0.41640625 0.09609375 0.10234375 0.15390625
0 0.51875 0.096875 0.08828125 0.1390625
0 0.62578125 0.096875 0.08203125 0.15546875
0 0.740625 0.08671875 0.09921875 0.16015625
0 0.84453125 0.10078125 0.08671875 0.1375
0 0.95546875 0.10703125 0.08671875 0.16328125
0 0.90625 0.0546875 0.1109375 0.10859375
0 0.80234375 0.04921875 0.10078125 0.09765625
0 0.68359375 0.0515625 0.09765625 0.10234375
0 0.5671875 0.053125 0.10546875 0.10546875
0 0.45625 0.05390625 0.1171875 0.10703125
0 0.3421875 0.08359375 0.10703125 0.16640625
0 0.2453125 0.053125 0.09921875 0.10546875
0 0.13359375 0.05234375 0.09453125 0.10390625
0 0.03984375 0.04765625 0.0796875 0.0953125
0 0.021875 0.64921875 0.04296875 0.14140625
0 0.98515625 0.05703125 0.02734375 0.08515625
0 0.9890625 0.28125 0.01953125 0.09453125
0 0.009375 0.51484375 0.01875 0.1015625
0 0.02265625 0.37734375 0.04453125 0.1390625
0 0.98203125 0.19609375 0.03203125 0.075