0 0.01328125 0.5015625 0.02578125 0.32890625
0 0.1078125 0.5046875 0.1140625 0.4703125
0 0.2734375 0.48828125 0.1109375 0.47734375
0 0.36875 0.49296875 0.1265625 0.64296875
0 0.44140625 0.38515625 0.04140625 0.121875
0 0.43046875 0.3484375 0.04140625 0.10859375
0 0.4765625 0.40390625 0.0390625 0.225
0 0.5015625 0.40859375 0.04140625 0.2484375
0 0.521875 0.4234375 0.04296875 0.29765625
0 0.5625 0.3890625 0.04375 0.20859375
0 0.62578125 0.54453125 0.15 0.67109375
0 0.66484375 0.36640625 0.03359375 0.13125
0 0.68671875 0.38046875 0.03203125 0.159375
0 0.70625 0.37109375 0.02578125 0.1625
0 0.721875 0.40859375 0.03203125 0.225
0 0.74140625 0.403125 0.0390625 0.2796875
0 0.76171875 0.32421875 0.01484375 0.0625
0 0.79609375 0.3421875 0.04375 0.05625
0 0.9734375 0.28828125 0.028125 0.0375
0 0.31171875 0.334375 0.028125 0.07421875
0 0.40390625 0.3859375 0.01640625 0.04453125
0 0.415625 0.3296875 0.01484375 0.03125
0 0.52890625 0.30859375 0.00859375 0.028125
0 0.58984375 0.4 0.01328125 0.13828125
0 0.79921875 0.30703125 0.08046875 0.04453125
0 0.99609375 0.30234375 0.00625 0.0328125