0 0.9890625 0.78828125 0.0203125 0.23515625
0 0.9578125 0.78515625 0.04453125 0.24609375
0 0.91796875 0.76953125 0.0328125 0.20234375
0 0.8890625 0.84296875 0.0484375 0.30625
0 0.85859375 0.696875 0.04375 0.08984375
0 0.83828125 0.70078125 0.02578125 0.07265625
0 0.82109375 0.75859375 0.02265625 0.1875
0 0.7875 0.80703125 0.05390625 0.23515625
0 0.803125 0.69375 0.03203125 0.07109375
0 0.75703125 0.80078125 0.0421875 0.23515625
0 0.70703125 0.78203125 0.0484375 0.23984375
0 0.77734375 0.703125 0.025 0.05625
0 0.7421875 0.69375 0.02734375 0.07109375
0 0.77890625 0.69140625 0.025 0.075
0 0.7234375 0.69609375 0.02265625 0.05390625
0 0.6375 0.73671875 0.02109375 0.12734375
0 0.6078125 0.69765625 0.02109375 0.04609375
0 0.60078125 0.68828125 0.01640625 0.04765625
0 0.575 0.6875 0.02578125 0.04609375
0 0.56015625 0.67734375 0.01640625 0.07109375
0 0.540625 0.67109375 0.0203125 0.0625
0 0.5203125 0.66875 0.0203125 0.07890625
0 0.4859375 0.68671875 0.02578125 0.08984375
0 0.48125 0.6625 0.02109375 0.09140625
0 0.45859375 0.7375 0.0390625 0.1375
0 0.40546875 0.72109375 0.0296875 0.12890625
0 0.3734375 0.70546875 0.02734375 0.10625
0 0.471875 0.62890625 0.01875 0.09140625
0 0.396875 0.58984375 0.01640625 0.06640625
0 0.36015625 0.64140625 0.0140625 0.075
0 0.334375 0.68125 0.028125 0.08359375
0 0.2984375 0.72421875 0.0234375 0.12734375
0 0.22578125 0.8375 0.0671875 0.32109375
0 0.16640625 0.79375 0.084375 0.3375
0 0.10078125 0.825 0.0984375 0.24609375
0 0.03125 0.784375 0.0625 0.32734375
0 0.07421875 0.71796875 0.0328125 0.16484375
0 0.1078125 0.7875 0.046875 0.27109375
0 0.275 0.77734375 0.028125 0.23359375
0 0.28203125 0.76484375 0.0296875 0.23359375
0 0.2328125 0.66953125 0.01796875 0.06015625
0 0.7515625 0.771875 0.03671875 0.20234375
0 0.14609375 0.6625 0.03671875 0.1
0 0.184375 0.759375 0.0328125 0.23125
0 0.04609375 0.71171875 0.0421875 0.08984375
0 0.1 0.64765625 0.025 0.04140625
0 0.1234375 0.71484375 0.02578125 0.1
0 0.2890625 0.703125 0.01640625 0.08515625
0 0.89296875 0.71171875 0.0234375 0.06484375
0 0.68046875 0.75625 0.04140625 0.15859375
0 0.53984375 0.66875 0.01875 0.06640625
0 0.58046875 0.69921875 0.01328125 0.06015625
0 0.9171875 0.61015625 0.12109375 0.09140625
0 0.675 0.32578125 0.09375 0.09375
0 0.82109375 0.67734375 0.0765625 0.025
0 0.13984375 0.66640625 0.01640625 0.0375
0 0.20859375 0.66875 0.0765625 0.12890625
0 0.33984375 0.621875 0.015625 0.03515625