0 0.984375 0.72265625 0.028125 0.1265625
0 0.9359375 0.725 0.02265625 0.10859375
0 0.9203125 0.72734375 0.03046875 0.1140625
0 0.89609375 0.721875 0.0265625 0.10390625
0 0.90234375 0.71484375 0.021875 0.096875
0 0.87578125 0.7203125 0.02265625 0.115625
0 0.8515625 0.72421875 0.0375 0.13359375
0 0.88671875 0.67421875 0.01875 0.04375
0 0.93671875 0.671875 0.01640625 0.03203125
0 0.70390625 0.70703125 0.0203125 0.0765625
0 0.68359375 0.6921875 0.0078125 0.05
0 0.6515625 0.6921875 0.0125 0.05234375
0 0.63828125 0.68984375 0.009375 0.04609375
0 0.6234375 0.68828125 0.0109375 0.04609375
0 0.62890625 0.6828125 0.0078125 0.02578125
0 0.4703125 0.684375 0.0109375 0.0359375
0 0.4234375 0.68359375 0.00859375 0.03125
0 0.41796875 0.6828125 0.00625 0.02578125
0 0.334375 0.6890625 0.0171875 0.05546875
0 0.33828125 0.6875 0.00859375 0.05078125
0 0.3203125 0.68515625 0.009375 0.0390625
0 0.30078125 0.68984375 0.01640625 0.04453125
0 0.2828125 0.69296875 0.0109375 0.0578125
0 0.28984375 0.6921875 0.00859375 0.05
0 0.2390625 0.69765625 0.0171875 0.07265625
0 0.22421875 0.69609375 0.0140625 0.0609375
0 0.153125 0.7 0.0203125 0.06875
0 0.134375 0.6984375 0.01640625 0.07578125
0 0.08515625 0.6609375 0.0203125 0.028125
0 0.0875 0.70859375 0.02890625 0.1046875
0 0.07265625 0.71953125 0.0265625 0.10703125
0 0.0625 0.7046875 0.0140625 0.08515625
0 0.03828125 0.703125 0.0265625 0.09609375
0 0.0125 0.70078125 0.025 0.09921875
0 0.23359375 0.69296875 0.01015625 0.05625
0 0.76875 0.65625 0.03203125 0.08046875
0 0.41796875 0.6828125 0.03984375 0.03515625
0 0.35078125 0.66875 0.03359375 0.02890625
0 0.2609375 0.6734375 0.00859375 0.01484375
0 0.1859375 0.68125 0.0375 0.06796875
0 0.903125 0.65546875 0.090625 0.084375
0 0.98984375 0.7234375 0.01796875 0.09140625
0 0.7015625 0.68671875 0.034375 0.05078125