0 0.1390625 0.65390625 0.16640625 0.42109375
0 0.2109375 0.65703125 0.15078125 0.3796875
0 0.2203125 0.63671875 0.05234375 0.36328125
0 0.3171875 0.64921875 0.10625 0.38125
0 0.27578125 0.47109375 0.03125 0.08828125
0 0.37890625 0.62890625 0.08203125 0.36953125
0 0.3765625 0.65078125 0.14765625 0.38828125
0 0.88046875 0.67109375 0.09296875 0.47109375
0 0.778125 0.68984375 0.08515625 0.45234375
0 0.77265625 0.65546875 0.09921875 0.43359375
0 0.7109375 0.68671875 0.05859375 0.409375
0 0.66640625 0.690625 0.0953125 0.43046875
0 0.68046875 0.63828125 0.0984375 0.4546875
0 0.6203125 0.63671875 0.0578125 0.40625
0 0.58125 0.68671875 0.115625 0.41875
0 0.51953125 0.67265625 0.09765625 0.39296875
0 0.45703125 0.65703125 0.06953125 0.3765625
0 0.4546875 0.63359375 0.08359375 0.3765625
0 0.5109375 0.48046875 0.07109375 0.09921875
0 0.55078125 0.4921875 0.03984375 0.1046875
0 0.56484375 0.490625 0.03671875 0.04375