0 0.71171875 0.303125 0.08515625 0.36875
0 0.7453125 0.2921875 0.03828125 0.31171875
0 0.77109375 0.54765625 0.09140625 0.4671875
0 0.85390625 0.47734375 0.10625 0.3171875
0 0.9109375 0.55 0.08828125 0.4203125
0 0.84140625 0.678125 0.10859375 0.3671875
0 0.95234375 0.75703125 0.09296875 0.4828125
0 0.96015625 0.80859375 0.07734375 0.3796875
0 0.79609375 0.8734375 0.15 0.25
0 0.75859375 0.934375 0.11171875 0.12734375
0 0.51875 0.640625 0.08359375 0.2984375
0 0.57890625 0.79375 0.08125 0.40859375
0 0.4984375 0.7890625 0.096875 0.3015625
0 0.50546875 0.9015625 0.14453125 0.19296875
0 0.415625 0.90625 0.10390625 0.184375
0 0.2359375 0.909375 0.12578125 0.17734375
0 0.90546875 0.0546875 0.11171875 0.10859375
0 0.12890625 0.6984375 0.040625 0.07265625
0 0.53359375 0.26953125 0.025 0.1671875
0 0.34375 0.42734375 0.68515625 0.8484375
0 0.93046875 0.8078125 0.03046875 0.05703125