0 0.0421875 0.7015625 0.053125 0.16796875
0 0.08984375 0.7203125 0.0421875 0.125
0 0.08203125 0.7046875 0.0421875 0.125
0 0.1109375 0.709375 0.040625 0.1296875
0 0.1546875 0.71328125 0.034375 0.11640625
0 0.18515625 0.7125 0.0390625 0.11875
0 0.20546875 0.7171875 0.0390625 0.12265625
0 0.26015625 0.7203125 0.0359375 0.103125
0 0.28359375 0.72734375 0.0234375 0.103125
0 0.321875 0.72734375 0.0375 0.10703125
0 0.34921875 0.72109375 0.0203125 0.078125
0 0.3765625 0.715625 0.01875 0.0265625
0 0.39140625 0.70703125 0.0203125 0.040625
0 0.48125 0.72578125 0.015625 0.06015625
0 0.5703125 0.73828125 0.0125 0.05390625
0 0.5890625 0.73359375 0.0125 0.04921875
0 0.6046875 0.7328125 0.0125 0.03359375
0 0.6171875 0.740625 0.015625 0.05390625
0 0.70625 0.7765625 0.06875 0.2546875
0 0.85 0.76484375 0.146875 0.38515625
0 0.91796875 0.78984375 0.1390625 0.3359375
0 0.94140625 0.74375 0.1140625 0.5078125
0 0.45 0.69609375 0.01875 0.0359375