0 0.56484375 0.8609375 0.16953125 0.2734375
0 0.43203125 0.85546875 0.18671875 0.284375
0 0.278125 0.81875 0.175 0.3578125
0 0.13671875 0.7765625 0.16953125 0.4421875
0 0.6515625 0.81796875 0.13203125 0.36015625
0 0.76171875 0.8390625 0.14140625 0.31796875
0 0.85546875 0.81796875 0.13984375 0.36015625
0 0.78828125 0.65703125 0.115625 0.2421875
0 0.69765625 0.696875 0.08671875 0.29140625
0 0.66640625 0.60546875 0.14921875 0.3578125
0 0.53046875 0.7421875 0.10390625 0.346875
0 0.5453125 0.5578125 0.125 0.3953125
0 0.41484375 0.72890625 0.16796875 0.3734375
0 0.465625 0.565625 0.08515625 0.2953125
0 0.5453125 0.5578125 0.125 0.39140625
0 0.35234375 0.5359375 0.1203125 0.32890625
0 0.278125 0.66875 0.153125 0.41328125
0 0.18671875 0.55 0.14140625 0.33984375