0 0.803125 0.88984375 0.05546875 0.21640625
0 0.71328125 0.88828125 0.03203125 0.21875
0 0.78203125 0.88515625 0.02109375 0.20859375
0 0.78203125 0.825 0.0203125 0.0875
0 0.68203125 0.90078125 0.06328125 0.19375
0 0.6046875 0.88125 0.0703125 0.23359375
0 0.5703125 0.88984375 0.046875 0.21640625
0 0.66171875 0.85234375 0.03515625 0.17109375
0 0.628125 0.88203125 0.0421875 0.23125
0 0.4953125 0.88984375 0.05859375 0.21640625
0 0.38515625 0.89453125 0.084375 0.20625
0 0.4609375 0.85234375 0.00859375 0.125
0 0.41953125 0.84296875 0.025 0.15625
0 0.40234375 0.7875 0.015625 0.025
0 0.38359375 0.79140625 0.028125 0.06640625
0 0.26484375 0.80703125 0.01328125 0.08984375
0 0.25859375 0.80078125 0.01328125 0.07265625
0 0.09296875 0.80625 0.015625 0.09140625
0 0.109375 0.81796875 0.028125 0.12265625
0 0.0703125 0.81015625 0.01640625 0.11640625
0 0.07890625 0.81796875 0.0328125 0.12734375
0 0.05625 0.81328125 0.028125 0.13515625
0 0.03515625 0.80859375 0.02578125 0.12109375
0 0.01640625 0.80625 0.01875 0.09140625
0 0.021875 0.77265625 0.01328125 0.0375
0 0.1453125 0.834375 0.046875 0.09375
0 0.175 0.825 0.01875 0.09140625
0 0.24609375 0.80546875 0.01640625 0.07734375
0 0.23125 0.80234375 0.01640625 0.07890625
0 0.203125 0.81171875 0.0140625 0.08984375
0 0.8171875 0.97109375 0.01875 0.04140625
0 0.20859375 0.79765625 0.0203125 0.08359375
0 0.06796875 0.775 0.1359375 0.05859375
0 0.146875 0.7875 0.0046875 0.05390625