0 0.1359375 0.36328125 0.06328125 0.2609375
0 0.1765625 0.38125 0.03671875 0.22734375
0 0.2078125 0.37734375 0.06015625 0.23515625
0 0.25546875 0.3703125 0.0546875 0.2578125
0 0.2953125 0.38359375 0.0734375 0.23515625
0 0.346875 0.2703125 0.0703125 0.1125
0 0.36796875 0.37890625 0.096875 0.25
0 0.39921875 0.3828125 0.05390625 0.24375
0 0.4171875 0.29453125 0.0359375 0.0984375
0 0.46328125 0.3796875 0.10390625 0.25390625
0 0.4890625 0.3890625 0.05234375 0.23359375
0 0.52578125 0.3875 0.04921875 0.23515625
0 0.56484375 0.378125 0.0625 0.25859375
0 0.5984375 0.38984375 0.053125 0.23515625
0 0.628125 0.3734375 0.0953125 0.2703125
0 0.68515625 0.38359375 0.0421875 0.25
0 0.72421875 0.37890625 0.059375 0.2625
0 0.76875 0.3953125 0.05234375 0.23359375
0 0.8046875 0.425 0.04765625 0.31484375
0 0.84296875 0.43515625 0.06015625 0.31484375
0 0.896875 0.43046875 0.06640625 0.3484375