0 0.178125 0.709375 0.171875 0.57890625
0 0.2859375 0.7546875 0.13828125 0.4875
0 0.27890625 0.54609375 0.0515625 0.0859375
0 0.32890625 0.73828125 0.11875 0.52109375
0 0.3453125 0.5640625 0.040625 0.175
0 0.3796875 0.72734375 0.0453125 0.50703125
0 0.4125 0.5796875 0.01015625 0.0234375
0 0.4671875 0.6484375 0.0375 0.13046875
0 0.50625 0.809375 0.10859375 0.37890625
0 0.5046875 0.63671875 0.0578125 0.13203125
0 0.590625 0.771875 0.125 0.453125
0 0.559375 0.746875 0.0625 0.3125
0 0.5609375 0.621875 0.02890625 0.05390625
0 0.6265625 0.72421875 0.053125 0.2625
0 0.646875 0.72578125 0.028125 0.190625
0 0.66875 0.734375 0.03515625 0.25546875
0 0.6875 0.725 0.03359375 0.196875
0 0.6953125 0.72578125 0.04765625 0.24296875
0 0.76875 0.734375 0.05234375 0.203125
0 0.76875 0.74609375 0.05234375 0.20859375
0 0.7859375 0.7515625 0.02421875 0.15859375
0 0.8046875 0.7515625 0.05546875 0.23046875
0 0.8625 0.778125 0.05859375 0.2484375
0 0.871875 0.740625 0.03828125 0.20859375
0 0.8875 0.7453125 0.06328125 0.2515625
0 0.9140625 0.721875 0.021875 0.11796875
0 0.93828125 0.6609375 0.0265625 0.0609375
0 0.9625 0.6609375 0.025 0.053125
0 0.94453125 0.775 0.0484375 0.24453125
0 0.9921875 0.70859375 0.01328125 0.071875
0 0.9515625 0.83515625 0.09453125 0.3265625
0 0.7171875 0.74375 0.0265625 0.10703125
0 0.11015625 0.36015625 0.1640625 0.434375
0 0.3671875 0.96328125 0.05234375 0.07109375
0 0.36328125 0.553125 0.01875 0.08359375