0 0.63671875 0.88359375 0.01875 0.05390625
0 0.58046875 0.925 0.015625 0.0640625
0 0.40234375 0.8703125 0.01875 0.06640625
0 0.10390625 0.7515625 0.0171875 0.046875
0 0.1109375 0.74296875 0.015625 0.046875
0 0.12578125 0.7421875 0.0140625 0.0453125
0 0.090625 0.5140625 0.0125 0.03828125
0 0.07109375 0.49921875 0.015625 0.03828125
0 0.1859375 0.46484375 0.01171875 0.034375
0 0.23046875 0.44140625 0.01015625 0.03828125
0 0.2328125 0.4390625 0.00859375 0.03828125
0 0.2421875 0.4390625 0.0125 0.0296875
0 0.278125 0.42265625 0.0125 0.03671875
0 0.2703125 0.409375 0.01171875 0.03828125
0 0.27109375 0.38984375 0.00859375 0.0296875
0 0.20703125 0.36953125 0.01171875 0.03203125
0 0.2140625 0.36796875 0.01171875 0.034375
0 0.25078125 0.3375 0.01015625 0.0234375
0 0.21015625 0.34375 0.01171875 0.03671875
0 0.3125 0.40390625 0.0140625 0.03671875
0 0.3203125 0.4015625 0.0140625 0.0453125
0 0.384375 0.5125 0.0140625 0.028125
0 0.35546875 0.50546875 0.0203125 0.034375
0 0.5171875 0.571875 0.0171875 0.046875
0 0.7375 0.73515625 0.01875 0.0578125
0 0.734375 0.69609375 0.0171875 0.05546875
0 0.76796875 0.71015625 0.0125 0.0453125
0 0.77421875 0.7 0.0140625 0.0515625
0 0.79609375 0.6984375 0.0140625 0.0515625
0 0.98359375 0.4359375 0.015625 0.0453125
0 0.99140625 0.43359375 0.0140625 0.0453125
0 0.9296875 0.41328125 0.0171875 0.0515625
0 0.915625 0.4140625 0.0140625 0.03671875
0 0.89609375 0.40234375 0.0171875 0.03828125
0 0.83359375 0.36796875 0.0125 0.0515625
0 0.7359375 0.41328125 0.0140625 0.04296875
0 0.1328125 0.30078125 0.01171875 0.040625
0 0.146875 0.3015625 0.01171875 0.034375
0 0.15390625 0.2984375 0.01171875 0.03203125
0 0.77109375 0.34375 0.0328125 0.05390625
0 0.5078125 0.30390625 0.0984375 0.09453125
0 0.409375 0.2890625 0.0984375 0.15390625
0 0.30703125 0.2578125 0.0828125 0.11328125
0 0.13984375 0.1671875 0.10546875 0.0859375
0 0.26875 0.20859375 0.0375 0.07890625
0 0.04453125 0.159375 0.08828125 0.1265625
0 0.34453125 0.34765625 0.03984375 0.06171875
0 0.5140625 0.2046875 0.02265625 0.040625
0 0.62109375 0.2109375 0.0171875 0.040625
0 0.66328125 0.3171875 0.1296875 0.07734375
0 0.8921875 0.378125 0.04453125 0.028125