0 0.028125 0.72109375 0.0265625 0.1421875
0 0.06484375 0.73515625 0.0296875 0.140625
0 0.10234375 0.74375 0.0546875 0.15078125
0 0.178125 0.78359375 0.07265625 0.2421875
0 0.15859375 0.746875 0.01796875 0.1265625
0 0.296875 0.75859375 0.04453125 0.15
0 0.34921875 0.78515625 0.05234375 0.2375
0 0.4078125 0.778125 0.02421875 0.1421875
0 0.446875 0.76484375 0.02578125 0.11796875
0 0.50390625 0.78046875 0.0890625 0.20390625
0 0.25859375 0.7640625 0.028125 0.14765625
0 0.24296875 0.703125 0.0171875 0.0265625
0 0.2140625 0.728125 0.01484375 0.10234375
0 0.2796875 0.7328125 0.0203125 0.10859375
0 0.321875 0.746875 0.02578125 0.13125
0 0.0578125 0.69765625 0.0265625 0.09296875
0 0.1015625 0.73046875 0.01875 0.1390625
0 0.12265625 0.72109375 0.02265625 0.1265625
0 0.1390625 0.73125 0.0234375 0.11328125
0 0.2359375 0.759375 0.03515625 0.14375
0 0.37734375 0.77421875 0.040625 0.1703125
0 0.340625 0.7046875 0.0125 0.01484375
0 0.41953125 0.73125 0.01875 0.0890625
0 0.02734375 0.71171875 0.025 0.12109375
0 0.00859375 0.7046875 0.0171875 0.096875
0 0.3875 0.7625 0.02109375 0.15625
0 0.365625 0.70234375 0.01953125 0.015625
0 0.9015625 0.7453125 0.03203125 0.1171875
0 0.6046875 0.71875 0.03984375 0.01796875
0 0.63203125 0.7265625 0.00625 0.00234375
0 0.53828125 0.703125 0.0546875 0.01328125
0 0.465625 0.6984375 0.06328125 0.01484375
0 0.22578125 0.68515625 0.0234375 0.046875
0 0.2484375 0.68359375 0.02109375 0.021875
0 0.265625 0.68359375 0.01015625 0.01875
0 0.2515625 0.70390625 0.0078125 0.01953125
0 0.16640625 0.68515625 0.03125 0.04296875
0 0.20625 0.69296875 0.01484375 0.05859375
0 0.08984375 0.67734375 0.03125 0.02265625
0 0.04296875 0.68515625 0.00390625 0.0328125
0 0.8625 0.72890625 0.01953125 0.05625
0 0.80390625 0.71953125 0.0203125 0.040625
0 0.77734375 0.72265625 0.01796875 0.04296875
0 0.75390625 0.73359375 0.0140625 0.06171875