0 0.065625 0.5890625 0.05 0.20078125
0 0.134375 0.6046875 0.0359375 0.2390625
0 0.371875 0.571875 0.034375 0.15234375
0 0.38359375 0.578125 0.028125 0.15078125
0 0.4109375 0.57890625 0.02734375 0.1453125
0 0.4390625 0.5765625 0.025 0.14375
0 0.47421875 0.58671875 0.01640625 0.078125
0 0.48984375 0.58046875 0.0203125 0.125
0 0.54453125 0.56875 0.01640625 0.10078125
0 0.55390625 0.57890625 0.03125 0.1109375
0 0.58125 0.5734375 0.01484375 0.0796875
0 0.5984375 0.56875 0.0171875 0.0828125
0 0.6125 0.53359375 0.00859375 0.02109375
0 0.6109375 0.55859375 0.015625 0.05703125
0 0.63359375 0.56015625 0.015625 0.065625
0 0.64765625 0.56328125 0.01484375 0.065625
0 0.678125 0.5609375 0.01484375 0.0640625
0 0.69140625 0.56171875 0.015625 0.0625
0 0.8421875 0.5921875 0.0296875 0.1234375
0 0.88515625 0.6046875 0.0265625 0.125
0 0.92109375 0.61015625 0.034375 0.14921875
0 0.9046875 0.5984375 0.015625 0.1125
0 0.8625 0.57890625 0.0203125 0.0765625
0 0.509375 0.58671875 0.0234375 0.0640625
0 0.50234375 0.5765625 0.01875 0.1125
0 0.65546875 0.55078125 0.0078125 0.03828125
0 0.5046875 0.5984375 0.01484375 0.046875
0 0.47734375 0.59453125 0.015625 0.0625
0 0.525 0.56015625 0.0109375 0.07265625
0 0.62578125 0.56328125 0.009375 0.0453125
0 0.66640625 0.55625 0.01875 0.05859375
0 0.8546875 0.56953125 0.0546875 0.07109375
0 0.896875 0.5546875 0.015625 0.02734375
0 0.8921875 0.61875 0.0078125 0.02109375