0 0.203125 0.75078125 0.1125 0.31171875
0 0.12890625 0.7390625 0.1046875 0.346875
0 0.0921875 0.72265625 0.08828125 0.4421875
0 0.0484375 0.6828125 0.0859375 0.47421875
0 0.109375 0.51953125 0.06328125 0.12109375
0 0.1453125 0.50625 0.0578125 0.13984375
0 0.18359375 0.58828125 0.07109375 0.18125
0 0.18359375 0.51640625 0.05078125 0.11953125
0 0.2171875 0.503125 0.04140625 0.14375
0 0.23515625 0.61484375 0.053125 0.3
0 0.27578125 0.59921875 0.07109375 0.22421875
0 0.2625 0.7703125 0.0890625 0.33984375
0 0.2578125 0.50390625 0.0375 0.115625
0 0.28515625 0.48515625 0.03046875 0.096875
0 0.33359375 0.77890625 0.06875 0.37890625
0 0.39453125 0.77890625 0.06640625 0.3640625
0 0.45703125 0.7734375 0.08359375 0.3671875
0 0.52109375 0.77421875 0.078125 0.38828125
0 0.58828125 0.7640625 0.08828125 0.35234375
0 0.6609375 0.75625 0.084375 0.3265625
0 0.7328125 0.75078125 0.0734375 0.2890625
0 0.81328125 0.77265625 0.07578125 0.28359375
0 0.89140625 0.81328125 0.07890625 0.36953125
0 0.928125 0.71640625 0.08203125 0.4328125
0 0.859375 0.6171875 0.07578125 0.23515625
0 0.79375 0.615625 0.0765625 0.18671875
0 0.33671875 0.56328125 0.0640625 0.17890625
0 0.334375 0.475 0.03984375 0.11015625
0 0.3625 0.5 0.03515625 0.115625
0 0.39140625 0.4796875 0.04296875 0.10859375
0 0.39140625 0.58671875 0.06640625 0.203125
0 0.41015625 0.5234375 0.03515625 0.0953125
0 0.4265625 0.50546875 0.03828125 0.134375
0 0.44453125 0.5953125 0.05859375 0.18671875
0 0.47265625 0.5703125 0.0484375 0.19609375
0 0.4953125 0.50078125 0.04296875 0.10625
0 0.5 0.5859375 0.05625 0.190625
0 0.52734375 0.528125 0.03515625 0.0859375
0 0.5375 0.5 0.0296875 0.11171875
0 0.5546875 0.69140625 0.06171875 0.40078125
0 0.571875 0.47734375 0.03125 0.075
0 0.58828125 0.54375 0.040625 0.1140625
0 0.6109375 0.5859375 0.06328125 0.175
0 0.61015625 0.5140625 0.04375 0.10234375
0 0.6359375 0.5 0.0375 0.10078125
0 0.66328125 0.57578125 0.0640625 0.16953125
0 0.65546875 0.50859375 0.0578125 0.125
0 0.6921875 0.53046875 0.03828125 0.11015625
0 0.7203125 0.59140625 0.0609375 0.1640625
0 0.7125 0.50625 0.0234375 0.0578125
0 0.68828125 0.45 0.03125 0.08984375
0 0.709375 0.4625 0.03515625 0.0671875
0 0.7421875 0.52109375 0.04609375 0.1140625
0 0.7671875 0.48984375 0.04296875 0.0875
0 0.7671875 0.565625 0.05 0.13828125
0 0.834375 0.52890625 0.0578125 0.15078125
0 0.8046875 0.4875 0.0515625 0.10625
0 0.3078125 0.5140625 0.0328125 0.09921875
0 0.18828125 0.3125 0.0484375 0.0953125
0 0.51484375 0.1484375 0.0296875 0.0875
0 0.96875 0.4296875 0.06015625 0.0578125
0 0.98515625 0.6796875 0.02734375 0.08359375
0 0.99140625 0.93125 0.01484375 0.134375
0 0.4984375 0.43671875 0.01953125 0.06328125