0 0.87734375 0.5484375 0.13359375 0.4109375
0 0.77109375 0.603125 0.1234375 0.51875
0 0.74375 0.5421875 0.09765625 0.3546875
0 0.6578125 0.63984375 0.11015625 0.4890625
0 0.55390625 0.6015625 0.12109375 0.51875
0 0.4421875 0.6109375 0.11328125 0.58046875
0 0.384375 0.51796875 0.06328125 0.2625
0 0.31484375 0.5609375 0.10078125 0.43046875
0 0.30546875 0.53125 0.10234375 0.37265625
0 0.125 0.58515625 0.13671875 0.49140625
0 0.47890625 0.55859375 0.0359375 0.31796875
0 0.2703125 0.52265625 0.03203125 0.303125
0 0.30625 0.6640625 0.00625 0.01484375