0 0.69765625 0.41328125 0.00546875 0.021875
0 0.70703125 0.41171875 0.00625 0.021875
0 0.81015625 0.41484375 0.00546875 0.02578125
0 0.825 0.415625 0.00625 0.0265625
0 0.83359375 0.415625 0.00703125 0.028125
0 0.84140625 0.415625 0.00703125 0.03046875
0 0.8515625 0.41796875 0.0046875 0.02578125
0 0.8546875 0.4171875 0.00625 0.02734375
0 0.86015625 0.415625 0.00546875 0.03046875
0 0.86484375 0.41796875 0.0046875 0.02578125
0 0.875 0.41015625 0.00390625 0.01640625
0 0.88046875 0.415625 0.0046875 0.03046875
0 0.884375 0.41640625 0.00625 0.0296875
0 0.884375 0.41953125 0.00703125 0.02734375
0 0.9265625 0.4203125 0.00625 0.0265625
0 0.934375 0.41796875 0.0078125 0.0328125
0 0.95390625 0.41875 0.00703125 0.028125
0 0.96328125 0.41796875 0.00859375 0.028125
0 0.98515625 0.4171875 0.0078125 0.028125
0 0.990625 0.41953125 0.00546875 0.025
0 0.99609375 0.41875 0.00703125 0.02734375
0 0.32578125 0.69375 0.13203125 0.61171875
0 0.39140625 0.67265625 0.10390625 0.65390625
0 0.48828125 0.65546875 0.12890625 0.68828125
0 0.58984375 0.696875 0.11875 0.60546875
0 0.684375 0.7 0.11171875 0.59921875
0 0.796875 0.68515625 0.18046875 0.62734375
0 0.0296875 0.61953125 0.05859375 0.3109375
0 0.7046875 0.41953125 0.00703125 0.009375
0 0.87734375 0.4046875 0.00234375 0.0078125
0 0.19609375 0.40390625 0.00546875 0.01875