0 0.16171875 0.8359375 0.0546875 0.225
0 0.19296875 0.8484375 0.05390625 0.20625
0 0.24375 0.8375 0.05390625 0.225
0 0.28203125 0.84453125 0.046875 0.2125
0 0.3203125 0.8484375 0.0484375 0.2109375
0 0.36015625 0.85390625 0.0375 0.2109375
0 0.3921875 0.875 0.040625 0.215625
0 0.42265625 0.878125 0.04765625 0.2171875
0 0.45234375 0.8796875 0.0296875 0.20625
0 0.48046875 0.87265625 0.040625 0.2234375
0 0.51171875 0.86484375 0.046875 0.23359375
0 0.54453125 0.86484375 0.0453125 0.22890625
0 0.57734375 0.86875 0.040625 0.23046875
0 0.60703125 0.86953125 0.04375 0.22890625
0 0.640625 0.86484375 0.0484375 0.23984375
0 0.68046875 0.84765625 0.0484375 0.22421875
0 0.71953125 0.85546875 0.03671875 0.2046875
0 0.75625 0.85546875 0.04921875 0.21015625
0 0.79296875 0.84921875 0.04453125 0.22578125
0 0.82734375 0.83125 0.040625 0.20390625
0 0.85625 0.84609375 0.0484375 0.22890625
0 0.1875 0.80078125 0.03984375 0.2
0 0.21953125 0.8125 0.040625 0.2234375
0 0.27265625 0.81796875 0.04375 0.2203125
0 0.3734375 0.75 0.034375 0.07109375
0 0.390625 0.78828125 0.03984375 0.09765625
0 0.428125 0.77890625 0.04140625 0.0703125
0 0.459375 0.7671875 0.03359375 0.06953125
0 0.48984375 0.75703125 0.03671875 0.06328125
0 0.52265625 0.75546875 0.03515625 0.0703125
0 0.56015625 0.7578125 0.02578125 0.0703125
0 0.59453125 0.8453125 0.03046875 0.22265625
0 0.6140625 0.7625 0.03125 0.06328125
0 0.65078125 0.76484375 0.028125 0.05234375
0 0.6625 0.74765625 0.0265625 0.0578125
0 0.70234375 0.74921875 0.0375 0.08984375
0 0.74140625 0.825 0.04140625 0.2125
0 0.7640625 0.73828125 0.025 0.04921875
0 0.78984375 0.8265625 0.06015625 0.21328125
0 0.81796875 0.790625 0.040625 0.2
0 0.85625 0.7265625 0.03984375 0.0921875
0 0.26953125 0.71796875 0.03828125 0.075
0 0.29609375 0.7484375 0.02890625 0.08671875
0 0.35546875 0.74765625 0.02890625 0.09921875
0 0.38359375 0.71640625 0.02890625 0.06015625
0 0.4015625 0.7484375 0.034375 0.0734375
0 0.43515625 0.74609375 0.03671875 0.0703125
0 0.4765625 0.74296875 0.02578125 0.05703125
0 0.5375 0.7390625 0.0203125 0.03359375
0 0.5765625 0.74375 0.02109375 0.06171875
0 0.296875 0.70625 0.03359375 0.06796875
0 0.3296875 0.7109375 0.04296875 0.07890625
0 0.3640625 0.69765625 0.0359375 0.05625
0 0.384375 0.6859375 0.025 0.04609375
0 0.4046875 0.71328125 0.02890625 0.075
0 0.41953125 0.71875 0.03046875 0.0765625
0 0.43828125 0.69765625 0.0265625 0.05
0 0.465625 0.70859375 0.02265625 0.0578125
0 0.496875 0.71640625 0.01953125 0.0734375
0 0.521875 0.71015625 0.034375 0.08984375
0 0.5546875 0.71328125 0.0359375 0.08125
0 0.58515625 0.703125 0.03046875 0.065625
0 0.62421875 0.70625 0.02890625 0.0578125
0 0.665625 0.69375 0.03828125 0.0625
0 0.70703125 0.71640625 0.03203125 0.08046875
0 0.73828125 0.71640625 0.0390625 0.08046875
0 0.7734375 0.71328125 0.0375 0.07109375
0 0.25546875 0.6953125 0.0296875 0.07109375
0 0.3140625 0.6828125 0.0234375 0.05
0 0.35 0.678125 0.02734375 0.05546875
0 0.24296875 0.6890625 0.02890625 0.08515625
0 0.29140625 0.67890625 0.028125 0.0578125
0 0.33359375 0.66328125 0.0328125 0.05
0 0.371875 0.6765625 0.01953125 0.04609375
0 0.3984375 0.67734375 0.01796875 0.053125
0 0.41953125 0.68046875 0.02578125 0.05078125
0 0.4515625 0.68125 0.01953125 0.0546875
0 0.478125 0.67734375 0.03203125 0.07421875
0 0.5015625 0.68046875 0.02109375 0.0578125
0 0.5390625 0.68125 0.02578125 0.059375
0 0.5703125 0.684375 0.021875 0.04921875
0 0.584375 0.675 0.04296875 0.06171875
0 0.609375 0.684375 0.025 0.05234375
0 0.64453125 0.6828125 0.03203125 0.05859375
0 0.6984375 0.6890625 0.0359375 0.05546875
0 0.75 0.69375 0.0234375 0.0625
0 0.75859375 0.69140625 0.01953125 0.0578125
0 0.79375 0.709375 0.03359375 0.10078125
0 0.72265625 0.7140625 0.0203125 0.084375
0 0.45234375 0.72578125 0.025 0.04609375
0 0.32265625 0.80859375 0.040625 0.190625
0 0.49140625 0.7296875 0.02734375 0.0578125
0 0.53125 0.7125 0.015625 0.02890625
0 0.6078125 0.728125 0.04375 0.084375
0 0.63828125 0.73828125 0.02578125 0.08828125
0 0.67734375 0.715625 0.0359375 0.0640625
0 0.5171875 0.6796875 0.028125 0.046875
0 0.484375 0.66171875 0.01171875 0.0234375