0 0.14375 0.8140625 0.08515625 0.32421875
0 0.1859375 0.79296875 0.07578125 0.296875
0 0.26015625 0.78125 0.0828125 0.27265625
0 0.34609375 0.7546875 0.071875 0.26875
0 0.23359375 0.71953125 0.025 0.1140625
0 0.0703125 0.796875 0.08203125 0.35546875
0 0.23671875 0.66875 0.03125 0.0453125
0 0.2828125 0.68671875 0.02421875 0.09609375
0 0.21015625 0.70546875 0.0328125 0.16015625
0 0.02734375 0.79296875 0.0546875 0.35703125
0 0.096875 0.64375 0.03125 0.06171875
0 0.26484375 0.66015625 0.02890625 0.0734375
0 0.50859375 0.69453125 0.04921875 0.12265625
0 0.14375 0.66953125 0.065625 0.0734375
0 0.70234375 0.71953125 0.10703125 0.15
0 0.86953125 0.76171875 0.14296875 0.1828125
0 0.39375 0.67890625 0.05 0.09921875