0 0.06953125 0.72421875 0.1390625 0.54765625
0 0.16796875 0.60859375 0.1375 0.34140625
0 0.28359375 0.67421875 0.3890625 0.64921875
0 0.79453125 0.6515625 0.41015625 0.69453125
0 0.94375 0.44140625 0.1109375 0.4203125
0 0.528125 0.68671875 0.18359375 0.62421875
0 0.65 0.62265625 0.153125 0.4390625
0 0.73046875 0.42578125 0.2734375 0.58203125
0 0.80703125 0.2296875 0.1640625 0.35
0 0.0734375 0.40625 0.146875 0.35625
0 0.19765625 0.38125 0.1921875 0.34921875
0 0.196875 0.3234375 0.20703125 0.46640625
0 0.40703125 0.440625 0.22890625 0.43671875
0 0.3828125 0.2734375 0.1875 0.346875
0 0.48984375 0.3125 0.075 0.15703125
0 0.68984375 0.30859375 0.1046875 0.15859375
0 0.5265625 0.28203125 0.13671875 0.20234375