0 0.97109375 0.18671875 0.0546875 0.2046875
0 0.90078125 0.1421875 0.04296875 0.1296875
0 0.8984375 0.09609375 0.028125 0.06171875
0 0.85703125 0.1640625 0.0515625 0.14375
0 0.80859375 0.140625 0.053125 0.140625
0 0.7546875 0.1515625 0.034375 0.13359375
0 0.77421875 0.121875 0.025 0.115625
0 0.88828125 0.42109375 0.11796875 0.28125
0 0.821875 0.3328125 0.07109375 0.17421875
0 0.7421875 0.33671875 0.103125 0.2359375
0 0.6953125 0.30859375 0.071875 0.23828125
0 0.6484375 0.265625 0.06171875 0.1421875
0 0.60859375 0.26640625 0.0609375 0.1796875
0 0.596875 0.23203125 0.06328125 0.14375
0 0.5703125 0.21328125 0.0515625 0.08203125
0 0.5375 0.20625 0.0671875 0.11015625
0 0.5828125 0.08203125 0.03203125 0.0484375
0 0.471875 0.19921875 0.0484375 0.1046875
0 0.4171875 0.20234375 0.034375 0.07890625
0 0.375 0.2125 0.053125 0.09140625
0 0.32109375 0.26171875 0.05546875 0.17265625
0 0.32734375 0.45546875 0.1921875 0.5078125
0 0.76171875 0.5640625 0.11484375 0.3984375
0 0.64375 0.4015625 0.090625 0.134375
0 0.5875 0.3515625 0.1234375 0.1578125
0 0.55078125 0.296875 0.06328125 0.1421875
0 0.484375 0.29609375 0.06953125 0.13203125
0 0.5984375 0.66328125 0.2265625 0.47734375
0 0.50234375 0.57578125 0.1515625 0.37734375
0 0.45 0.465625 0.1296875 0.32109375
0 0.421875 0.4125 0.0796875 0.3015625
0 0.3953125 0.3109375 0.059375 0.13515625
0 0.259375 0.290625 0.0515625 0.17890625
0 0.2 0.3 0.07734375 0.209375
0 0.1671875 0.33359375 0.09453125 0.20859375
0 0.12578125 0.353125 0.14296875 0.1671875
0 0.13515625 0.4375 0.26328125 0.23203125
0 0.13203125 0.503125 0.2640625 0.215625
0 0.14375 0.78515625 0.2875 0.2890625
0 0.12109375 0.1859375 0.06640625 0.128125
0 0.1421875 0.15625 0.06953125 0.16875
0 0.184375 0.1640625 0.04453125 0.134375
0 0.26171875 0.15234375 0.03671875 0.1046875
0 0.3078125 0.13203125 0.021875 0.09140625
0 0.2359375 0.1375 0.03125 0.121875
0 0.27109375 0.12265625 0.034375 0.1171875
0 0.2203125 0.121875 0.021875 0.09453125
0 0.196875 0.1046875 0.0203125 0.07109375
0 0.21171875 0.11953125 0.02734375 0.09140625
0 0.8859375 0.0984375 0.02421875 0.078125
0 0.7875 0.1140625 0.01640625 0.09921875
0 0.16484375 0.1515625 0.0484375 0.11640625
0 0.75078125 0.08046875 0.0171875 0.028125
0 0.4359375 0.22109375 0.03515625 0.0765625
0 0.36015625 0.2703125 0.06171875 0.11015625
0 0.23203125 0.0734375 0.0375 0.0328125
0 0.05625 0.12734375 0.10625 0.1171875
0 0.14765625 0.06796875 0.07109375 0.03203125
0 0.990625 0.62109375 0.015625 0.0671875