0 0.125 0.74453125 0.14140625 0.421875
0 0.21328125 0.73046875 0.14453125 0.43515625
0 0.32265625 0.72890625 0.11875 0.421875
0 0.4234375 0.72109375 0.11171875 0.425
0 0.52109375 0.7265625 0.08671875 0.38984375
0 0.5953125 0.72421875 0.078125 0.39140625
0 0.66796875 0.7296875 0.07890625 0.403125
0 0.784375 0.72421875 0.14140625 0.40859375
0 0.9 0.72265625 0.15234375 0.43203125
0 0.7765625 0.5625 0.09296875 0.275
0 0.67734375 0.56640625 0.078125 0.29296875
0 0.58046875 0.55546875 0.11015625 0.321875
0 0.47890625 0.53359375 0.09375 0.28359375
0 0.39453125 0.53046875 0.084375 0.21484375
0 0.08515625 0.471875 0.09296875 0.53671875
0 0.16953125 0.45078125 0.10078125 0.49140625
0 0.2578125 0.46328125 0.109375 0.546875
0 0.34453125 0.425 0.08359375 0.3703125
0 0.5 0.38671875 0.07890625 0.3
0 0.6125 0.4390625 0.1 0.39140625
0 0.70078125 0.44609375 0.090625 0.475
0 0.7953125 0.37890625 0.08671875 0.2984375