0 0.1203125 0.60390625 0.04375 0.06640625
0 0.221875 0.52421875 0.03125 0.08125
0 0.24375 0.4984375 0.02890625 0.065625
0 0.28828125 0.56015625 0.0296875 0.125
0 0.3421875 0.53125 0.025 0.07421875
0 0.1609375 0.59140625 0.0375 0.078125
0 0.18046875 0.675 0.04296875 0.1421875
0 0.06171875 0.884375 0.034375 0.10546875
0 0.0828125 0.953125 0.03125 0.090625
0 0.1203125 0.9328125 0.09921875 0.13359375
0 0.1875 0.91640625 0.065625 0.1640625
0 0.1484375 0.88046875 0.04609375 0.12109375
0 0.43359375 0.78046875 0.0640625 0.2625
0 0.39453125 0.76640625 0.04453125 0.221875
0 0.35703125 0.7265625 0.05546875 0.24609375
0 0.321875 0.7125 0.04375 0.2375
0 0.31796875 0.67109375 0.04140625 0.203125
0 0.38046875 0.6234375 0.04453125 0.1
0 0.37734375 0.56796875 0.05234375 0.109375
0 0.4265625 0.5890625 0.04765625 0.1890625
0 0.3984375 0.5421875 0.04296875 0.1734375
0 0.8828125 0.93984375 0.0484375 0.11953125
0 0.79609375 0.91171875 0.0640625 0.17578125
0 0.684375 0.84375 0.06015625 0.19140625
0 0.6140625 0.84609375 0.053125 0.19609375
0 0.66484375 0.76328125 0.05078125 0.1
0 0.64375 0.74296875 0.04921875 0.12578125
0 0.66171875 0.69296875 0.0359375 0.06640625
0 0.50625 0.76328125 0.0703125 0.2640625
0 0.54765625 0.75859375 0.0390625 0.23828125
0 0.59765625 0.70234375 0.059375 0.11328125
0 0.6390625 0.6828125 0.034375 0.13671875
0 0.61875 0.67109375 0.0375 0.16171875
0 0.5578125 0.62578125 0.040625 0.109375
0 0.6015625 0.60625 0.03203125 0.1125
0 0.61796875 0.5859375 0.0296875 0.0640625
0 0.5875 0.57734375 0.025 0.0640625
0 0.54375 0.62265625 0.0515625 0.140625
0 0.55 0.56015625 0.0140625 0.02578125
0 0.66171875 0.6171875 0.03046875 0.17109375
0 0.63671875 0.571875 0.0296875 0.0953125
0 0.60078125 0.54296875 0.01953125 0.03984375
0 0.62578125 0.53359375 0.0234375 0.0609375
0 0.6703125 0.52109375 0.01875 0.10625
0 0.65625 0.49296875 0.0234375 0.0796875
0 0.62578125 0.51796875 0.02890625 0.1046875
0 0.59921875 0.49375 0.02890625 0.10390625
0 0.67109375 0.4453125 0.0328125 0.05234375
0 0.63828125 0.45859375 0.03359375 0.09375
0 0.6015625 0.42890625 0.0203125 0.10625
0 0.58828125 0.3890625 0.02265625 0.04609375
0 0.62265625 0.4359375 0.0234375 0.06640625
0 0.64453125 0.4015625 0.01953125 0.059375
0 0.65703125 0.41875 0.01796875 0.084375
0 0.60390625 0.38046875 0.01875 0.0375
0 0.57578125 0.3796875 0.01015625 0.05390625
0 0.58046875 0.378125 0.0203125 0.0546875
0 0.45390625 0.546875 0.03203125 0.13828125
0 0.4765625 0.55 0.03515625 0.146875
0 0.50546875 0.5578125 0.0328125 0.15546875
0 0.53828125 0.52109375 0.03203125 0.11328125
0 0.54921875 0.49765625 0.01953125 0.08671875
0 0.50234375 0.48828125 0.03125 0.06171875
0 0.47734375 0.47265625 0.028125 0.0546875
0 0.5015625 0.440625 0.02734375 0.0796875
0 0.5390625 0.42421875 0.028125 0.0859375
0 0.54921875 0.4109375 0.0140625 0.0953125
0 0.53203125 0.41875 0.015625 0.11015625
0 0.515625 0.41640625 0.021875 0.103125
0 0.4953125 0.396875 0.0234375 0.06796875
0 0.46875 0.42578125 0.0203125 0.09765625
0 0.38828125 0.42109375 0.00546875 0.05234375
0 0.42109375 0.36640625 0.02265625 0.05625
0 0.5 0.36171875 0.0203125 0.04375
0 0.471875 0.396875 0.02734375 0.10625
0 0.521875 0.3609375 0.0203125 0.0734375
0 0.4828125 0.359375 0.01640625 0.05546875
0 0.465625 0.33984375 0.02109375 0.04453125
0 0.45546875 0.33515625 0.01484375 0.03828125
0 0.446875 0.328125 0.0125 0.053125
0 0.509375 0.3296875 0.01484375 0.07578125
0 0.49453125 0.32421875 0.0203125 0.06953125
0 0.475 0.3140625 0.01796875 0.04453125
0 0.534375 0.325 0.01328125 0.0765625
0 0.55 0.33203125 0.01015625 0.0515625
0 0.528125 0.3234375 0.01328125 0.0515625
0 0.040625 0.5125 0.08046875 0.259375
0 0.23125 0.48125 0.25546875 0.15234375
0 0.7625 0.61796875 0.11796875 0.1484375
0 0.63671875 0.375 0.10078125 0.12421875
0 0.49765625 0.25390625 0.1171875 0.13984375
0 0.61796875 0.4625 0.0140625 0.0609375
0 0.56875 0.11015625 0.01328125 0.01015625
0 0.6265625 0.14296875 0.03828125 0.02578125
0 0.66796875 0.2125 0.03046875 0.015625
0 0.58515625 0.21171875 0.01796875 0.01875
0 0.0546875 0.14453125 0.0359375 0.053125
0 0.1390625 0.10078125 0.20546875 0.01875