0 0.01484375 0.55625 0.0296875 0.13828125
0 0.0375 0.5515625 0.034375 0.12890625
0 0.06640625 0.5546875 0.03046875 0.1171875
0 0.08359375 0.55234375 0.0421875 0.12578125
0 0.10546875 0.5484375 0.03125 0.12265625
0 0.13203125 0.528125 0.01484375 0.05625
0 0.26328125 0.68125 0.090625 0.52578125
0 0.34296875 0.6921875 0.10859375 0.45
0 0.425 0.6875 0.096875 0.41953125
0 0.48359375 0.65703125 0.103125 0.42734375
0 0.57109375 0.66171875 0.0875 0.4109375
0 0.6578125 0.665625 0.096875 0.41015625
0 0.75078125 0.54140625 0.01953125 0.0828125
0 0.76796875 0.5390625 0.021875 0.07578125
0 0.76171875 0.5359375 0.01640625 0.07890625
0 0.853125 0.5484375 0.02890625 0.06875
0 0.7078125 0.57578125 0.0375 0.0671875