0 0.77265625 0.64765625 0.321875 0.70234375
0 0.921875 0.67421875 0.1546875 0.625
0 0.878125 0.61796875 0.06875 0.53203125
0 0.1984375 0.65078125 0.23125 0.696875
0 0.421875 0.64140625 0.2375 0.71484375
0 0.02265625 0.5875 0.03125 0.2453125
0 0.02578125 0.5859375 0.0390625 0.24375
0 0.60234375 0.6296875 0.1484375 0.62578125
0 0.675 0.38203125 0.0515625 0.12265625
0 0.484375 0.64140625 0.14296875 0.68046875
0 0.33203125 0.58671875 0.109375 0.7203125
0 0.1203125 0.67734375 0.06015625 0.4625
0 0.11171875 0.65078125 0.0609375 0.45234375
0 0.5578125 0.6546875 0.06484375 0.52578125
0 0.4765625 0.24375 0.275 0.28671875
0 0.3 0.61796875 0.09609375 0.62265625
0 0.19140625 0.7015625 0.196875 0.5953125
0 0.06875 0.50859375 0.02890625 0.06328125
0 0.28515625 0.41015625 0.0140625 0.040625
0 0.5546875 0.65078125 0.0796875 0.5578125
0 0.89375 0.29921875 0.20703125 0.125
0 0.69921875 0.29296875 0.165625 0.05234375
0 0.2671875 0.425 0.04921875 0.08203125