0 0.12421875 0.6328125 0.2484375 0.509375
0 0.14375 0.4390625 0.15625 0.38046875
0 0.26640625 0.49140625 0.1 0.55625
0 0.32421875 0.5296875 0.115625 0.575
0 0.425 0.509375 0.1046875 0.40859375
0 0.490625 0.51796875 0.0921875 0.5140625
0 0.57734375 0.3625 0.10625 0.25625
0 0.63046875 0.26875 0.08125 0.18984375
0 0.68671875 0.53671875 0.128125 0.5984375
0 0.7390625 0.37421875 0.0890625 0.3265625
0 0.77265625 0.53671875 0.1953125 0.5609375
0 0.915625 0.54140625 0.165625 0.6125
0 0.35390625 0.6453125 0.175 0.51171875
0 0.5640625 0.64453125 0.1890625 0.5796875