0 0.7734375 0.69609375 0.171875 0.60390625
0 0.68203125 0.62890625 0.078125 0.41328125
0 0.8671875 0.65703125 0.04609375 0.31171875
0 0.54609375 0.59921875 0.06640625 0.334375
0 0.49453125 0.559375 0.04296875 0.23515625
0 0.4453125 0.56875 0.0484375 0.22734375
0 0.39453125 0.70859375 0.03671875 0.4796875
0 0.475 0.565625 0.03046875 0.19140625
0 0.61171875 0.60390625 0.06484375 0.290625
0 0.72890625 0.46328125 0.04765625 0.1015625
0 0.40625 0.52265625 0.03125 0.15078125
0 0.95859375 0.59140625 0.08046875 0.2921875
0 0.65546875 0.47890625 0.02890625 0.0515625