0 0.04375 0.590625 0.08671875 0.47890625
0 0.21484375 0.5421875 0.28984375 0.9140625
0 0.20234375 0.628125 0.18203125 0.7421875
0 0.365625 0.59296875 0.14375 0.64140625
0 0.44375 0.57265625 0.0796875 0.42734375
0 0.50859375 0.61953125 0.13984375 0.53359375
0 0.56953125 0.58359375 0.0765625 0.47578125
0 0.6546875 0.5796875 0.1 0.4234375
0 0.7421875 0.63984375 0.1765625 0.71953125
0 0.75 0.603125 0.1640625 0.525
0 0.8234375 0.5875 0.065625 0.32421875
0 0.30390625 0.3703125 0.040625 0.0703125
0 0.61171875 0.44609375 0.03984375 0.03984375
0 0.53046875 0.41875 0.025 0.02109375
0 0.43359375 0.4375 0.028125 0.05859375