0 0.19453125 0.609375 0.03359375 0.203125
0 0.21328125 0.6296875 0.07265625 0.28828125
0 0.26328125 0.6265625 0.0640625 0.19921875
0 0.30390625 0.6171875 0.05859375 0.23359375
0 0.365625 0.63203125 0.03046875 0.1453125
0 0.3921875 0.60390625 0.02109375 0.09453125
0 0.396875 0.63359375 0.0640625 0.19921875
0 0.4359375 0.63046875 0.0765625 0.26484375
0 0.49375 0.64296875 0.06171875 0.26484375
0 0.5328125 0.6046875 0.0234375 0.159375
0 0.5734375 0.640625 0.19375 0.59453125
0 0.6703125 0.6640625 0.14453125 0.6359375
0 0.74375 0.6421875 0.028125 0.14609375
0 0.7640625 0.6046875 0.02109375 0.0546875
0 0.78671875 0.58828125 0.053125 0.078125
0 0.8171875 0.6078125 0.0140625 0.0375
0 0.83515625 0.6234375 0.01640625 0.084375
0 0.8453125 0.63515625 0.01953125 0.109375
0 0.85859375 0.603125 0.01171875 0.03046875
0 0.859375 0.63828125 0.0328125 0.06328125
0 0.8859375 0.653125 0.04140625 0.125
0 0.90078125 0.64140625 0.05078125 0.17265625
0 0.91640625 0.6328125 0.07109375 0.19609375
0 0.94609375 0.61328125 0.01953125 0.04296875
0 0.946875 0.63984375 0.0171875 0.05234375
0 0.96171875 0.63984375 0.0203125 0.0625
0 0.978125 0.6171875 0.0234375 0.1078125
0 0.98828125 0.65078125 0.021875 0.1828125
0 0.73125 0.57109375 0.00703125 0.03125
0 0.75546875 0.63671875 0.03046875 0.134375
0 0.85 0.60078125 0.06484375 0.04140625
0 0.4921875 0.64296875 0.0671875 0.22890625
0 0.95546875 0.615625 0.01171875 0.02578125
0 0.75625 0.59296875 0.01171875 0.015625