0 0.6328125 0.72109375 0.0109375 0.0375
0 0.63046875 0.54765625 0.00703125 0.02421875
0 0.63984375 0.54765625 0.00859375 0.03125
0 0.665625 0.55078125 0.00625 0.0328125
0 0.66875 0.546875 0.00625 0.0296875
0 0.5078125 0.51484375 0.01015625 0.025
0 0.37578125 0.684375 0.009375 0.0296875
0 0.359375 0.6734375 0.0125 0.04375
0 0.2359375 0.63671875 0.05390625 0.0515625
0 0.24921875 0.48515625 0.059375 0.03046875
0 0.5078125 0.72578125 0.0125 0.03359375
0 0.6046875 0.7296875 0.03984375 0.04765625
0 0.47890625 0.73359375 0.028125 0.046875
0 0.36015625 0.59765625 0.01171875 0.03046875