0 0.878125 0.82421875 0.2421875 0.34921875
0 0.93828125 0.52265625 0.12265625 0.64765625
0 0.87578125 0.36015625 0.1921875 0.7203125
0 0.7921875 0.15234375 0.08046875 0.3046875
0 0.72265625 0.27734375 0.1015625 0.55390625
0 0.675 0.1140625 0.1015625 0.228125
0 0.59609375 0.346875 0.1046875 0.69375
0 0.72578125 0.5375 0.18984375 0.51796875
0 0.6703125 0.77578125 0.17265625 0.44609375
0 0.4859375 0.69765625 0.16953125 0.60234375
0 0.54765625 0.53203125 0.1859375 0.78203125
0 0.3734375 0.6328125 0.1828125 0.73203125
0 0.496875 0.2171875 0.13671875 0.240625
0 0.47265625 0.22578125 0.115625 0.409375
0 0.33515625 0.196875 0.1109375 0.39375
0 0.24609375 0.478125 0.16640625 0.76484375
0 0.2203125 0.69609375 0.1640625 0.60546875
0 0.103125 0.66015625 0.17734375 0.67734375
0 0.07578125 0.39453125 0.1515625 0.453125
0 0.0734375 0.190625 0.128125 0.38125
0 0.97265625 0.503125 0.05234375 0.253125