0 0.83828125 0.68359375 0.075 0.20390625
0 0.95390625 0.56953125 0.07734375 0.45390625
0 0.89921875 0.56796875 0.05625 0.36875
0 0.8484375 0.540625 0.053125 0.25546875
0 0.8875 0.43671875 0.03984375 0.0890625
0 0.7765625 0.5703125 0.06328125 0.33359375
0 0.8703125 0.69296875 0.25703125 0.6109375
0 0.72890625 0.5609375 0.06796875 0.340625
0 0.66328125 0.625 0.05703125 0.18671875
0 0.62109375 0.63515625 0.07421875 0.18515625
0 0.57734375 0.62578125 0.05 0.18515625
0 0.53828125 0.640625 0.04453125 0.1890625
0 0.48984375 0.628125 0.065625 0.178125
0 0.45546875 0.6546875 0.090625 0.17578125
0 0.3953125 0.63046875 0.05078125 0.2015625
0 0.35546875 0.6390625 0.05859375 0.22578125
0 0.29140625 0.65 0.06875 0.2109375
0 0.2203125 0.7015625 0.08828125 0.17421875
0 0.05390625 0.5140625 0.09453125 0.38359375
0 0.11015625 0.490625 0.06328125 0.35546875
0 0.05390625 0.3515625 0.09140625 0.16328125
0 0.16640625 0.54140625 0.06640625 0.36484375
0 0.23984375 0.5359375 0.07109375 0.32421875
0 0.50703125 0.5640625 0.04765625 0.20546875
0 0.59140625 0.53125 0.04296875 0.13671875
0 0.54609375 0.52109375 0.05546875 0.1390625
0 0.47109375 0.54140625 0.034375 0.109375
0 0.44765625 0.5265625 0.025 0.05
0 0.41484375 0.56796875 0.046875 0.21328125
0 0.68125 0.53046875 0.03984375 0.26875
0 0.65 0.46171875 0.04140625 0.0796875
0 0.61015625 0.43828125 0.04609375 0.090625
0 0.56796875 0.484375 0.053125 0.228125
0 0.2796875 0.46953125 0.04296875 0.16875
0 0.39765625 0.36171875 0.04609375 0.109375
0 0.61015625 0.38828125 0.05546875 0.11328125
0 0.73359375 0.36484375 0.02421875 0.03671875
0 0.70703125 0.3734375 0.03046875 0.0796875
0 0.69609375 0.5140625 0.034375 0.29453125
0 0.54609375 0.409375 0.02734375 0.06328125
0 0.47578125 0.45390625 0.03828125 0.1296875
0 0.49453125 0.40546875 0.02265625 0.06328125
0 0.50546875 0.41875 0.03125 0.07421875
0 0.34765625 0.578125 0.06171875 0.159375
0 0.1328125 0.3515625 0.03046875 0.078125
0 0.215625 0.44375 0.06640625 0.271875
0 0.2578125 0.3609375 0.05703125 0.10390625
0 0.17265625 0.48203125 0.06171875 0.2796875
0 0.30859375 0.4765625 0.046875 0.23515625
0 0.403125 0.41796875 0.04609375 0.09453125
0 0.440625 0.41640625 0.04140625 0.0890625
0 0.35625 0.4046875 0.02265625 0.05
0 0.6453125 0.41015625 0.053125 0.14296875
0 0.43359375 0.39375 0.290625 0.08671875
0 0.73203125 0.56328125 0.05 0.23671875
0 0.63828125 0.61484375 0.02578125 0.09609375
0 0.19453125 0.35625 0.02578125 0.10546875
0 0.14765625 0.42578125 0.02421875 0.12578125