0 0.125 0.43828125 0.0921875 0.34140625
0 0.18203125 0.5140625 0.10546875 0.23046875
0 0.20234375 0.43671875 0.08359375 0.33359375
0 0.25859375 0.4484375 0.065625 0.30546875
0 0.25390625 0.31484375 0.03984375 0.09296875
0 0.29375 0.52265625 0.11484375 0.19609375
0 0.31796875 0.39453125 0.08515625 0.21015625
0 0.33671875 0.309375 0.04921875 0.1109375
0 0.36953125 0.44609375 0.096875 0.3296875
0 0.403125 0.51171875 0.0890625 0.234375
0 0.4109375 0.30546875 0.065625 0.10703125
0 0.41953125 0.38515625 0.0390625 0.16640625
0 0.45 0.45625 0.0703125 0.3296875
0 0.48984375 0.471875 0.10390625 0.32578125
0 0.51796875 0.51875 0.125 0.22421875
0 0.578125 0.4484375 0.08515625 0.3296875
0 0.6578125 0.47890625 0.0953125 0.37109375
0 0.4921875 0.2828125 0.121875 0.12890625
0 0.54453125 0.3296875 0.059375 0.15078125
0 0.58671875 0.29140625 0.0609375 0.103125
0 0.6546875 0.296875 0.0921875 0.14453125
0 0.71171875 0.4671875 0.07265625 0.36328125
0 0.796875 0.43046875 0.1265625 0.42421875
0 0.878125 0.50703125 0.11015625 0.4625
0 0.97734375 0.36484375 0.0390625 0.0953125
0 0.47578125 0.2859375 0.034375 0.04765625