0 0.90390625 0.7875 0.1328125 0.2265625
0 0.878125 0.71171875 0.0796875 0.12890625
0 0.89921875 0.59609375 0.05078125 0.04375
0 0.9484375 0.5015625 0.025 0.03125
0 0.965625 0.52734375 0.02734375 0.040625
0 0.98203125 0.54296875 0.03359375 0.0625
0 0.7796875 0.64140625 0.07265625 0.1359375
0 0.6859375 0.6359375 0.08203125 0.13359375
0 0.5421875 0.56171875 0.06875 0.090625
0 0.29609375 0.58828125 0.0484375 0.090625
0 0.18203125 0.5859375 0.06484375 0.0921875
0 0.0109375 0.5390625 0.021875 0.0609375
0 0.01484375 0.5640625 0.0296875 0.075
0 0.053125 0.57109375 0.0484375 0.08125
0 0.0515625 0.5296875 0.02734375 0.046875
0 0.0578125 0.540625 0.04296875 0.075
0 0.0875 0.56796875 0.0546875 0.096875
0 0.1734375 0.53828125 0.03125 0.05078125
0 0.20625 0.553125 0.0375 0.06953125
0 0.2015625 0.51171875 0.0171875 0.0234375
0 0.2171875 0.5375 0.02578125 0.06953125
0 0.22890625 0.540625 0.03125 0.06953125
0 0.2359375 0.5015625 0.01796875 0.025
0 0.259375 0.52265625 0.02890625 0.05390625
0 0.2828125 0.5296875 0.015625 0.0546875
0 0.3234375 0.525 0.025 0.05078125
0 0.3453125 0.5296875 0.025 0.053125
0 0.3625 0.52265625 0.021875 0.05546875
0 0.36953125 0.50703125 0.0234375 0.034375
0 0.378125 0.49921875 0.0140625 0.01484375
0 0.3859375 0.52265625 0.025 0.04375
0 0.390625 0.50546875 0.0234375 0.03046875
0 0.4125 0.509375 0.0234375 0.04765625
0 0.44296875 0.49375 0.01796875 0.0375
0 0.45546875 0.52421875 0.03125 0.05390625
0 0.48671875 0.52109375 0.02890625 0.04609375
0 0.6859375 0.49609375 0.01796875 0.0296875
0 0.7015625 0.5171875 0.01953125 0.0515625
0 0.709375 0.51484375 0.02109375 0.0515625
0 0.6453125 0.52734375 0.025 0.0484375
0 0.6578125 0.52265625 0.02578125 0.05546875
0 0.615625 0.528125 0.0234375 0.0578125
0 0.6265625 0.52421875 0.0296875 0.0609375
0 0.51640625 0.503125 0.01953125 0.0390625
0 0.53984375 0.5015625 0.021875 0.0390625
0 0.5578125 0.49765625 0.01953125 0.03984375
0 0.57734375 0.50625 0.01953125 0.040625
0 0.459375 0.49140625 0.01171875 0.02265625
0 0.475 0.48359375 0.0171875 0.01640625
0 0.33203125 0.49765625 0.01328125 0.0203125
0 0.3453125 0.49296875 0.01796875 0.0296875
0 0.365625 0.49375 0.01796875 0.01640625
0 0.4953125 0.515625 0.021875 0.053125
0 0.54140625 0.484375 0.015625 0.01171875
0 0.584375 0.50078125 0.015625 0.03828125
0 0.2671875 0.475 0.03515625 0.0421875
0 0.49765625 0.48359375 0.04453125 0.0203125
0 0.5484375 0.4765625 0.04140625 0.0140625
0 0.5765625 0.478125 0.01796875 0.01484375
0 0.61484375 0.478125 0.06015625 0.03203125
0 0.6 0.5046875 0.02734375 0.0203125
0 0.7171875 0.4765625 0.1 0.0328125
0 0.9859375 0.4796875 0.025 0.0671875
0 0.821875 0.0796875 0.07421875 0.13984375
0 0.49140625 0.115625 0.05625 0.12890625
0 0.86640625 0.346875 0.02734375 0.03828125
0 0.90078125 0.378125 0.015625 0.025
0 0.95390625 0.3453125 0.0328125 0.0390625
0 0.9703125 0.384375 0.02578125 0.0359375
0 0.31953125 0.503125 0.04296875 0.0265625
0 0.42421875 0.4734375 0.02578125 0.02421875
0 0.9859375 0.8484375 0.02578125 0.0609375
0 0.3703125 0.496875 0.009375 0.00859375
0 0.38828125 0.52265625 0.03125 0.02265625
0 0.3921875 0.490625 0.03125 0.021875
0 0.446875 0.49296875 0.0140625 0.0390625
0 0.57109375 0.50078125 0.0140625 0.034375
0 0.63046875 0.525 0.02578125 0.059375
0 0.95859375 0.4828125 0.02109375 0.0375
0 0.99375 0.5421875 0.009375 0.05625