0 0.30859375 0.46796875 0.0265625 0.0671875
0 0.34375 0.46171875 0.0203125 0.06640625
0 0.37109375 0.4765625 0.0234375 0.075
0 0.40546875 0.47421875 0.0203125 0.0703125
0 0.43515625 0.465625 0.01953125 0.059375
0 0.44609375 0.4671875 0.025 0.06171875
0 0.478125 0.46328125 0.01484375 0.0546875
0 0.49453125 0.478125 0.0328125 0.0859375
0 0.4390625 0.4921875 0.0234375 0.05
0 0.46796875 0.51953125 0.04140625 0.096875
0 0.5546875 0.47734375 0.02578125 0.084375
0 0.6109375 0.459375 0.0234375 0.040625
0 0.5859375 0.5125 0.0546875 0.0640625
0 0.51015625 0.52734375 0.04765625 0.109375
0 0.4015625 0.540625 0.04140625 0.08125
0 0.34375 0.54765625 0.0453125 0.06484375
0 0.30625 0.5375 0.0421875 0.1046875
0 0.459375 0.6 0.0734375 0.1625
0 0.51953125 0.62421875 0.0890625 0.21875
0 0.5640625 0.55078125 0.0484375 0.07109375
0 0.671875 0.58125 0.0796875 0.13046875
0 0.81953125 0.56640625 0.0859375 0.13359375
0 0.72734375 0.49921875 0.0296875 0.0671875
0 0.75625 0.50078125 0.028125 0.06953125
0 0.803125 0.47578125 0.02578125 0.02890625
0 0.8609375 0.51875 0.04140625 0.04296875
0 0.9578125 0.58125 0.0828125 0.125
0 0.984375 0.54609375 0.0296875 0.0953125
0 0.13671875 0.77265625 0.15234375 0.39375
0 0.3921875 0.7109375 0.12109375 0.25234375
0 0.5625 0.7609375 0.14453125 0.35625
0 0.771875 0.78828125 0.15546875 0.396875
0 0.959375 0.58671875 0.0765625 0.12109375
0 0.0890625 0.503125 0.0328125 0.13125
0 0.046875 0.47734375 0.0125 0.040625
0 0.06171875 0.4796875 0.0171875 0.07890625
0 0.04375 0.5984375 0.0578125 0.159375
0 0.1390625 0.53125 0.03828125 0.0734375
0 0.10703125 0.57578125 0.04453125 0.14921875
0 0.21328125 0.5640625 0.0578125 0.13125
0 0.23515625 0.6015625 0.06171875 0.13203125
0 0.153125 0.603125 0.09921875 0.10859375
0 0.3890625 0.87890625 0.77734375 0.23984375