0 0.34296875 0.77421875 0.15703125 0.42578125
0 0.546875 0.6578125 0.12109375 0.58125
0 0.6671875 0.675 0.1140625 0.54140625
0 0.75859375 0.6671875 0.10390625 0.528125
0 0.478125 0.67109375 0.071875 0.46953125
0 0.43984375 0.634375 0.08046875 0.41484375
0 0.34453125 0.5828125 0.11015625 0.36484375
0 0.21640625 0.675 0.128125 0.54453125
0 0.2765625 0.60234375 0.09375 0.4578125
0 0.4140625 0.3953125 0.06484375 0.22734375
0 0.44140625 0.33828125 0.12578125 0.259375
0 0.6015625 0.6453125 0.090625 0.54921875
0 0.7125 0.64921875 0.04765625 0.50078125
0 0.65390625 0.4140625 0.08515625 0.1578125