0 0.2984375 0.53046875 0.03125 0.0921875
0 0.52734375 0.075 0.08203125 0.1171875
0 0.45234375 0.41875 0.03203125 0.10859375
0 0.475 0.41875 0.028125 0.10859375
0 0.50078125 0.41171875 0.028125 0.1140625
0 0.5296875 0.365625 0.03515625 0.0953125
0 0.1859375 0.603125 0.03046875 0.0875
0 0.22109375 0.61015625 0.04765625 0.096875
0 0.09453125 0.9671875 0.03046875 0.06328125
0 0.1234375 0.9734375 0.02265625 0.05
0 0.12421875 0.95390625 0.01640625 0.03671875
0 0.14453125 0.95625 0.02734375 0.08515625
0 0.35 0.7984375 0.00859375 0.028125
0 0.36171875 0.8109375 0.0046875 0.03203125
0 0.43125 0.83671875 0.00859375 0.03984375
0 0.43671875 0.83359375 0.0078125 0.0421875
0 0.2765625 0.7953125 0.009375 0.03203125
0 0.259375 0.796875 0.009375 0.028125
0 0.47578125 0.825 0.0078125 0.03671875
0 0.48359375 0.8421875 0.00625 0.03515625
0 0.49375 0.83984375 0.0125 0.03984375
0 0.50703125 0.8390625 0.0109375 0.040625
0 0.5421875 0.88671875 0.01171875 0.05390625
0 0.55625 0.88515625 0.0140625 0.0484375
0 0.5734375 0.87421875 0.015625 0.05
0 0.56875 0.8515625 0.009375 0.0421875
0 0.58671875 0.878125 0.0125 0.05234375
0 0.61015625 0.90234375 0.01484375 0.06015625
0 0.628125 0.8921875 0.0203125 0.05703125
0 0.66328125 0.88671875 0.0125 0.03671875
0 0.6765625 0.8328125 0.0140625 0.040625
0 0.7125 0.8125 0.009375 0.03828125
0 0.7515625 0.91015625 0.0171875 0.06015625
0 0.76484375 0.9046875 0.01640625 0.06171875
0 0.7640625 0.8640625 0.01484375 0.02890625
0 0.78515625 0.88046875 0.0140625 0.06015625
0 0.80625 0.91875 0.025 0.065625
0 0.75078125 0.81484375 0.009375 0.03359375
0 0.83515625 0.88359375 0.015625 0.05390625
0 0.825 0.896875 0.009375 0.03671875
0 0.8484375 0.90390625 0.0171875 0.06015625
0 0.8640625 0.9203125 0.02265625 0.06328125
0 0.82421875 0.93359375 0.021875 0.06328125
0 0.909375 0.83828125 0.0125 0.028125
0 0.940625 0.90546875 0.0171875 0.06015625
0 0.9171875 0.9359375 0.01953125 0.0703125
0 0.70546875 0.90234375 0.01875 0.05390625
0 0.6875 0.8984375 0.0140625 0.0515625
0 0.6765625 0.87734375 0.01171875 0.05234375
0 0.6515625 0.86171875 0.009375 0.03359375
0 0.69921875 0.87734375 0.01171875 0.03828125
0 0.7359375 0.9203125 0.0171875 0.075
0 0.89609375 0.990625 0.02265625 0.01640625
0 0.12421875 0.63671875 0.0265625 0.10234375
0 0.275 0.51875 0.0375 0.071875
0 0.2015625 0.22734375 0.084375 0.115625
0 0.65625 0.56328125 0.146875 0.3703125
0 0.49453125 0.59921875 0.14765625 0.20078125
0 0.12109375 0.8828125 0.08203125 0.12578125
0 0.1734375 0.76953125 0.3453125 0.11875
0 0.38203125 0.8921875 0.0375 0.025
0 0.29140625 0.88203125 0.03828125 0.021875
0 0.21171875 0.91875 0.0609375 0.03671875
0 0.50703125 0.90078125 0.034375 0.0203125
0 0.4703125 0.8359375 0.246875 0.12890625
0 0.796875 0.88203125 0.4046875 0.2328125
0 0.8578125 0.75 0.06875 0.03203125
0 0.75078125 0.7203125 0.04296875 0.0640625
0 0.38203125 0.71953125 0.0703125 0.025