0 0.98203125 0.48515625 0.03359375 0.18359375
0 0.64375 0.553125 0.08984375 0.40390625
0 0.5734375 0.53828125 0.075 0.41328125
0 0.525 0.53203125 0.06953125 0.37734375
0 0.4921875 0.57578125 0.1140625 0.37734375
0 0.45625 0.5765625 0.15234375 0.415625
0 0.3546875 0.590625 0.11640625 0.37265625
0 0.4078125 0.58203125 0.0890625 0.375
0 0.26796875 0.57421875 0.08828125 0.421875
0 0.096875 0.48359375 0.07421875 0.24921875
0 0.06171875 0.4546875 0.0703125 0.253125
0 0.13046875 0.4234375 0.0609375 0.228125
0 0.0390625 0.39609375 0.0546875 0.20078125
0 0.2015625 0.39140625 0.04375 0.175
0 0.19296875 0.37421875 0.03828125 0.14375
0 0.1546875 0.38671875 0.04609375 0.18359375
0 0.10390625 0.33359375 0.03828125 0.08203125
0 0.121875 0.30390625 0.02890625 0.07578125
0 0.1484375 0.3015625 0.025 0.053125
0 0.1640625 0.29140625 0.02421875 0.04453125
0 0.17578125 0.26484375 0.025 0.04296875
0 0.1515625 0.26953125 0.0265625 0.05546875
0 0.19765625 0.2765625 0.021875 0.059375
0 0.215625 0.284375 0.021875 0.09375
0 0.26015625 0.28671875 0.02109375 0.08828125
0 0.2328125 0.29453125 0.015625 0.07890625
0 0.26015625 0.25078125 0.01484375 0.03125
0 0.21953125 0.23984375 0.01875 0.02578125
0 0.1921875 0.22734375 0.0203125 0.04453125
0 0.70078125 0.30546875 0.01953125 0.08515625
0 0.725 0.29765625 0.02734375 0.09140625
0 0.7578125 0.3015625 0.0296875 0.10078125
0 0.90078125 0.25546875 0.0171875 0.0625
0 0.89765625 0.22734375 0.0171875 0.034375
0 0.915625 0.23828125 0.01640625 0.05546875
0 0.1671875 0.36953125 0.02265625 0.14296875
0 0.690625 0.31328125 0.02421875 0.08828125
0 0.23203125 0.246875 0.0140625 0.01640625
0 0.17109375 0.2484375 0.03203125 0.03046875
0 0.19921875 0.24375 0.0234375 0.025
0 0.32734375 0.16640625 0.0953125 0.04296875
0 0.78828125 0.3765625 0.0671875 0.034375
0 0.65 0.3421875 0.053125 0.028125
0 0.61953125 0.23203125 0.05859375 0.04609375
0 0.9 0.20703125 0.02421875 0.02890625
0 0.01328125 0.4125 0.02578125 0.12890625
0 0.26640625 0.25625 0.01171875 0.0625