0 0.91328125 0.87578125 0.02890625 0.11875
0 0.89140625 0.87265625 0.025 0.11640625
0 0.87578125 0.87578125 0.01953125 0.11015625
0 0.9640625 0.80546875 0.021875 0.13125
0 0.9875 0.79453125 0.0234375 0.13515625
0 0.8953125 0.79609375 0.01875 0.09140625
0 0.878125 0.78828125 0.01953125 0.10234375
0 0.85703125 0.79765625 0.0265625 0.12109375
0 0.8921875 0.70625 0.03046875 0.10390625
0 0.8265625 0.76875 0.03203125 0.12109375
0 0.8203125 0.72578125 0.02109375 0.08515625
0 0.79140625 0.74296875 0.02890625 0.12734375
0 0.7640625 0.73984375 0.0234375 0.12890625
0 0.7546875 0.68359375 0.02109375 0.10859375
0 0.7984375 0.659375 0.01875 0.06484375
0 0.8109375 0.64140625 0.02421875 0.1
0 0.77734375 0.621875 0.0234375 0.08515625
0 0.75390625 0.61328125 0.01953125 0.08984375
0 0.7390625 0.61640625 0.02109375 0.10390625
0 0.7015625 0.58671875 0.025 0.10625
0 0.6875 0.60625 0.02109375 0.1125
0 0.665625 0.60859375 0.021875 0.1
0 0.6765625 0.58046875 0.021875 0.11484375
0 0.64609375 0.58515625 0.01953125 0.10859375
0 0.61796875 0.58359375 0.0234375 0.10859375
0 0.62890625 0.57734375 0.0140625 0.09140625
0 0.63671875 0.55390625 0.01640625 0.09140625
0 0.5953125 0.54921875 0.0140625 0.09375
0 0.575 0.55625 0.01640625 0.08359375
0 0.55859375 0.54140625 0.01640625 0.09140625
0 0.5484375 0.55625 0.015625 0.0875
0 0.48984375 0.46171875 0.0140625 0.07265625
0 0.47734375 0.45546875 0.0140625 0.07265625
0 0.8046875 0.57578125 0.021875 0.05234375
0 0.85546875 0.73359375 0.03203125 0.14609375
0 0.2484375 0.2375 0.1234375 0.17109375
0 0.15546875 0.1375 0.05390625 0.08359375
0 0.10625 0.11171875 0.03046875 0.05625
0 0.23984375 0.7 0.0453125 0.04140625
0 0.1875 0.79921875 0.046875 0.03984375
0 0.153125 0.56953125 0.03984375 0.03125
0 0.67890625 0.478125 0.0375 0.04375
0 0.82421875 0.69453125 0.0375 0.06015625
0 0.803125 0.77890625 0.01796875 0.10859375
0 0.346875 0.05625 0.02109375 0.05390625
0 0.853125 0.865625 0.021875 0.12265625
0 0.80625 0.446875 0.03046875 0.08984375
0 0.746875 0.41953125 0.03984375 0.13984375
0 0.878125 0.42890625 0.0375 0.10390625
0 0.946875 0.43203125 0.0375 0.11484375