0 0.86796875 0.8609375 0.26171875 0.27734375
0 0.32890625 0.61171875 0.3015625 0.73984375
0 0.07421875 0.63125 0.1484375 0.646875
0 0.553125 0.42421875 0.140625 0.4109375
0 0.6703125 0.45234375 0.19140625 0.52109375
0 0.89609375 0.44765625 0.18828125 0.46328125
0 0.01640625 0.25390625 0.03203125 0.07890625
0 0.10078125 0.21640625 0.02890625 0.05859375
0 0.1359375 0.228125 0.03359375 0.0703125
0 0.21796875 0.22109375 0.03046875 0.0640625
0 0.24296875 0.2171875 0.0296875 0.06328125
0 0.31640625 0.2328125 0.03515625 0.08125
0 0.4703125 0.2453125 0.0375 0.08125
0 0.61953125 0.21171875 0.0203125 0.0484375
0 0.73515625 0.26484375 0.03828125 0.06015625
0 0.77578125 0.1921875 0.01640625 0.04140625
0 0.85703125 0.1828125 0.01328125 0.02890625
0 0.86015625 0.19140625 0.01796875 0.03125
0 0.87890625 0.19765625 0.0203125 0.04296875
0 0.884375 0.190625 0.0140625 0.0359375
0 0.9140625 0.190625 0.0265625 0.03828125
0 0.93125 0.20078125 0.0234375 0.04453125
0 0.93828125 0.190625 0.0078125 0.02890625
0 0.97890625 0.20078125 0.01640625 0.046875
0 0.259375 0.2765625 0.04296875 0.03828125
0 0.0578125 0.909375 0.115625 0.17890625
0 0.35703125 0.90859375 0.10859375 0.18046875
0 0.95625 0.20078125 0.01171875 0.01015625
0 0.98828125 0.19765625 0.02109375 0.0546875