0 0.89453125 0.66171875 0.1140625 0.4203125
0 0.821875 0.6140625 0.0703125 0.28203125
0 0.72109375 0.81953125 0.2140625 0.26171875
0 0.7671875 0.77734375 0.20390625 0.26484375
0 0.5421875 0.7953125 0.14296875 0.31328125
0 0.7109375 0.88671875 0.225 0.0953125
0 0.7453125 0.5921875 0.1046875 0.18671875
0 0.59609375 0.65859375 0.12265625 0.425
0 0.65546875 0.63828125 0.06953125 0.3359375
0 0.6796875 0.5546875 0.06640625 0.146875
0 0.3421875 0.68046875 0.1140625 0.478125
0 0.06875 0.5015625 0.04921875 0.09921875
0 0.02421875 0.5140625 0.04453125 0.12265625
0 0.0921875 0.49375 0.02890625 0.0875
0 0.05234375 0.46875 0.01796875 0.02578125
0 0.00859375 0.48984375 0.0171875 0.05
0 0.0109375 0.509375 0.02109375 0.1234375
0 0.1015625 0.47265625 0.01484375 0.04140625
0 0.19296875 0.709375 0.053125 0.1265625
0 0.26796875 0.32265625 0.08671875 0.1421875
0 0.17578125 0.47734375 0.0671875 0.08359375
0 0.0375 0.4640625 0.01328125 0.03515625
0 0.00859375 0.78125 0.0171875 0.16875
0 0.01484375 0.4765625 0.01015625 0.0171875