0 0.071875 0.56796875 0.0578125 0.1234375
0 0.1421875 0.5609375 0.046875 0.121875
0 0.1078125 0.5359375 0.01953125 0.06875
0 0.09453125 0.5390625 0.01796875 0.059375
0 0.19140625 0.534375 0.0140625 0.03828125
0 0.2671875 0.5375 0.01640625 0.053125
0 0.28125 0.5453125 0.02265625 0.03828125
0 0.34609375 0.54453125 0.02734375 0.08515625
0 0.3796875 0.53984375 0.0546875 0.08203125
0 0.41640625 0.5390625 0.03359375 0.08671875
0 0.475 0.53984375 0.03203125 0.07890625
0 0.5015625 0.5359375 0.02109375 0.05625
0 0.55703125 0.53046875 0.02578125 0.0640625
0 0.6 0.51171875 0.02578125 0.03828125
0 0.6171875 0.52890625 0.02421875 0.07890625
0 0.696875 0.50625 0.02734375 0.0484375
0 0.7140625 0.52109375 0.02265625 0.0546875
0 0.7484375 0.52421875 0.03671875 0.0671875
0 0.9703125 0.52265625 0.02265625 0.0640625
0 0.94140625 0.52421875 0.02265625 0.0609375
0 0.3765625 0.54140625 0.015625 0.04609375
0 0.403125 0.53125 0.01640625 0.046875
0 0.48828125 0.528125 0.0140625 0.03203125
0 0.98515625 0.50390625 0.0140625 0.03203125
0 0.9890625 0.52109375 0.015625 0.04609375
0 0.921875 0.484375 0.01953125 0.01953125
0 0.87265625 0.478125 0.01640625 0.03828125
0 0.853125 0.4953125 0.0140625 0.03984375
0 0.80625 0.4953125 0.0125 0.03046875
0 0.03046875 0.46484375 0.01796875 0.02734375
0 0.2125 0.53046875 0.02265625 0.03984375
0 0.4484375 0.5390625 0.03359375 0.05
0 0.53515625 0.5328125 0.02109375 0.04453125
0 0.96484375 0.46875 0.0671875 0.05
0 0.14765625 0.51171875 0.02109375 0.02890625
0 0.89921875 0.45703125 0.0484375 0.03046875