0 0.1984375 0.709375 0.05390625 0.2109375
0 0.271875 0.709375 0.04296875 0.190625
0 0.3375 0.78203125 0.09765625 0.425
0 0.34375 0.73671875 0.1203125 0.334375
0 0.4078125 0.690625 0.05078125 0.25859375
0 0.44375 0.63828125 0.01953125 0.07109375
0 0.50625 0.665625 0.04375 0.1875
0 0.5609375 0.69453125 0.028125 0.096875
0 0.6859375 0.68984375 0.0421875 0.20703125
0 0.853125 0.59453125 0.015625 0.05859375
0 0.903125 0.590625 0.0171875 0.07109375
0 0.8109375 0.60078125 0.01015625 0.0625
0 0.815625 0.5953125 0.01015625 0.0515625
0 0.828125 0.59453125 0.0125 0.05859375
0 0.6421875 0.60703125 0.2296875 0.0359375
0 0.2953125 0.62734375 0.03515625 0.08203125