0 0.96484375 0.64921875 0.05625 0.04765625
0 0.81171875 0.74296875 0.11484375 0.2375
0 0.71171875 0.73984375 0.1296875 0.278125
0 0.6421875 0.73671875 0.075 0.22734375
0 0.60390625 0.746875 0.075 0.24296875
0 0.48828125 0.7234375 0.1296875 0.23359375
0 0.37890625 0.75078125 0.1453125 0.24921875
0 0.2984375 0.7296875 0.1265625 0.2375
0 0.278125 0.715625 0.06796875 0.2265625
0 0.0765625 0.7375 0.11171875 0.2234375
0 0.01328125 0.63203125 0.0265625 0.0359375
0 0.015625 0.740625 0.03125 0.1953125
0 0.24609375 0.6265625 0.021875 0.0171875
0 0.046875 0.6109375 0.03203125 0.0125
0 0.38515625 0.6171875 0.04140625 0.01171875