0 0.12734375 0.61640625 0.2546875 0.765625
0 0.23515625 0.52578125 0.08203125 0.41328125
0 0.48203125 0.5 0.0875 0.3421875
0 0.73828125 0.48984375 0.08671875 0.346875
0 0.75703125 0.4828125 0.06953125 0.30078125
0 0.8828125 0.51640625 0.09453125 0.33359375
0 0.8578125 0.55078125 0.15546875 0.4703125
0 0.01953125 0.3359375 0.03828125 0.18984375
0 0.1609375 0.58046875 0.053125 0.5859375
0 0.9671875 0.621875 0.0640625 0.653125
0 0.85234375 0.24296875 0.05 0.10859375
0 0.9453125 0.2203125 0.03046875 0.06015625
0 0.69921875 0.26328125 0.021875 0.046875
0 0.5921875 0.26796875 0.0234375 0.0421875
0 0.3859375 0.26015625 0.065625 0.06640625
0 0.30546875 0.2546875 0.07734375 0.05703125
0 0.23125 0.27109375 0.02734375 0.03359375