0 0.796875 0.66484375 0.18046875 0.3625
0 0.884375 0.5375 0.03671875 0.07109375
0 0.909375 0.52421875 0.03515625 0.08984375
0 0.871875 0.49375 0.03046875 0.10859375
0 0.83359375 0.47734375 0.025 0.0625
0 0.79765625 0.52421875 0.0484375 0.22734375
0 0.74375 0.5375 0.05859375 0.29140625
0 0.725 0.540625 0.02734375 0.22265625
0 0.6875 0.54609375 0.053125 0.225
0 0.675 0.471875 0.01640625 0.07734375
0 0.6515625 0.52109375 0.03984375 0.20390625
0 0.6046875 0.53828125 0.01796875 0.22265625
0 0.590625 0.53125 0.02578125 0.17890625
0 0.56484375 0.54921875 0.06328125 0.33984375
0 0.5375 0.46640625 0.02109375 0.08359375
0 0.40703125 0.465625 0.0390625 0.08125
0 0.39765625 0.58203125 0.0421875 0.24375
0 0.36796875 0.59140625 0.04609375 0.22109375
0 0.3765625 0.471875 0.028125 0.07734375
0 0.36640625 0.49296875 0.025 0.08515625
0 0.33984375 0.5375 0.06953125 0.27890625
0 0.28671875 0.51171875 0.02265625 0.08515625
0 0.309375 0.60625 0.0625 0.25390625
0 0.2765625 0.60078125 0.04609375 0.23984375
0 0.4796875 0.66875 0.15625 0.65859375
0 0.19375 0.64296875 0.1453125 0.71015625
0 0.11171875 0.63828125 0.084375 0.47734375
0 0.09609375 0.696875 0.046875 0.28125
0 0.04140625 0.66640625 0.0578125 0.35
0 0.0640625 0.68828125 0.07890625 0.38125
0 0.89375 0.50703125 0.0671875 0.06015625
0 0.828125 0.446875 0.128125 0.06484375
0 0.70859375 0.48046875 0.0234375 0.08515625
0 0.6453125 0.63515625 0.0109375 0.03359375
0 0.66640625 0.50703125 0.0203125 0.13515625
0 0.446875 0.42421875 0.01796875 0.05234375
0 0.35234375 0.465625 0.01171875 0.03984375
0 0.259375 0.55546875 0.02578125 0.05234375
0 0.19296875 0.86328125 0.0578125 0.11015625
0 0.14453125 0.61875 0.0421875 0.4
0 0.09140625 0.49765625 0.06328125 0.1375
0 0.01640625 0.68984375 0.0328125 0.3765625
0 0.77578125 0.51328125 0.01640625 0.07265625
0 0.7125 0.58359375 0.01875 0.075
0 0.59921875 0.46171875 0.025 0.07734375