0 0.13984375 0.75234375 0.2375 0.49453125
0 0.40546875 0.69296875 0.1671875 0.6125
0 0.84140625 0.5703125 0.1734375 0.85625
0 0.634375 0.6390625 0.28125 0.7203125
0 0.525 0.54765625 0.1078125 0.4
0 0.7703125 0.6625 0.0890625 0.6734375
0 0.77109375 0.62890625 0.08671875 0.575
0 0.4703125 0.4765625 0.0515625 0.13828125
0 0.4984375 0.39140625 0.059375 0.14765625
0 0.4796875 0.27109375 0.07265625 0.19375
0 0.434375 0.2328125 0.0578125 0.19921875
0 0.38984375 0.19296875 0.0625 0.184375
0 0.3609375 0.16875 0.053125 0.12578125
0 0.25859375 0.51328125 0.0046875 0.0203125
0 0.3953125 0.22109375 0.04453125 0.1203125
0 0.915625 0.64453125 0.1671875 0.69921875
0 0.75703125 0.3375 0.3796875 0.2140625
0 0.23828125 0.51171875 0.090625 0.02578125