0 0.171875 0.36640625 0.34375 0.70859375
0 0.27109375 0.37109375 0.22109375 0.6984375
0 0.1328125 0.59921875 0.2640625 0.51796875
0 0.240625 0.52109375 0.48125 0.95625
0 0.32734375 0.33046875 0.1125 0.35390625
0 0.465625 0.5921875 0.2375 0.809375
0 0.73515625 0.553125 0.3828125 0.89140625
0 0.71171875 0.4953125 0.321875 0.86953125
0 0.92109375 0.49921875 0.15703125 0.81640625
0 0.68125 0.50390625 0.634375 0.9890625
0 0.609375 0.3484375 0.11015625 0.25703125
0 0.04609375 0.19921875 0.0921875 0.32734375
0 0.5234375 0.09609375 0.1578125 0.16640625
0 0.9296875 0.40859375 0.1375 0.2328125