0 0.6859375 0.75625 0.17109375 0.484375
0 0.68046875 0.74296875 0.13125 0.490625
0 0.615625 0.68984375 0.1046875 0.48046875
0 0.984375 0.6890625 0.0296875 0.3671875
0 0.9375 0.66171875 0.0953125 0.378125
0 0.8671875 0.61796875 0.0484375 0.2578125
0 0.821875 0.621875 0.0625 0.27265625
0 0.36015625 0.54609375 0.0421875 0.140625
0 0.2515625 0.56171875 0.0734375 0.165625
0 0.0453125 0.77421875 0.090625 0.44765625
0 0.096875 0.76484375 0.1046875 0.4671875
0 0.1265625 0.6265625 0.0671875 0.33671875
0 0.06953125 0.52109375 0.05390625 0.10546875
0 0.203125 0.5265625 0.0234375 0.08046875
0 0.05 0.534375 0.03125 0.1375
0 0.03984375 0.52421875 0.034375 0.07890625
0 0.09453125 0.49921875 0.0203125 0.05
0 0.29765625 0.55703125 0.0390625 0.13046875
0 0.5671875 0.4796875 0.02734375 0.06015625
0 0.02421875 0.51640625 0.04765625 0.08671875
0 0.14921875 0.57734375 0.0328125 0.19453125
0 0.97578125 0.525 0.04609375 0.0921875