0 0.9109375 0.721875 0.1171875 0.55546875
0 0.828125 0.66796875 0.10078125 0.44921875
0 0.7421875 0.73125 0.10703125 0.53515625
0 0.659375 0.7171875 0.1140625 0.56484375
0 0.56015625 0.66640625 0.10234375 0.459375
0 0.465625 0.71171875 0.09765625 0.4578125
0 0.375 0.70703125 0.0921875 0.584375
0 0.28359375 0.6890625 0.1078125 0.41796875
0 0.19453125 0.659375 0.1203125 0.46171875
0 0.08046875 0.7234375 0.12578125 0.5515625
0 0.0640625 0.4625 0.07421875 0.18125
0 0.13828125 0.53359375 0.08203125 0.3515625
0 0.23984375 0.4546875 0.0796875 0.24296875
0 0.31484375 0.48671875 0.07421875 0.31015625
0 0.39296875 0.475 0.07265625 0.28984375
0 0.46875 0.46015625 0.0828125 0.25859375
0 0.53046875 0.5359375 0.07734375 0.36015625
0 0.61796875 0.5625 0.078125 0.4578125
0 0.70859375 0.471875 0.06640625 0.20390625
0 0.77734375 0.47734375 0.07109375 0.240625
0 0.85859375 0.4515625 0.0921875 0.21640625
0 0.8203125 0.37421875 0.0640625 0.19609375
0 0.740625 0.3890625 0.0546875 0.16796875
0 0.66484375 0.36015625 0.06796875 0.17578125
0 0.57890625 0.35625 0.0625 0.17265625
0 0.5046875 0.3453125 0.07578125 0.196875
0 0.39609375 0.35625 0.09296875 0.2359375
0 0.3 0.34296875 0.090625 0.22890625
0 0.1921875 0.4078125 0.06953125 0.26328125
0 0.10625 0.3734375 0.05390625 0.190625
0 0.171875 0.31796875 0.05390625 0.16171875
0 0.2515625 0.2953125 0.059375 0.13125
0 0.34453125 0.3171875 0.065625 0.22265625
0 0.38828125 0.24765625 0.0515625 0.15
0 0.43671875 0.27734375 0.0484375 0.17109375
0 0.5390625 0.27421875 0.0609375 0.17578125
0 0.61875 0.2859375 0.05 0.1390625
0 0.7375 0.28984375 0.08984375 0.20625
0 0.75390625 0.24140625 0.06484375 0.16796875
0 0.6859375 0.26953125 0.06015625 0.18515625
0 0.62265625 0.215625 0.0765625 0.17109375
0 0.6703125 0.18046875 0.06953125 0.15546875
0 0.58515625 0.171875 0.0484375 0.1484375
0 0.5625 0.21171875 0.0484375 0.1421875
0 0.4953125 0.16171875 0.084375 0.2140625
0 0.4234375 0.175 0.0640625 0.15703125
0 0.365625 0.17890625 0.05390625 0.184375
0 0.29375 0.16328125 0.04921875 0.13828125
0 0.32109375 0.21484375 0.0484375 0.14140625
0 0.26015625 0.2296875 0.06015625 0.16171875
0 0.19765625 0.23828125 0.0734375 0.20703125
0 0.16640625 0.17578125 0.04765625 0.178125
0 0.23828125 0.159375 0.065625 0.13671875
0 0.475 0.2296875 0.059375 0.19140625
0 0.4015625 0.0796875 0.11171875 0.0296875
0 0.54375 0.08359375 0.07265625 0.0234375
0 0.48203125 0.05859375 0.0265625 0.06875