0 0.90234375 0.9140625 0.02734375 0.1015625
0 0.88125 0.91953125 0.02578125 0.090625
0 0.74375 0.89140625 0.01875 0.0609375
0 0.10078125 0.92578125 0.028125 0.07421875
0 0.0859375 0.92890625 0.0359375 0.0796875
0 0.04921875 0.90546875 0.0296875 0.03671875
0 0.02734375 0.91640625 0.02734375 0.0515625
0 0.76171875 0.90390625 0.01484375 0.0703125
0 0.96015625 0.91328125 0.025 0.05546875
0 0.56171875 0.9015625 0.01953125 0.05546875
0 0.68125 0.91328125 0.02109375 0.08515625
0 0.9890625 0.9109375 0.01953125 0.04453125
0 0.8359375 0.91875 0.059375 0.0703125
0 0.62734375 0.90546875 0.0296875 0.0515625
0 0.58671875 0.9015625 0.028125 0.09296875
0 0.40390625 0.9046875 0.29375 0.10546875
0 0.71171875 0.91953125 0.01875 0.05703125