0 0.940625 0.64296875 0.115625 0.709375
0 0.93828125 0.62109375 0.1203125 0.58828125
0 0.88828125 0.60859375 0.0609375 0.50078125
0 0.88828125 0.47421875 0.0546875 0.196875
0 0.834375 0.38359375 0.04375 0.06484375
0 0.8296875 0.653125 0.140625 0.5640625
0 0.85 0.7015625 0.19375 0.59296875
0 0.7140625 0.65 0.146875 0.61953125
0 0.73203125 0.59375 0.0484375 0.38671875
0 0.6265625 0.60859375 0.103125 0.38046875
0 0.59140625 0.5640625 0.0609375 0.37109375
0 0.5328125 0.62421875 0.1875 0.57265625
0 0.434375 0.58515625 0.084375 0.409375
0 0.47578125 0.41640625 0.0390625 0.07578125
0 0.34453125 0.6453125 0.1453125 0.52578125
0 0.37734375 0.54453125 0.0578125 0.315625
0 0.29453125 0.4453125 0.0578125 0.14296875
0 0.2296875 0.5984375 0.140625 0.48125
0 0.26796875 0.41640625 0.0359375 0.08984375
0 0.1453125 0.590625 0.0875 0.37578125
0 0.0765625 0.5546875 0.075 0.30859375
0 0.18359375 0.5265625 0.0546875 0.29296875
0 0.0671875 0.47578125 0.040625 0.22109375
0 0.01953125 0.528125 0.0390625 0.26875
0 0.02734375 0.4921875 0.0421875 0.20546875
0 0.0546875 0.45625 0.028125 0.15625
0 0.165625 0.38828125 0.025 0.0421875
0 0.178125 0.40234375 0.028125 0.0625
0 0.41796875 0.434375 0.0390625 0.0984375
0 0.759375 0.42421875 0.040625 0.10078125
0 0.79375 0.471875 0.071875 0.2015625
0 0.15390625 0.41484375 0.0265625 0.05625
0 0.11171875 0.40859375 0.0578125 0.05625
0 0.28125 0.42734375 0.028125 0.040625
0 0.66171875 0.425 0.0421875 0.103125
0 0.91796875 0.41015625 0.0359375 0.06015625
0 0.75078125 0.15546875 0.4171875 0.3109375
0 0.25078125 0.2953125 0.0203125 0.04453125
0 0.3390625 0.409375 0.04375 0.071875
0 0.415625 0.40390625 0.009375 0.015625
0 0.328125 0.209375 0.0125 0.03828125
0 0.3828125 0.26875 0.075 0.08515625
0 0.00703125 0.40390625 0.0140625 0.02421875
0 0.19296875 0.11953125 0.0390625 0.0515625