0 0.67734375 0.91171875 0.05078125 0.17265625
0 0.54375 0.9265625 0.05625 0.14296875
0 0.52734375 0.9296875 0.06328125 0.13671875
0 0.50546875 0.93125 0.078125 0.13359375
0 0.37734375 0.94765625 0.0875 0.1015625
0 0.4609375 0.94375 0.08828125 0.109375
0 0.3953125 0.8640625 0.04296875 0.1078125
0 0.43671875 0.8453125 0.04375 0.0890625
0 0.45703125 0.84921875 0.028125 0.08125
0 0.45234375 0.80078125 0.02578125 0.053125
0 0.48984375 0.82109375 0.03046875 0.04375
0 0.67578125 0.8421875 0.0375 0.0515625
0 0.79140625 0.91484375 0.028125 0.16640625
0 0.8796875 0.915625 0.06796875 0.16484375
0 0.628125 0.8671875 0.05 0.0828125
0 0.67421875 0.83671875 0.04140625 0.05625
0 0.43984375 0.81015625 0.0125 0.028125
0 0.8125 0.86875 0.04375 0.0953125
0 0.58125 0.83515625 0.01875 0.05625