0 0.9078125 0.25703125 0.0125 0.046875
0 0.8953125 0.2546875 0.0296875 0.05703125
0 0.7140625 0.246875 0.06953125 0.10390625
0 0.61015625 0.425 0.134375 0.675
0 0.503125 0.23359375 0.06171875 0.1109375
0 0.43046875 0.22734375 0.0578125 0.12890625
0 0.37109375 0.38671875 0.0921875 0.4734375
0 0.328125 0.34765625 0.04609375 0.26796875
0 0.29296875 0.35078125 0.0453125 0.32890625
0 0.278125 0.35234375 0.0640625 0.33203125
0 0.2453125 0.34921875 0.11484375 0.30390625
0 0.0859375 0.45546875 0.125 0.55546875
0 0.04921875 0.559375 0.0984375 0.74375
0 0.96796875 0.80078125 0.0625 0.39296875
0 0.834375 0.2828125 0.09453125 0.03203125
0 0.5578125 0.209375 0.02890625 0.115625