0 0.57578125 0.55078125 0.01953125 0.10859375
0 0.61171875 0.5953125 0.02109375 0.159375
0 0.5703125 0.61015625 0.0140625 0.05234375
0 0.58125 0.61640625 0.01484375 0.0578125
0 0.59921875 0.69296875 0.01640625 0.0734375
0 0.61015625 0.70625 0.0171875 0.06484375
0 0.66171875 0.76484375 0.0390625 0.26328125
0 0.634375 0.9484375 0.04140625 0.1
0 0.67265625 0.9515625 0.02890625 0.09296875
0 0.54375 0.3703125 0.02109375 0.06328125
0 0.5078125 0.421875 0.0140625 0.11015625
0 0.57890625 0.365625 0.0171875 0.0546875
0 0.59765625 0.365625 0.0140625 0.0578125
0 0.61171875 0.4 0.00703125 0.084375
0 0.62265625 0.384375 0.01015625 0.059375
0 0.63125 0.415625 0.01328125 0.09453125
0 0.64296875 0.4265625 0.0140625 0.09453125
0 0.66015625 0.4328125 0.0140625 0.1
0 0.52109375 0.41484375 0.01171875 0.096875
0 0.5625 0.39921875 0.0140625 0.08984375
0 0.55234375 0.37734375 0.01015625 0.0421875
0 0.52734375 0.3875 0.00859375 0.0421875
0 0.5140625 0.42265625 0.01015625 0.08046875
0 0.5890625 0.36875 0.009375 0.05234375
0 0.496875 0.4171875 0.0125 0.03828125
0 0.6140625 0.36015625 0.015625 0.03359375
0 0.63515625 0.37109375 0.0125 0.0296875
0 0.55546875 0.36328125 0.021875 0.0421875