0 0.978125 0.92734375 0.04140625 0.14140625
0 0.9484375 0.9578125 0.04375 0.08203125
0 0.86640625 0.903125 0.06484375 0.1296875
0 0.78359375 0.8890625 0.03984375 0.125
0 0.809375 0.90078125 0.04140625 0.1453125
0 0.7421875 0.8953125 0.02890625 0.14296875
0 0.7546875 0.8453125 0.02109375 0.046875
0 0.71015625 0.9234375 0.0546875 0.15
0 0.6515625 0.93359375 0.0390625 0.1296875
0 0.6125 0.9125 0.0328125 0.171875
0 0.578125 0.921875 0.04609375 0.153125
0 0.53828125 0.9546875 0.09375 0.08671875
0 0.4734375 0.909375 0.0515625 0.16171875
0 0.33203125 0.9203125 0.09140625 0.15703125
0 0.2625 0.90390625 0.05234375 0.1015625
0 0.10625 0.921875 0.06484375 0.153125
0 0.15078125 0.909375 0.06640625 0.178125
0 0.1859375 0.8859375 0.01484375 0.0515625
0 0.1671875 0.8625 0.02734375 0.0984375
0 0.159375 0.8578125 0.02109375 0.08515625
0 0.18359375 0.85546875 0.0171875 0.06171875
0 0.19765625 0.85390625 0.0171875 0.06484375
0 0.2296875 0.884375 0.02109375 0.11171875
0 0.25 0.83203125 0.0125 0.01640625
0 0.275 0.84609375 0.0171875 0.03828125
0 0.28984375 0.884375 0.0296875 0.1046875
0 0.32734375 0.86328125 0.0453125 0.0703125
0 0.346875 0.85 0.02890625 0.06328125
0 0.3640625 0.86484375 0.02890625 0.0796875
0 0.3890625 0.9 0.0296875 0.1265625
0 0.4328125 0.90390625 0.0375 0.13828125
0 0.53125 0.90390625 0.05 0.14140625
0 0.68984375 0.85078125 0.025 0.05859375
0 0.7015625 0.840625 0.0171875 0.03828125
0 0.6671875 0.8546875 0.025 0.03984375
0 0.57421875 0.85 0.02890625 0.06015625
0 0.45234375 0.875 0.025 0.1
0 0.4140625 0.884375 0.0171875 0.11484375
0 0.3765625 0.84296875 0.02265625 0.05
0 0.61328125 0.9015625 0.02890625 0.15
0 0.6046875 0.840625 0.02109375 0.03515625
0 0.39296875 0.89296875 0.0234375 0.11015625
0 0.82265625 0.9421875 0.09765625 0.11171875
0 0.8171875 0.81953125 0.08515625 0.028125
0 0.4578125 0.98671875 0.0484375 0.0234375
0 0.3890625 0.978125 0.0359375 0.03984375
0 0.2453125 0.96171875 0.0953125 0.0734375
0 0.17265625 0.9859375 0.03515625 0.025
0 0.6578125 0.875 0.05859375 0.03359375
0 0.6421875 0.83515625 0.03125 0.05
0 0.54296875 0.83828125 0.03359375 0.03984375
0 0.58828125 0.82890625 0.0265625 0.03203125
0 0.4984375 0.83671875 0.04375 0.05
0 0.45234375 0.82109375 0.05 0.01796875
0 0.40390625 0.8234375 0.04765625 0.0234375
0 0.3359375 0.82265625 0.07109375 0.025
0 0.28671875 0.821875 0.0265625 0.03671875
0 0.25703125 0.815625 0.03359375 0.021875