0 0.16953125 0.546875 0.01796875 0.05078125
0 0.1703125 0.53046875 0.01875 0.03125
0 0.18828125 0.53125 0.01328125 0.01875
0 0.196875 0.56484375 0.05 0.1140625
0 0.29765625 0.55390625 0.0265625 0.1078125
0 0.32578125 0.55390625 0.02109375 0.03359375
0 0.34921875 0.603125 0.04609375 0.0640625
0 0.3765625 0.59921875 0.0171875 0.05234375
0 0.38984375 0.57578125 0.03828125 0.08125
0 0.4265625 0.5375 0.0125 0.06953125
0 0.48125 0.528125 0.0140625 0.04765625
0 0.471875 0.5328125 0.01484375 0.05703125
0 0.303125 0.7328125 0.065625 0.0953125
0 0.34921875 0.684375 0.10546875 0.13125
0 0.38828125 0.63203125 0.05859375 0.0734375
0 0.440625 0.55546875 0.01796875 0.05234375
0 0.4640625 0.55625 0.01171875 0.021875
0 0.471875 0.53984375 0.01328125 0.06953125
0 0.48046875 0.52734375 0.01640625 0.0453125
0 0.4671875 0.57578125 0.046875 0.03984375
0 0.45703125 0.5671875 0.02109375 0.03125
0 0.46640625 0.5734375 0.01640625 0.03046875
0 0.5078125 0.56328125 0.0171875 0.02890625
0 0.4984375 0.57421875 0.02109375 0.04296875
0 0.4796875 0.603125 0.046875 0.04921875
0 0.48359375 0.66484375 0.04609375 0.09921875
0 0.440625 0.7921875 0.16875 0.22890625
0 0.26015625 0.7421875 0.19140625 0.5140625
0 0.51953125 0.53046875 0.01328125 0.0578125
0 0.5171875 0.58046875 0.0265625 0.0546875
0 0.5234375 0.59453125 0.01796875 0.059375
0 0.55234375 0.63671875 0.08203125 0.103125
0 0.5765625 0.6421875 0.09140625 0.0859375
0 0.56328125 0.68828125 0.14453125 0.13984375
0 0.58515625 0.7 0.146875 0.14453125
0 0.57890625 0.7609375 0.20078125 0.15234375
0 0.63515625 0.7828125 0.18515625 0.2328125
0 0.65703125 0.83203125 0.28203125 0.24765625
0 0.74453125 0.65859375 0.10234375 0.121875
0 0.7328125 0.6234375 0.034375 0.0671875
0 0.70234375 0.6375 0.0921875 0.08359375
0 0.69921875 0.5984375 0.02734375 0.04296875
0 0.675 0.5859375 0.04140625 0.04921875
0 0.61953125 0.51328125 0.01640625 0.0359375
0 0.65703125 0.51640625 0.0140625 0.046875
0 0.66796875 0.52734375 0.0125 0.05703125
0 0.6875 0.5328125 0.021875 0.05546875
0 0.7015625 0.53125 0.0203125 0.08125
0 0.68359375 0.50625 0.015625 0.02890625
0 0.71875 0.56171875 0.01953125 0.0375
0 0.72734375 0.57734375 0.03125 0.040625
0 0.7390625 0.55859375 0.015625 0.02421875
0 0.7515625 0.5671875 0.0234375 0.0375
0 0.753125 0.56484375 0.02421875 0.04453125
0 0.77734375 0.58359375 0.01953125 0.0375
0 0.77109375 0.57109375 0.028125 0.05078125
0 0.74453125 0.52421875 0.0125 0.0625
0 0.7515625 0.528125 0.01328125 0.06015625
0 0.75703125 0.51015625 0.0109375 0.03515625
0 0.7625 0.50625 0.0125 0.0265625
0 0.765625 0.52578125 0.02421875 0.06015625
0 0.77890625 0.52578125 0.01171875 0.071875
0 0.78828125 0.5328125 0.01484375 0.08828125
0 0.79453125 0.521875 0.0140625 0.07109375
0 0.803125 0.52109375 0.00859375 0.0375
0 0.8390625 0.5109375 0.059375 0.12421875
0 0.853125 0.878125 0.0859375 0.2359375
0 0.9125 0.621875 0.1734375 0.753125
0 0.1 0.61640625 0.12734375 0.2140625
0 0.29921875 0.60703125 0.075 0.0859375
0 0.325 0.5234375 0.04609375 0.03984375
0 0.36328125 0.55234375 0.0234375 0.03515625
0 0.39296875 0.51484375 0.059375 0.04296875
0 0.45078125 0.521875 0.03671875 0.05546875
0 0.415625 0.58984375 0.04921875 0.0640625
0 0.453125 0.6125 0.028125 0.03984375
0 0.55546875 0.56328125 0.06875 0.13359375
0 0.5375 0.65546875 0.0296875 0.046875
0 0.709375 0.6296875 0.05 0.09921875
0 0.640625 0.5890625 0.0890625 0.0921875
0 0.68984375 0.553125 0.0125 0.01953125
0 0.6984375 0.5 0.02265625 0.02109375
0 0.7203125 0.525 0.021875 0.06171875
0 0.7921875 0.59453125 0.03203125 0.05234375
0 0.81015625 0.51640625 0.015625 0.06484375
0 0.8546875 0.5078125 0.0296875 0.0578125
0 0.6703125 0.65625 0.03046875 0.0453125