0 0.82109375 0.659375 0.1046875 0.50625
0 0.94140625 0.56171875 0.1140625 0.46171875
0 0.85625 0.47421875 0.109375 0.384375
0 0.72265625 0.6515625 0.1015625 0.4359375
0 0.87109375 0.284375 0.0765625 0.16640625
0 0.6921875 0.56875 0.140625 0.3890625
0 0.69375 0.5328125 0.15625 0.4640625
0 0.615625 0.5125 0.096875 0.44453125
0 0.57109375 0.49453125 0.0640625 0.36953125
0 0.5328125 0.4703125 0.059375 0.37578125
0 0.48984375 0.403125 0.0609375 0.378125
0 0.44921875 0.35390625 0.0609375 0.365625
0 0.41328125 0.33046875 0.0546875 0.28828125
0 0.4078125 0.1890625 0.040625 0.0921875
0 0.3546875 0.24765625 0.059375 0.24765625
0 0.34140625 0.21875 0.0421875 0.24609375
0 0.5484375 0.1171875 0.0625 0.14140625
0 0.4734375 0.1109375 0.04375 0.115625
0 0.49609375 0.1015625 0.0359375 0.0921875
0 0.61171875 0.0953125 0.0453125 0.15625
0 0.71171875 0.41640625 0.0859375 0.221875
0 0.73046875 0.38359375 0.0921875 0.17734375
0 0.73359375 0.30234375 0.0796875 0.1390625
0 0.684375 0.2796875 0.05 0.14921875
0 0.63046875 0.2234375 0.0515625 0.121875
0 0.68359375 0.2375 0.0671875 0.17109375
0 0.653125 0.17734375 0.04375 0.08515625
0 0.690625 0.171875 0.028125 0.0578125
0 0.62578125 0.15078125 0.0390625 0.08359375
0 0.56796875 0.28203125 0.0484375 0.10234375
0 0.51328125 0.24453125 0.0671875 0.1046875
0 0.69296875 0.37421875 0.0640625 0.20546875
0 0.63125 0.31640625 0.053125 0.14921875
0 0.59921875 0.24921875 0.0484375 0.1046875
0 0.57421875 0.20625 0.0328125 0.04921875
0 0.546875 0.18984375 0.03125 0.0515625
0 0.5578125 0.246875 0.0375 0.0921875
0 0.98671875 0.74375 0.0234375 0.15390625
0 0.49140625 0.175 0.0796875 0.06875
0 0.3953125 0.0484375 0.115625 0.09609375
0 0.38671875 0.17734375 0.0171875 0.0296875
0 0.54453125 0.028125 0.1109375 0.05546875
0 0.41171875 0.128125 0.1109375 0.07265625
0 0.63828125 0.175 0.0171875 0.05546875