0 0.10625 0.90078125 0.03828125 0.08359375
0 0.14375 0.903125 0.0421875 0.0890625
0 0.215625 0.93046875 0.0328125 0.078125
0 0.221875 0.8765625 0.04140625 0.08828125
0 0.25078125 0.928125 0.0890625 0.14296875
0 0.29375 0.890625 0.02578125 0.05390625
0 0.3140625 0.93203125 0.04296875 0.121875
0 0.33046875 0.88359375 0.015625 0.04375
0 0.3421875 0.8828125 0.0203125 0.046875
0 0.471875 0.90390625 0.04609375 0.1453125
0 0.49765625 0.87109375 0.015625 0.034375
0 0.528125 0.928125 0.03984375 0.125
0 0.5421875 0.875 0.01875 0.046875
0 0.5546875 0.91484375 0.0234375 0.09609375
0 0.559375 0.83671875 0.0171875 0.09140625
0 0.5453125 0.83203125 0.0203125 0.08203125
0 0.58125 0.925 0.0578125 0.1484375
0 0.6046875 0.8984375 0.03125 0.0671875
0 0.62890625 0.89296875 0.03203125 0.08203125
0 0.6328125 0.89765625 0.03671875 0.13046875
0 0.66484375 0.89453125 0.025 0.084375
0 0.684375 0.83046875 0.015625 0.06015625
0 0.71328125 0.834375 0.02265625 0.090625
0 0.69453125 0.89296875 0.0140625 0.07265625
0 0.6921875 0.90625 0.04609375 0.09765625
0 0.721875 0.903125 0.04453125 0.0890625
0 0.73203125 0.91953125 0.04609375 0.1140625
0 0.7484375 0.86328125 0.03046875 0.05703125
0 0.76484375 0.93515625 0.04375 0.128125
0 0.7890625 0.921875 0.034375 0.1109375
0 0.81640625 0.9328125 0.05234375 0.13359375
0 0.81171875 0.86484375 0.01875 0.0328125
0 0.84296875 0.84140625 0.025 0.07734375
0 0.86171875 0.88984375 0.028125 0.08046875
0 0.9 0.89765625 0.03515625 0.11953125
0 0.92109375 0.90234375 0.0328125 0.09140625
0 0.94375 0.91015625 0.0390625 0.1
0 0.9765625 0.88515625 0.03984375 0.07421875
0 0.3296875 0.25390625 0.25625 0.09765625
0 0.7375 0.29296875 0.23828125 0.1265625
0 0.9140625 0.2484375 0.03828125 0.115625
0 0.14453125 0.21875 0.015625 0.10390625
0 0.26953125 0.9 0.0203125 0.05078125
0 0.29453125 0.88046875 0.01875 0.02265625
0 0.415625 0.81484375 0.009375 0.0265625
0 0.52734375 0.81796875 0.0078125 0.04375
0 0.82890625 0.865625 0.015625 0.015625
0 0.9015625 0.86328125 0.02265625 0.05859375
0 0.9546875 0.86484375 0.0109375 0.0203125
0 0.99375 0.91875 0.009375 0.15
0 0.55546875 0.35859375 0.053125 0.109375
0 0.56953125 0.684375 0.01875 0.040625
0 0.70703125 0.68515625 0.0171875 0.03984375
0 0.4265625 0.6828125 0.01953125 0.0375
0 0.840625 0.6875 0.01796875 0.03828125
0 0.9671875 0.6859375 0.01953125 0.0328125
0 0.2796875 0.68671875 0.0203125 0.04609375
0 0.13046875 0.68359375 0.02109375 0.04296875