0 0.96484375 0.5484375 0.0671875 0.2515625
0 0.7296875 0.5484375 0.08359375 0.29765625
0 0.6171875 0.55078125 0.06796875 0.2671875
0 0.59921875 0.565625 0.06484375 0.33671875
0 0.51953125 0.57734375 0.0921875 0.378125
0 0.45546875 0.5515625 0.075 0.20859375
0 0.39921875 0.5609375 0.09140625 0.303125
0 0.328125 0.57109375 0.08203125 0.346875
0 0.28984375 0.5734375 0.07421875 0.2890625
0 0.88359375 0.528125 0.0203125 0.03671875
0 0.8453125 0.51171875 0.02421875 0.08046875
0 0.85078125 0.5109375 0.00859375 0.06796875
0 0.8265625 0.5125 0.0234375 0.0671875
0 0.81953125 0.5109375 0.01640625 0.0578125
0 0.78203125 0.5171875 0.01875 0.059375
0 0.771875 0.5109375 0.015625 0.0703125
0 0.478125 0.5109375 0.009375 0.04921875
0 0.553125 0.50078125 0.0109375 0.03671875
0 0.5625 0.5109375 0.01015625 0.053125
0 0.56953125 0.4953125 0.01171875 0.01953125
0 0.196875 0.51328125 0.0125 0.06484375
0 0.2078125 0.5109375 0.00703125 0.0515625
0 0.17890625 0.51484375 0.015625 0.06171875
0 0.04609375 0.51484375 0.01484375 0.0671875
0 0.06171875 0.5125 0.0171875 0.0671875
0 0.0515625 0.51640625 0.0109375 0.06171875
0 0.08359375 0.5140625 0.0140625 0.06640625
0 0.090625 0.5140625 0.01328125 0.0640625
0 0.01875 0.57421875 0.03671875 0.34296875
0 0.134375 0.58984375 0.10078125 0.44375
0 0.9953125 0.503125 0.0078125 0.05
0 0.10546875 0.5375 0.01484375 0.02421875