0 0.92578125 0.60859375 0.075 0.40390625
0 0.85078125 0.6125 0.1078125 0.3609375
0 0.8203125 0.5546875 0.09375 0.425
0 0.7625 0.60859375 0.08671875 0.36328125
0 0.75234375 0.58203125 0.075 0.35390625
0 0.721875 0.59765625 0.09375 0.34765625
0 0.67578125 0.559375 0.08203125 0.39453125
0 0.628125 0.615625 0.10078125 0.3359375
0 0.60546875 0.58203125 0.07890625 0.3703125
0 0.565625 0.6109375 0.0796875 0.34453125
0 0.53984375 0.58984375 0.05 0.3265625
0 0.4921875 0.59453125 0.09921875 0.3421875
0 0.45546875 0.5703125 0.06875 0.3625
0 0.44375 0.43515625 0.09375 0.1296875
0 0.3921875 0.61640625 0.103125 0.31015625
0 0.39296875 0.60703125 0.1078125 0.296875
0 0.340625 0.575 0.090625 0.34765625
0 0.27265625 0.61171875 0.109375 0.31953125
0 0.2953125 0.5828125 0.06171875 0.3078125
0 0.23515625 0.5859375 0.06796875 0.315625
0 0.22421875 0.47421875 0.103125 0.23515625
0 0.190625 0.59140625 0.128125 0.34609375
0 0.15703125 0.590625 0.06796875 0.3046875
0 0.078125 0.590625 0.0859375 0.3234375
0 0.0546875 0.58203125 0.109375 0.30859375