0 0.93515625 0.665625 0.09140625 0.52421875
0 0.84609375 0.6453125 0.07421875 0.46640625
0 0.79921875 0.62109375 0.05 0.459375
0 0.76796875 0.6609375 0.07265625 0.4546875
0 0.70546875 0.68984375 0.08203125 0.384375
0 0.71796875 0.60234375 0.08046875 0.43984375
0 0.70234375 0.43828125 0.07265625 0.2859375
0 0.63203125 0.66171875 0.07265625 0.41015625
0 0.63515625 0.596875 0.0734375 0.45234375
0 0.59453125 0.58359375 0.053125 0.4109375
0 0.55546875 0.66015625 0.07578125 0.39609375
0 0.52578125 0.45625 0.071875 0.18203125
0 0.49375 0.6453125 0.06015625 0.38828125
0 0.46796875 0.75546875 0.06875 0.26953125
0 0.46484375 0.49296875 0.05859375 0.25234375
0 0.4078125 0.45859375 0.04765625 0.13671875
0 0.43515625 0.63828125 0.06484375 0.384375
0 0.38671875 0.75625 0.0703125 0.29296875
0 0.35703125 0.58046875 0.04609375 0.40625
0 0.3765625 0.56484375 0.06015625 0.228125
0 0.32890625 0.621875 0.05390625 0.3265625
0 0.30234375 0.5328125 0.03359375 0.26484375
0 0.31015625 0.73984375 0.06953125 0.27578125
0 0.275 0.6171875 0.0609375 0.340625
0 0.2171875 0.73359375 0.0890625 0.371875
0 0.225 0.6140625 0.0578125 0.30234375
0 0.2390625 0.45859375 0.05546875 0.1296875
0 0.19140625 0.603125 0.046875 0.42578125
0 0.15546875 0.6640625 0.0890625 0.41015625
0 0.11484375 0.6046875 0.06640625 0.43515625
0 0.05 0.6234375 0.07421875 0.4390625