0 0.009375 0.565625 0.01328125 0.0765625
0 0.02265625 0.57109375 0.015625 0.075
0 0.0296875 0.57109375 0.0140625 0.06796875
0 0.1875 0.66640625 0.05546875 0.19140625
0 0.1515625 0.64921875 0.02734375 0.22890625
0 0.1015625 0.728125 0.0671875 0.3703125
0 0.1453125 0.6984375 0.06796875 0.3421875
0 0.60625 0.76796875 0.15546875 0.4078125
0 0.8796875 0.721875 0.05390625 0.30390625
0 0.9171875 0.71171875 0.05625 0.28359375
0 0.9515625 0.721875 0.0609375 0.30390625
0 0.9703125 0.69609375 0.0578125 0.3328125
0 0.11796875 0.51796875 0.040625 0.03203125
0 0.7765625 0.6484375 0.07578125 0.309375