0 0.7015625 0.58203125 0.4203125 0.69140625
0 0.5390625 0.59609375 0.19140625 0.46484375
0 0.3671875 0.60234375 0.2453125 0.4875
0 0.16328125 0.5625 0.18984375 0.4625
0 0.2265625 0.45625 0.1203125 0.61953125
0 0.27890625 0.39140625 0.0515625 0.365625
0 0.34140625 0.32734375 0.11640625 0.30078125
0 0.42734375 0.47890625 0.1046875 0.56484375
0 0.496875 0.49375 0.15 0.584375
0 0.46484375 0.27734375 0.03671875 0.08203125
0 0.384375 0.2625 0.03515625 0.08203125
0 0.40859375 0.2609375 0.0234375 0.06484375
0 0.76328125 0.50859375 0.08984375 0.609375
0 0.721875 0.5125 0.08984375 0.57734375
0 0.61171875 0.4265625 0.0765625 0.35078125
0 0.5796875 0.3609375 0.0703125 0.19375
0 0.5515625 0.275 0.03671875 0.07734375
0 0.71953125 0.25234375 0.121875 0.10703125
0 0.3265625 0.25625 0.0296875 0.03515625