0 0.9375 0.7328125 0.109375 0.4546875
0 0.80703125 0.746875 0.10078125 0.41796875
0 0.7203125 0.74140625 0.0875 0.421875
0 0.640625 0.728125 0.09140625 0.44921875
0 0.54921875 0.7125 0.09140625 0.4796875
0 0.47578125 0.71796875 0.0765625 0.45078125
0 0.3953125 0.74453125 0.0859375 0.41640625
0 0.3203125 0.7359375 0.09140625 0.42890625
0 0.24296875 0.7375 0.084375 0.43046875
0 0.1703125 0.721875 0.090625 0.46171875
0 0.09375 0.7375 0.08125 0.434375
0 0.03828125 0.74921875 0.0765625 0.4109375
0 0.05234375 0.54921875 0.0765625 0.1390625
0 0.13046875 0.5390625 0.05078125 0.121875
0 0.20078125 0.53125 0.046875 0.109375
0 0.24765625 0.54921875 0.0671875 0.12421875
0 0.29765625 0.66640625 0.05 0.38671875
0 0.36484375 0.534375 0.06875 0.15
0 0.428125 0.653125 0.06875 0.4234375
0 0.48359375 0.52109375 0.0703125 0.121875
0 0.60234375 0.6609375 0.053125 0.4125
0 0.6671875 0.5390625 0.05390625 0.16640625
0 0.71953125 0.54375 0.06875 0.1609375
0 0.77265625 0.6671875 0.05703125 0.3921875
0 0.8421875 0.6578125 0.0859375 0.421875
0 0.9046875 0.66171875 0.07265625 0.425
0 0.53046875 0.4453125 0.04453125 0.109375
0 0.86953125 0.484375 0.04921875 0.096875
0 0.80625 0.496875 0.04453125 0.0859375
0 0.8265625 0.46953125 0.06328125 0.09296875
0 0.76640625 0.46796875 0.05703125 0.1
0 0.74921875 0.4875 0.04375 0.109375
0 0.70703125 0.484375 0.05390625 0.11484375
0 0.659375 0.4828125 0.05234375 0.078125
0 0.54453125 0.51953125 0.0640625 0.10390625
0 0.565625 0.48203125 0.0375 0.11640625
0 0.5953125 0.475 0.025 0.078125
0 0.6078125 0.4671875 0.05546875 0.09453125
0 0.50703125 0.4859375 0.04453125 0.1078125
0 0.47265625 0.446875 0.0375 0.09453125
0 0.453125 0.4734375 0.0375 0.09296875
0 0.396875 0.47421875 0.04296875 0.13125
0 0.37578125 0.45078125 0.02421875 0.06171875
0 0.3359375 0.51015625 0.04453125 0.15859375
0 0.29921875 0.46796875 0.04375 0.11484375
0 0.3359375 0.4578125 0.04140625 0.08046875
0 0.28046875 0.54921875 0.04140625 0.171875
0 0.25390625 0.44765625 0.05234375 0.10390625
0 0.21171875 0.47734375 0.06328125 0.14453125
0 0.1875 0.45859375 0.03359375 0.09296875
0 0.12890625 0.49140625 0.06640625 0.1296875
0 0.1453125 0.45078125 0.06171875 0.0984375
0 0.25390625 0.45 0.05234375 0.10390625
0 0.428125 0.43671875 0.028125 0.0453125
0 0.653125 0.43828125 0.02421875 0.0328125
0 0.715625 0.46171875 0.02421875 0.03671875