0 0.1671875 0.48046875 0.14609375 0.33046875
0 0.3421875 0.471875 0.07890625 0.31328125
0 0.48203125 0.4671875 0.0734375 0.303125
0 0.625 0.46484375 0.10859375 0.32734375
0 0.83046875 0.4453125 0.1734375 0.41015625
0 0.12890625 0.42265625 0.02734375 0.053125
0 0.15546875 0.43359375 0.02265625 0.0703125
0 0.2109375 0.434375 0.03046875 0.0921875
0 0.23203125 0.4359375 0.01953125 0.08984375
0 0.246875 0.4390625 0.02890625 0.10703125
0 0.26640625 0.45 0.02578125 0.11875
0 0.27890625 0.40546875 0.03203125 0.04375
0 0.28828125 0.446875 0.02578125 0.07734375
0 0.31015625 0.41875 0.02734375 0.05546875
0 0.32109375 0.45625 0.02421875 0.140625
0 0.38046875 0.42734375 0.02421875 0.096875
0 0.39921875 0.43046875 0.02265625 0.08046875
0 0.41015625 0.4296875 0.01953125 0.07734375
0 0.42734375 0.4359375 0.03046875 0.065625
0 0.42890625 0.4078125 0.03671875 0.06796875
0 0.459375 0.434375 0.02734375 0.096875
0 0.51328125 0.428125 0.01796875 0.08515625
0 0.5484375 0.44296875 0.03515625 0.1234375
0 0.56953125 0.434375 0.02109375 0.0828125
0 0.57890625 0.43203125 0.02265625 0.07734375
0 0.6734375 0.42578125 0.02265625 0.08515625
0 0.73984375 0.4609375 0.02421875 0.0875
0 0.70625 0.44921875 0.03984375 0.06796875
0 0.55625 0.4359375 0.0765625 0.08046875
0 0.39375 0.41484375 0.01796875 0.0484375
0 0.2921875 0.44453125 0.059375 0.10703125
0 0.13671875 0.4296875 0.059375 0.07265625