0 0.053125 0.384375 0.06953125 0.21796875
0 0.07734375 0.35 0.0296875 0.12578125
0 0.13515625 0.4 0.1140625 0.36015625
0 0.22734375 0.58671875 0.165625 0.81875
0 0.315625 0.540625 0.115625 0.77890625
0 0.37890625 0.521875 0.0453125 0.35
0 0.38671875 0.36640625 0.0390625 0.09921875
0 0.46171875 0.52265625 0.2078125 0.64453125
0 0.5953125 0.3796875 0.0265625 0.0890625
0 0.634375 0.63046875 0.13359375 0.63359375
0 0.653125 0.375 0.0171875 0.07578125
0 0.67578125 0.4 0.0375 0.1640625
0 0.7 0.390625 0.03125 0.134375
0 0.709375 0.41640625 0.02734375 0.12421875
0 0.72890625 0.57109375 0.07109375 0.6234375
0 0.7859375 0.60546875 0.18046875 0.7859375
0 0.915625 0.61796875 0.1671875 0.76171875
0 0.88125 0.3609375 0.0375 0.10703125
0 0.565625 0.38671875 0.0359375 0.1171875
0 0.678125 0.33125 0.0421875 0.03359375