0 0.01796875 0.39609375 0.0359375 0.21328125
0 0.04296875 0.40703125 0.0390625 0.17265625
0 0.08203125 0.409375 0.0515625 0.20390625
0 0.12890625 0.49453125 0.1015625 0.41953125
0 0.17578125 0.4328125 0.0328125 0.165625
0 0.18515625 0.42578125 0.0328125 0.1390625
0 0.24765625 0.45546875 0.0640625 0.22890625
0 0.37109375 0.50234375 0.0859375 0.32734375
0 0.42265625 0.5203125 0.1109375 0.371875
0 0.11640625 0.365625 0.0265625 0.04453125
0 0.153125 0.5328125 0.015625 0.02890625
0 0.5828125 0.46640625 0.203125 0.19765625
0 0.4046875 0.3296875 0.04375 0.08515625
0 0.4171875 0.65234375 0.015625 0.1390625
0 0.3640625 0.60078125 0.021875 0.08984375
0 0.86171875 0.69765625 0.2734375 0.5203125