0 0.13046875 0.61171875 0.1625 0.47265625
0 0.21328125 0.71015625 0.20546875 0.3921875
0 0.3578125 0.7125 0.1921875 0.36953125
0 0.4890625 0.7359375 0.2140625 0.3640625
0 0.659375 0.75078125 0.225 0.35703125
0 0.83203125 0.77109375 0.2609375 0.38671875
0 0.85078125 0.534375 0.1453125 0.315625
0 0.75546875 0.66328125 0.1359375 0.415625
0 0.6453125 0.6390625 0.18046875 0.44765625
0 0.53984375 0.6296875 0.12109375 0.45546875
0 0.39765625 0.60859375 0.24765625 0.3890625
0 0.3453125 0.6125 0.12734375 0.4609375
0 0.24609375 0.50703125 0.16484375 0.23515625
0 0.1765625 0.38515625 0.1125 0.21875
0 0.2796875 0.3984375 0.10625 0.22265625
0 0.3890625 0.41171875 0.0796875 0.16484375
0 0.46953125 0.403125 0.10078125 0.16328125
0 0.56015625 0.4234375 0.1015625 0.21640625
0 0.6453125 0.434375 0.13125 0.1953125
0 0.75703125 0.45 0.11640625 0.196875
0 0.77421875 0.36953125 0.078125 0.1359375
0 0.7015625 0.37421875 0.0671875 0.146875
0 0.6078125 0.3609375 0.04921875 0.13984375
0 0.5125 0.3515625 0.0609375 0.13046875
0 0.41875 0.3609375 0.08203125 0.1984375
0 0.33984375 0.32734375 0.0921875 0.18984375
0 0.1921875 0.290625 0.13515625 0.171875
0 0.25703125 0.27890625 0.0671875 0.184375
0 0.36796875 0.2890625 0.0453125 0.1203125
0 0.453125 0.3203125 0.0734375 0.196875
0 0.53203125 0.29453125 0.059375 0.11484375
0 0.5921875 0.2953125 0.05859375 0.1
0 0.68515625 0.32734375 0.0828125 0.16484375
0 0.52890625 0.29609375 0.05703125 0.121875