0 0.040625 0.82265625 0.08046875 0.22734375
0 0.10390625 0.82265625 0.0734375 0.20625
0 0.053125 0.7984375 0.0734375 0.184375
0 0.17265625 0.80078125 0.065625 0.1609375
0 0.203125 0.78125 0.03671875 0.153125
0 0.22734375 0.8125 0.08515625 0.17734375
0 0.2515625 0.78203125 0.0421875 0.16015625
0 0.29453125 0.79609375 0.0703125 0.1625
0 0.33046875 0.7703125 0.0453125 0.1234375
0 0.3953125 0.8046875 0.06875 0.17890625
0 0.4359375 0.78671875 0.0484375 0.1390625
0 0.47734375 0.775 0.05390625 0.11171875
0 0.54296875 0.775 0.06875 0.134375
0 0.58359375 0.7703125 0.046875 0.11875
0 0.66875 0.734375 0.0296875 0.04609375
0 0.63203125 0.78515625 0.03515625 0.08125
0 0.66328125 0.80390625 0.06328125 0.10625
0 0.66015625 0.79140625 0.05859375 0.10703125
0 0.72578125 0.7953125 0.06171875 0.07265625
0 0.7046875 0.8 0.03671875 0.1109375
0 0.78828125 0.7375 0.03671875 0.0421875
0 0.79609375 0.83984375 0.12890625 0.23984375
0 0.84140625 0.77421875 0.05859375 0.13203125
0 0.90390625 0.83125 0.0953125 0.24375
0 0.746875 0.77265625 0.03046875 0.05390625
0 0.70703125 0.79921875 0.04140625 0.109375
0 0.74765625 0.7203125 0.0234375 0.02109375
0 0.7328125 0.72734375 0.03203125 0.028125
0 0.7203125 0.73046875 0.03203125 0.0421875
0 0.65 0.7296875 0.03359375 0.0375
0 0.625 0.7390625 0.0265625 0.05390625
0 0.59453125 0.7359375 0.03671875 0.05078125
0 0.56171875 0.72109375 0.0203125 0.02109375
0 0.45703125 0.72890625 0.01875 0.034375
0 0.4390625 0.728125 0.03671875 0.04453125
0 0.375 0.78359375 0.06015625 0.134375
0 0.36484375 0.76953125 0.03828125 0.134375
0 0.31171875 0.7265625 0.025 0.03203125
0 0.11953125 0.73671875 0.03046875 0.03984375
0 0.05703125 0.8015625 0.06171875 0.1796875
0 0.51796875 0.61640625 0.15703125 0.04921875
0 0.809375 0.7484375 0.0203125 0.07421875
0 0.88671875 0.7328125 0.05703125 0.05390625
0 0.79140625 0.753125 0.01875 0.01640625
0 0.70703125 0.75703125 0.0734375 0.0390625
0 0.70390625 0.7296875 0.0203125 0.01875
0 0.6046875 0.74140625 0.028125 0.06015625
0 0.63046875 0.71953125 0.01171875 0.02265625
0 0.56328125 0.8046875 0.03828125 0.0421875
0 0.51484375 0.75546875 0.03828125 0.09375
0 0.4796875 0.7234375 0.03828125 0.03515625
0 0.46171875 0.7578125 0.0296875 0.0328125
0 0.41171875 0.73046875 0.0265625 0.03984375
0 0.41953125 0.834375 0.0265625 0.0296875
0 0.378125 0.72109375 0.0296875 0.02109375
0 0.3453125 0.753125 0.025 0.0984375
0 0.2765625 0.72890625 0.0453125 0.04375
0 0.21875 0.721875 0.0203125 0.0203125
0 0.0890625 0.7140625 0.03046875 0.0234375
0 0.44296875 0.72265625 0.01171875 0.0234375