0 0.0953125 0.48359375 0.09375 0.2375
0 0.07265625 0.48046875 0.0609375 0.23515625
0 0.16015625 0.571875 0.12109375 0.34765625
0 0.221875 0.509375 0.05390625 0.22265625
0 0.34140625 0.50546875 0.05625 0.30625
0 0.38359375 0.571875 0.0953125 0.35625
0 0.4296875 0.515625 0.04453125 0.23984375
0 0.51171875 0.559375 0.0515625 0.34375
0 0.5765625 0.60546875 0.07734375 0.41015625
0 0.60546875 0.54765625 0.03515625 0.21640625
0 0.6546875 0.54296875 0.10078125 0.28984375
0 0.71953125 0.5875 0.08671875 0.3125
0 0.76171875 0.540625 0.09609375 0.28984375
0 0.78671875 0.553125 0.0484375 0.22734375
0 0.83515625 0.553125 0.05546875 0.21015625
0 0.88125 0.496875 0.06796875 0.12265625
0 0.94296875 0.52421875 0.0296875 0.11875
0 0.965625 0.52578125 0.02578125 0.12265625
0 0.990625 0.53046875 0.01640625 0.12265625
0 0.98671875 0.528125 0.02109375 0.11484375
0 0.85703125 0.47734375 0.009375 0.04609375
0 0.48203125 0.44296875 0.01328125 0.04765625
0 0.47734375 0.446875 0.0109375 0.04765625
0 0.875 0.609375 0.06953125 0.19375
0 0.9515625 0.46328125 0.07421875 0.03515625
0 0.7203125 0.44921875 0.01171875 0.02734375
0 0.6140625 0.45625 0.0140625 0.05
0 0.04609375 0.75546875 0.09140625 0.07265625
0 0.24375 0.725 0.303125 0.1625
0 0.43359375 0.83828125 0.2546875 0.13515625
0 0.453125 0.73828125 0.12421875 0.05234375
0 0.621875 0.74140625 0.12890625 0.0875
0 0.82890625 0.71640625 0.04375 0.0625
0 0.95234375 0.58828125 0.07890625 0.03125