0 0.040625 0.56171875 0.03203125 0.0734375
0 0.1265625 0.54453125 0.0234375 0.0984375
0 0.17109375 0.5515625 0.03671875 0.10234375
0 0.25078125 0.515625 0.03515625 0.04921875
0 0.29921875 0.50546875 0.0203125 0.03828125
0 0.3640625 0.48515625 0.01640625 0.0515625
0 0.3859375 0.50234375 0.025 0.0578125
0 0.40546875 0.48125 0.01484375 0.0421875
0 0.41875 0.503125 0.025 0.06015625
0 0.446875 0.496875 0.01328125 0.05546875
0 0.48984375 0.4875 0.0234375 0.06015625
0 0.5140625 0.49453125 0.01875 0.0421875
0 0.865625 0.5265625 0.0265625 0.08515625
0 0.7921875 0.4890625 0.00703125 0.01328125
0 0.78984375 0.52890625 0.0234375 0.08046875
0 0.76796875 0.52890625 0.0203125 0.0890625
0 0.73828125 0.4890625 0.01328125 0.0578125
0 0.70078125 0.49140625 0.01171875 0.05390625
0 0.009375 0.57265625 0.01875 0.09140625
0 0.4625 0.5109375 0.01640625 0.03984375
0 0.72265625 0.49765625 0.03046875 0.07109375
0 0.91171875 0.5046875 0.01328125 0.04453125
0 0.76484375 0.48359375 0.01640625 0.0515625