0 0.02109375 0.81015625 0.04140625 0.18671875
0 0.05 0.8078125 0.071875 0.19140625
0 0.09375 0.7921875 0.0453125 0.14453125
0 0.15078125 0.77265625 0.03203125 0.09453125
0 0.221875 0.79765625 0.04375 0.2046875
0 0.24296875 0.80234375 0.0609375 0.21015625
0 0.26953125 0.80703125 0.02890625 0.1890625
0 0.3 0.80703125 0.03984375 0.184375
0 0.3234375 0.796875 0.028125 0.171875
0 0.35859375 0.79375 0.0421875 0.1921875
0 0.39765625 0.79609375 0.0375 0.08046875
0 0.4484375 0.7859375 0.04296875 0.06171875
0 0.5421875 0.80546875 0.10390625 0.19921875
0 0.59453125 0.815625 0.04921875 0.1796875
0 0.6609375 0.7953125 0.0859375 0.21953125
0 0.690625 0.796875 0.03828125 0.14296875
0 0.73828125 0.8140625 0.0453125 0.18046875
0 0.78359375 0.80546875 0.065625 0.1984375
0 0.9453125 0.79453125 0.08828125 0.21796875
0 0.80703125 0.76015625 0.02890625 0.1015625
0 0.875 0.759375 0.03515625 0.10546875
0 0.30234375 0.50859375 0.02734375 0.0703125
0 0.4875 0.7578125 0.01953125 0.071875
0 0.56796875 0.778125 0.01796875 0.046875
0 0.61796875 0.78203125 0.0265625 0.15703125
0 0.80390625 0.7390625 0.025 0.0453125
0 0.83359375 0.7234375 0.02109375 0.02421875
0 0.03671875 0.72734375 0.0375 0.1234375
0 0.27421875 0.73671875 0.03046875 0.04921875
0 0.36953125 0.74140625 0.06484375 0.0671875
0 0.44609375 0.7359375 0.07578125 0.03828125
0 0.58515625 0.7375 0.03828125 0.05390625
0 0.715625 0.75546875 0.040625 0.07421875
0 0.90546875 0.503125 0.08671875 0.08515625