0 0.86015625 0.58359375 0.2765625 0.828125
0 0.8546875 0.26875 0.12578125 0.2671875
0 0.9625 0.528125 0.07265625 0.6
0 0.63203125 0.51015625 0.2375 0.69375
0 0.63984375 0.2578125 0.0359375 0.07578125
0 0.49296875 0.37578125 0.09296875 0.4
0 0.41328125 0.375 0.0609375 0.371875
0 0.38046875 0.38046875 0.103125 0.38671875
0 0.30546875 0.41875 0.10703125 0.48515625
0 0.2546875 0.36328125 0.05078125 0.278125
0 0.25078125 0.2421875 0.040625 0.10234375
0 0.228125 0.33984375 0.0359375 0.2546875
0 0.2015625 0.35546875 0.0375 0.2671875
0 0.16484375 0.35546875 0.07109375 0.31953125
0 0.11640625 0.3328125 0.05078125 0.28671875
0 0.08515625 0.3453125 0.08671875 0.2953125
0 0.04140625 0.34453125 0.05078125 0.2671875
0 0.01640625 0.36484375 0.03046875 0.16953125
0 0.4265625 0.4109375 0.0828125 0.26484375
0 0.0078125 0.35859375 0.015625 0.2703125
0 0.28046875 0.23125 0.03046875 0.05859375
0 0.26953125 0.475 0.03203125 0.13671875
0 0.13984375 0.253125 0.0453125 0.04140625
0 0.1359375 0.42265625 0.0203125 0.06328125
0 0.2125 0.253125 0.03046875 0.0328125