0 0.02578125 0.42421875 0.0515625 0.2984375
0 0.04296875 0.35703125 0.03671875 0.121875
0 0.14453125 0.27421875 0.05390625 0.053125
0 0.17265625 0.49609375 0.2140625 0.5703125
0 0.21328125 0.55625 0.2265625 0.565625
0 0.309375 0.4921875 0.11875 0.4625
0 0.3859375 0.34765625 0.0546875 0.10234375
0 0.45546875 0.56484375 0.22421875 0.61953125
0 0.4890625 0.51328125 0.18671875 0.54765625
0 0.60390625 0.4953125 0.1453125 0.48203125
0 0.6625 0.47421875 0.0859375 0.36015625
0 0.8046875 0.52265625 0.1921875 0.6484375
0 0.8546875 0.50078125 0.20078125 0.5734375
0 0.93671875 0.48359375 0.125 0.43828125
0 0.95390625 0.440625 0.090625 0.33828125
0 0.021875 0.4453125 0.04296875 0.10234375
0 0.49921875 0.3296875 0.9984375 0.15
0 0.0703125 0.12265625 0.03984375 0.03046875