0 0.32265625 0.709375 0.2140625 0.5125
0 0.51640625 0.5796875 0.22890625 0.59765625
0 0.67578125 0.6203125 0.14296875 0.5203125
0 0.8078125 0.684375 0.16953125 0.56328125
0 0.89921875 0.6625 0.2 0.67265625
0 0.95234375 0.66328125 0.09296875 0.67109375
0 0.2640625 0.53125 0.3109375 0.46875
0 0.2453125 0.4203125 0.05625 0.13828125
0 0.184375 0.5328125 0.09296875 0.490625
0 0.1234375 0.69375 0.15078125 0.35078125
0 0.1328125 0.515625 0.09296875 0.16484375
0 0.05234375 0.65 0.1046875 0.4578125
0 0.02890625 0.40546875 0.0578125 0.2828125