0 0.02109375 0.39140625 0.028125 0.0890625
0 0.0359375 0.3875 0.01796875 0.075
0 0.0578125 0.3875 0.02578125 0.065625
0 0.084375 0.38515625 0.02734375 0.0484375
0 0.1265625 0.3640625 0.03828125 0.0609375
0 0.24296875 0.3484375 0.025 0.0359375
0 0.26484375 0.34375 0.01953125 0.0328125
0 0.28203125 0.34375 0.015625 0.0296875
0 0.2953125 0.34140625 0.0125 0.025
0 0.30625 0.33515625 0.015625 0.034375
0 0.3171875 0.36015625 0.01171875 0.05625
0 0.365625 0.33359375 0.01171875 0.025
0 0.14296875 0.8375 0.0734375 0.20078125
0 0.175 0.7765625 0.06015625 0.17890625
0 0.26796875 0.715625 0.05390625 0.19140625
0 0.28203125 0.6296875 0.03515625 0.0796875
0 0.31640625 0.59765625 0.04296875 0.0609375
0 0.30234375 0.553125 0.02578125 0.08125
0 0.32890625 0.5625 0.028125 0.084375
0 0.353125 0.5359375 0.02421875 0.065625
0 0.37578125 0.49921875 0.01796875 0.0640625
0 0.38515625 0.58125 0.03828125 0.090625
0 0.36171875 0.6203125 0.05234375 0.109375
0 0.32265625 0.628125 0.03203125 0.0765625
0 0.3375 0.67890625 0.03671875 0.121875
0 0.3984375 0.6875 0.04140625 0.14765625
0 0.334375 0.8 0.065625 0.19765625
0 0.3703125 0.73984375 0.04375 0.14296875
0 0.40546875 0.86953125 0.0640625 0.22109375
0 0.45859375 0.675 0.05625 0.1234375
0 0.4609375 0.765625 0.06953125 0.18828125
0 0.51171875 0.70390625 0.04765625 0.17109375
0 0.571875 0.7390625 0.05078125 0.19765625
0 0.61875 0.771875 0.075 0.20703125
0 0.65703125 0.6921875 0.0375 0.16015625
0 0.6984375 0.72265625 0.05390625 0.18046875
0 0.7859375 0.83203125 0.08125 0.18984375
0 0.7796875 0.7359375 0.05859375 0.16015625
0 0.828125 0.7328125 0.05859375 0.16328125
0 0.7828125 0.65234375 0.04140625 0.15546875
0 0.75234375 0.6484375 0.02578125 0.1015625
0 0.71015625 0.56171875 0.03671875 0.1109375
0 0.628125 0.5859375 0.028125 0.13046875
0 0.6609375 0.565625 0.0375 0.125
0 0.640625 0.47265625 0.01484375 0.0671875
0 0.53046875 0.8765625 0.08515625 0.19296875
0 0.884375 0.41015625 0.02734375 0.14453125
0 0.85390625 0.3640625 0.01796875 0.0453125
0 0.825 0.3546875 0.02734375 0.0515625
0 0.7609375 0.35078125 0.01484375 0.028125
0 0.73515625 0.34453125 0.01796875 0.028125
0 0.7125 0.3359375 0.02421875 0.0390625
0 0.6984375 0.3390625 0.01484375 0.0296875
0 0.671875 0.33671875 0.01328125 0.028125
0 0.33984375 0.540625 0.02265625 0.059375
0 0.2421875 0.34765625 0.025 0.0375
0 0.3484375 0.36640625 0.01953125 0.084375
0 0.3796875 0.33359375 0.00859375 0.021875
0 0.05234375 0.82890625 0.0890625 0.15234375
0 0.16796875 0.64921875 0.053125 0.06875
0 0.378125 0.528125 0.02421875 0.046875
0 0.5703125 0.375 0.00859375 0.0421875
0 0.65 0.334375 0.02890625 0.0296875