0 0.00625 0.628125 0.0125 0.034375
0 0.01953125 0.62890625 0.01640625 0.0390625
0 0.03203125 0.62734375 0.02890625 0.04375
0 0.05859375 0.62734375 0.02734375 0.0390625
0 0.08046875 0.62890625 0.0234375 0.034375
0 0.09375 0.62734375 0.01875 0.03203125
0 0.10546875 0.6265625 0.01640625 0.03359375
0 0.125 0.62578125 0.01015625 0.025
0 0.1375 0.621875 0.01875 0.02578125
0 0.146875 0.621875 0.01953125 0.02734375
0 0.159375 0.6234375 0.01875 0.03046875
0 0.1734375 0.62265625 0.0078125 0.02890625
0 0.178125 0.6234375 0.01484375 0.0296875
0 0.1859375 0.6265625 0.01640625 0.0328125
0 0.20234375 0.625 0.01875 0.02890625
0 0.2171875 0.62578125 0.01875 0.03046875
0 0.24609375 0.6234375 0.0140625 0.01953125
0 0.75859375 0.62421875 0.01640625 0.025
0 0.771875 0.61953125 0.01484375 0.01640625
0 0.9859375 0.628125 0.01640625 0.028125
0 0.11796875 0.6265625 0.1734375 0.0390625
0 0.69609375 0.6203125 0.17421875 0.0203125
0 0.97578125 0.621875 0.04609375 0.0234375
0 0.728125 0.71171875 0.14921875 0.06640625