0 0.58046875 0.67734375 0.0203125 0.0796875
0 0.43515625 0.646875 0.009375 0.046875
0 0.44453125 0.6484375 0.01875 0.04296875
0 0.4546875 0.64921875 0.0140625 0.0453125
0 0.4625 0.65546875 0.0171875 0.053125
0 0.4734375 0.66015625 0.0171875 0.06953125
0 0.52109375 0.6390625 0.0109375 0.01640625
0 0.521875 0.66484375 0.0125 0.06328125
0 0.53359375 0.66484375 0.021875 0.071875
0 0.5578125 0.67421875 0.05703125 0.13515625
0 0.66171875 0.67109375 0.01875 0.084375
0 0.67734375 0.6734375 0.0171875 0.084375
0 0.68359375 0.675 0.0171875 0.07578125
0 0.73984375 0.71015625 0.06484375 0.1984375
0 0.78125 0.69375 0.03984375 0.16171875
0 0.94609375 0.696875 0.0890625 0.1640625
0 0.96015625 0.746875 0.0765625 0.50234375
0 0.44609375 0.859375 0.06796875 0.12109375
0 0.34921875 0.6421875 0.01875 0.05546875
0 0.109375 0.62890625 0.03671875 0.0453125
0 0.3890625 0.63828125 0.0765625 0.05546875
0 0.46484375 0.62578125 0.03046875 0.01875
0 0.578125 0.628125 0.025 0.01875
0 0.2953125 0.53984375 0.021875 0.08828125
0 0.43984375 0.63125 0.00625 0.0125
0 0.53046875 0.625 0.03359375 0.0203125
0 0.5265625 0.6421875 0.0078125 0.01875
0 0.6703125 0.6453125 0.0078125 0.01640625
0 0.346875 0.62421875 0.0109375 0.0265625
0 0.18359375 0.628125 0.02890625 0.02265625