0 0.0546875 0.34609375 0.09296875 0.265625
0 0.059375 0.57890625 0.11875 0.6140625
0 0.12578125 0.696875 0.0734375 0.4171875
0 0.22578125 0.56328125 0.2078125 0.721875
0 0.28359375 0.61015625 0.1765625 0.77578125
0 0.3578125 0.3828125 0.121875 0.2765625
0 0.42578125 0.646875 0.14453125 0.5140625
0 0.5109375 0.7515625 0.06796875 0.21484375
0 0.56171875 0.68515625 0.15 0.2953125
0 0.621875 0.5625 0.1140625 0.33359375
0 0.71640625 0.4890625 0.1375 0.1765625
0 0.7453125 0.39921875 0.13671875 0.2296875
0 0.7296875 0.25625 0.08359375 0.23359375
0 0.83828125 0.39921875 0.1234375 0.4375
0 0.91875 0.39921875 0.1109375 0.46015625
0 0.9734375 0.53671875 0.05078125 0.35078125
0 0.009375 0.675 0.01875 0.26328125
0 0.3140625 0.6484375 0.0859375 0.4359375
0 0.55 0.23125 0.22890625 0.1578125
0 0.0875 0.9171875 0.1734375 0.04609375