0 0.0125 0.52109375 0.025 0.1609375
0 0.1015625 0.49765625 0.01328125 0.09296875
0 0.121875 0.503125 0.02265625 0.1015625
0 0.16953125 0.50078125 0.0203125 0.084375
0 0.22421875 0.503125 0.01875 0.0875
0 0.19921875 0.5 0.0109375 0.0890625
0 0.19921875 0.5015625 0.01875 0.0859375
0 0.2359375 0.4796875 0.00703125 0.02890625
0 0.2453125 0.49375 0.01015625 0.06796875
0 0.25390625 0.50234375 0.01875 0.09296875
0 0.290625 0.49921875 0.01875 0.0765625
0 0.3109375 0.49765625 0.0078125 0.0765625
0 0.34375 0.521875 0.0234375 0.10390625
0 0.38671875 0.50078125 0.0171875 0.0765625
0 0.37265625 0.50234375 0.0125 0.06796875
0 0.365625 0.4921875 0.00859375 0.0484375
0 0.3578125 0.4890625 0.00625 0.053125
0 0.3984375 0.4890625 0.01015625 0.05
0 0.390625 0.47890625 0.00703125 0.028125
0 0.4140625 0.48828125 0.01015625 0.04609375
0 0.4265625 0.48984375 0.00859375 0.04609375
0 0.434375 0.49453125 0.00859375 0.046875
0 0.42265625 0.48515625 0.0078125 0.04296875
0 0.4671875 0.50234375 0.01015625 0.04609375
0 0.3296875 0.490625 0.00859375 0.04453125
0 0.334375 0.496875 0.01015625 0.05546875
0 0.35546875 0.4671875 0.009375 0.04296875
0 0.521875 0.503125 0.028125 0.08359375
0 0.4953125 0.48671875 0.00859375 0.03203125
0 0.4984375 0.4953125 0.01171875 0.05703125
0 0.5421875 0.496875 0.00859375 0.04140625
0 0.528125 0.490625 0.0078125 0.04140625
0 0.55 0.5 0.00859375 0.04140625
0 0.5734375 0.50234375 0.01328125 0.04609375
0 0.5625 0.4875 0.00859375 0.0390625
0 0.6359375 0.50625 0.01640625 0.07890625
0 0.65625 0.53125 0.02890625 0.12109375
0 0.875 0.484375 0.01171875 0.02890625
0 0.878125 0.5 0.01171875 0.053125
0 0.8625 0.5265625 0.01796875 0.09140625
0 0.8515625 0.5203125 0.00859375 0.0734375
0 0.83125 0.5234375 0.01015625 0.096875
0 0.815625 0.503125 0.01875 0.0765625
0 0.7859375 0.4953125 0.00859375 0.05390625
0 0.765625 0.5109375 0.0171875 0.075
0 0.7515625 0.49609375 0.0109375 0.046875
0 0.74296875 0.496875 0.009375 0.04453125
0 0.7234375 0.496875 0.01015625 0.05
0 0.70625 0.48671875 0.00859375 0.0375
0 0.71328125 0.4859375 0.0078125 0.03359375
0 0.6921875 0.48359375 0.00625 0.028125
0 0.6890625 0.48203125 0.00625 0.028125
0 0.67421875 0.4859375 0.0078125 0.03359375
0 0.6671875 0.48828125 0.00703125 0.040625
0 0.40859375 0.48359375 0.00625 0.0390625
0 0.2578125 0.46328125 0.00625 0.015625
0 0.3765625 0.46484375 0.03359375 0.009375
0 0.45 0.4828125 0.02265625 0.034375
0 0.4328125 0.4671875 0.0109375 0.009375
0 0.34375 0.46484375 0.015625 0.0125
0 0.6796875 0.48359375 0.00703125 0.03046875
0 0.6578125 0.47109375 0.0140625 0.0109375
0 0.6484375 0.48203125 0.00859375 0.03046875
0 0.5828125 0.47890625 0.03125 0.028125
0 0.6125 0.490625 0.02890625 0.040625
0 0.54765625 0.4703125 0.0234375 0.015625
0 0.484375 0.478125 0.00859375 0.028125
0 0.509375 0.4828125 0.00859375 0.0375
0 0.77265625 0.4796875 0.0078125 0.040625
0 0.3109375 0.471875 0.00859375 0.0234375
0 0.06875 0.50390625 0.02421875 0.103125