0 0.14765625 0.78671875 0.02109375 0.07734375
0 0.12890625 0.79296875 0.01640625 0.07265625
0 0.234375 0.85546875 0.01953125 0.08125
0 0.25546875 0.83984375 0.025 0.0875
0 0.278125 0.90546875 0.0234375 0.09765625
0 0.0625 0.96640625 0.03046875 0.0625
0 0.06328125 0.92109375 0.02109375 0.08359375
0 0.09140625 0.95234375 0.025 0.09140625
0 0.021875 0.90078125 0.02890625 0.08515625
0 0.034375 0.89765625 0.01796875 0.08359375
0 0.1296875 0.88671875 0.015625 0.05234375
0 0.125 0.94453125 0.025 0.08515625
0 0.28046875 0.8125 0.01640625 0.07890625
0 0.29765625 0.853125 0.0265625 0.08984375
0 0.3 0.79765625 0.01640625 0.0625
0 0.3125 0.80234375 0.01953125 0.075
0 0.3046875 0.95703125 0.02109375 0.08125
0 0.32890625 0.796875 0.025 0.07265625
0 0.3546875 0.84296875 0.0234375 0.08984375
0 0.37265625 0.84140625 0.0234375 0.08359375
0 0.328125 0.96015625 0.025 0.075
0 0.340625 0.94765625 0.021875 0.09609375
0 0.334375 0.90625 0.0109375 0.04140625
0 0.365625 0.915625 0.0234375 0.08515625
0 0.3625 0.94765625 0.028125 0.1
0 0.3921875 0.940625 0.0265625 0.11484375
0 0.36171875 0.8125 0.01796875 0.07890625
0 0.403125 0.80703125 0.0234375 0.08515625
0 0.428125 0.803125 0.0234375 0.07734375
0 0.446875 0.809375 0.01953125 0.08125
0 0.4703125 0.81953125 0.0125 0.04765625
0 0.52734375 0.96015625 0.03203125 0.075
0 0.5953125 0.8125 0.02109375 0.08359375
0 0.66171875 0.83828125 0.0234375 0.08984375
0 0.709375 0.91328125 0.025 0.10234375
0 0.4390625 0.72421875 0.01953125 0.06015625
0 0.45078125 0.72265625 0.0125 0.05859375
0 0.5609375 0.74140625 0.01640625 0.07890625
0 0.5515625 0.71953125 0.01953125 0.06484375
0 0.5765625 0.73515625 0.01640625 0.075
0 0.590625 0.73515625 0.01953125 0.075
0 0.6125 0.7 0.0140625 0.05390625
0 0.62421875 0.69921875 0.01796875 0.05234375
0 0.42734375 0.69765625 0.0125 0.06640625
0 0.45078125 0.68359375 0.01796875 0.04140625
0 0.465625 0.69765625 0.015625 0.05390625
0 0.47890625 0.66328125 0.0140625 0.05234375
0 0.5234375 0.6875 0.0140625 0.05859375
0 0.52265625 0.65390625 0.0125 0.03359375
0 0.5390625 0.66328125 0.0109375 0.04765625
0 0.5734375 0.64453125 0.0109375 0.04375
0 0.440625 0.596875 0.0140625 0.04765625
0 0.409375 0.6 0.009375 0.02109375
0 0.49375 0.628125 0.0125 0.03984375
0 0.48125 0.62734375 0.015625 0.04140625
0 0.721875 0.825 0.01953125 0.075
0 0.7390625 0.82265625 0.021875 0.07890625
0 0.74453125 0.77109375 0.0140625 0.07890625
0 0.62109375 0.66875 0.0140625 0.05390625
0 0.7640625 0.909375 0.03046875 0.05234375
0 0.82265625 0.76171875 0.02109375 0.05234375
0 0.83828125 0.80078125 0.0125 0.06875
0 0.79453125 0.96640625 0.03046875 0.0625
0 0.790625 0.90078125 0.028125 0.10625
0 0.8265625 0.971875 0.021875 0.05234375
0 0.8640625 0.89453125 0.021875 0.09375
0 0.15546875 0.85078125 0.01953125 0.06015625
0 0.88515625 0.93125 0.0265625 0.10390625
0 0.9046875 0.84140625 0.034375 0.0875
0 0.99375 0.88515625 0.009375 0.09140625
0 0.11171875 0.8125 0.015625 0.04609375
0 0.1359375 0.85546875 0.025 0.08984375
0 0.2421875 0.88515625 0.01796875 0.0875
0 0.2546875 0.71875 0.01796875 0.03359375
0 0.3109375 0.95625 0.01953125 0.08359375
0 0.01796875 0.94765625 0.01640625 0.05390625
0 0.27109375 0.73671875 0.01640625 0.06015625
0 0.20859375 0.93046875 0.14453125 0.13515625
0 0.10625 0.95078125 0.0125 0.08125
0 0.75 0.69375 0.08359375 0.10859375
0 0.25859375 0.65859375 0.053125 0.0875
0 0.21953125 0.76484375 0.01953125 0.06640625
0 0.19375 0.759375 0.01796875 0.05625
0 0.0828125 0.86015625 0.0265625 0.05
0 0.03203125 0.96875 0.04140625 0.05859375
0 0.40078125 0.93203125 0.015625 0.09765625
0 0.58515625 0.80859375 0.0125 0.0625
0 0.71328125 0.8 0.0125 0.09140625
0 0.45625 0.721875 0.009375 0.05234375
0 0.76796875 0.75546875 0.0140625 0.05625
0 0.52578125 0.54140625 0.39296875 0.19609375
0 0.80625 0.80703125 0.04296875 0.07734375
0 0.88515625 0.95 0.0265625 0.05
0 0.93515625 0.90625 0.0265625 0.11640625
0 0.16953125 0.790625 0.01640625 0.06875
0 0.8109375 0.68359375 0.00859375 0.01640625
0 0.8109375 0.73984375 0.00859375 0.05859375
0 0.01484375 0.86015625 0.009375 0.02890625
0 0.27265625 0.72890625 0.009375 0.04609375
0 0.58359375 0.65 0.00859375 0.025
0 0.4015625 0.66484375 0.03359375 0.05390625
0 0.1140625 0.76796875 0.0109375 0.03984375
0 0.246875 0.71953125 0.00859375 0.03125