0 0.17265625 0.52265625 0.21484375 0.953125
0 0.39921875 0.415625 0.13828125 0.57109375
0 0.425 0.43125 0.08203125 0.44453125
0 0.4625 0.36953125 0.053125 0.44140625
0 0.51484375 0.40234375 0.08828125 0.51015625
0 0.58203125 0.321875 0.053125 0.26796875
0 0.61171875 0.31640625 0.02890625 0.24140625
0 0.6515625 0.390625 0.09453125 0.4796875
0 0.71171875 0.434375 0.10078125 0.50625
0 0.75546875 0.39609375 0.0625 0.44296875
0 0.81015625 0.41328125 0.08203125 0.5734375
0 0.87109375 0.51328125 0.08046875 0.5265625
0 0.8875 0.21640625 0.0421875 0.11640625
0 0.90859375 0.29453125 0.0375 0.27578125
0 0.95234375 0.409375 0.06015625 0.4796875
0 0.9796875 0.4453125 0.03984375 0.4984375
0 0.7890625 0.20703125 0.02578125 0.053125
0 0.85 0.22421875 0.03203125 0.0984375
0 0.534375 0.23359375 0.03359375 0.09140625
0 0.4546875 0.084375 0.1140625 0.08671875
0 0.73671875 0.71015625 0.525 0.1390625
0 0.91953125 0.47890625 0.04296875 0.0890625
0 0.4203125 0.18125 0.0453125 0.10859375