0 0.165625 0.80390625 0.33125 0.38984375
0 0.521875 0.78359375 0.4234375 0.43125
0 0.33203125 0.6609375 0.21015625 0.34921875
0 0.5875 0.6671875 0.1796875 0.371875
0 0.45 0.58125 0.1109375 0.3125
0 0.4984375 0.4828125 0.0578125 0.1453125
0 0.521875 0.3875 0.0765625 0.2515625
0 0.58046875 0.41640625 0.04765625 0.21328125
0 0.66171875 0.52578125 0.08359375 0.51640625
0 0.784375 0.5453125 0.2203125 0.88359375
0 0.92890625 0.59921875 0.140625 0.3765625
0 0.88984375 0.796875 0.21640625 0.39140625
0 0.63359375 0.33359375 0.1703125 0.09375
0 0.9296875 0.39921875 0.103125 0.40625