0 0.84296875 0.8015625 0.08828125 0.325
0 0.94765625 0.6953125 0.0953125 0.25234375
0 0.915625 0.69375 0.07265625 0.21328125
0 0.84375 0.775 0.09765625 0.26953125
0 0.9625 0.63046875 0.04921875 0.196875
0 0.98671875 0.6453125 0.02421875 0.196875
0 0.9828125 0.56171875 0.03125 0.14375
0 0.9828125 0.55703125 0.0328125 0.178125
0 0.93125 0.56015625 0.034375 0.07109375
0 0.95234375 0.5296875 0.02734375 0.04765625
0 0.9015625 0.59140625 0.0453125 0.17109375
0 0.98671875 0.47109375 0.02421875 0.04921875
0 0.8890625 0.578125 0.03828125 0.1796875
0 0.89140625 0.52578125 0.02890625 0.121875
0 0.91484375 0.5140625 0.0390625 0.103125
0 0.9484375 0.48515625 0.01875 0.0546875
0 0.96484375 0.49921875 0.021875 0.0390625
0 0.94140625 0.51484375 0.01875 0.04765625
0 0.93125 0.459375 0.0203125 0.04921875
0 0.90078125 0.4484375 0.021875 0.0453125
0 0.9171875 0.46484375 0.0171875 0.0390625
0 0.88125 0.46875 0.02421875 0.0765625
0 0.86796875 0.490625 0.03203125 0.059375
0 0.8703125 0.546875 0.0359375 0.10546875
0 0.83984375 0.63515625 0.05625 0.11015625
0 0.81953125 0.671875 0.04921875 0.2046875
0 0.8640625 0.653125 0.04609375 0.225
0 0.821875 0.58984375 0.034375 0.06953125
0 0.840625 0.54765625 0.03515625 0.075
0 0.84453125 0.4765625 0.0171875 0.0546875
0 0.84921875 0.49375 0.01328125 0.05625
0 0.8171875 0.55859375 0.03515625 0.1546875
0 0.83359375 0.4984375 0.025 0.04609375
0 0.8296875 0.46171875 0.01796875 0.03359375
0 0.834375 0.46328125 0.0171875 0.07109375
0 0.81875 0.46484375 0.021875 0.059375
0 0.80078125 0.47578125 0.025 0.05625
0 0.8078125 0.44609375 0.021875 0.040625
0 0.79921875 0.59140625 0.0296875 0.2
0 0.77421875 0.66328125 0.0578125 0.2015625
0 0.77734375 0.63125 0.05234375 0.20703125
0 0.77421875 0.55234375 0.0359375 0.07265625
0 0.77578125 0.50703125 0.03125 0.04921875
0 0.76640625 0.46953125 0.0171875 0.03515625
0 0.753125 0.615625 0.028125 0.19140625
0 0.759375 0.509375 0.01875 0.03359375
0 0.7609375 0.50625 0.03203125 0.05625
0 0.75546875 0.4703125 0.02109375 0.059375
0 0.74140625 0.48828125 0.02734375 0.0609375
0 0.746875 0.4390625 0.02578125 0.0546875
0 0.728125 0.575 0.0390625 0.140625
0 0.7265625 0.7109375 0.08671875 0.26796875
0 0.7 0.63359375 0.04765625 0.21171875
0 0.7046875 0.546875 0.03828125 0.08515625
0 0.7 0.49609375 0.0203125 0.07109375
0 0.68359375 0.51484375 0.02734375 0.05234375
0 0.72265625 0.4890625 0.0203125 0.0390625
0 0.73515625 0.51328125 0.025 0.04921875
0 0.71796875 0.48203125 0.0203125 0.05625
0 0.68984375 0.46328125 0.02109375 0.059375
0 0.68046875 0.49921875 0.0171875 0.03359375
0 0.67890625 0.58046875 0.02578125 0.1171875
0 0.66796875 0.75625 0.0859375 0.3015625
0 0.640625 0.771875 0.0828125 0.221875
0 0.61015625 0.75078125 0.059375 0.2203125
0 0.56171875 0.765625 0.0671875 0.18125
0 0.546875 0.75546875 0.03671875 0.1171875
0 0.553125 0.725 0.06484375 0.24765625
0 0.6671875 0.63359375 0.04375 0.14765625
0 0.66484375 0.5890625 0.0390625 0.1171875
0 0.64296875 0.55234375 0.028125 0.0546875
0 0.621875 0.590625 0.02734375 0.10859375
0 0.59921875 0.6109375 0.0390625 0.17265625
0 0.56875 0.62890625 0.040625 0.10703125
0 0.56484375 0.57734375 0.034375 0.059375
0 0.6640625 0.50234375 0.021875 0.07109375
0 0.6578125 0.4640625 0.01796875 0.0578125
0 0.65078125 0.434375 0.01796875 0.0359375
0 0.66484375 0.434375 0.01875 0.059375
0 0.6421875 0.42578125 0.0171875 0.03203125
0 0.61875 0.4375 0.01328125 0.03203125
0 0.609375 0.4921875 0.02421875 0.1
0 0.6296875 0.428125 0.0203125 0.05078125
0 0.6 0.465625 0.01796875 0.0828125
0 0.58515625 0.4640625 0.02734375 0.11015625
0 0.52734375 0.67890625 0.04296875 0.23046875
0 0.54453125 0.57734375 0.02890625 0.07421875
0 0.5703125 0.5765625 0.03515625 0.1015625
0 0.5375 0.53515625 0.03671875 0.07265625
0 0.56171875 0.5265625 0.0203125 0.03046875
0 0.56328125 0.503125 0.03125 0.08671875
0 0.57734375 0.5078125 0.01875 0.09453125
0 0.55703125 0.47734375 0.015625 0.06484375
0 0.57578125 0.475 0.02578125 0.07109375
0 0.540625 0.44765625 0.021875 0.09296875
0 0.525 0.4703125 0.0296875 0.1
0 0.52421875 0.4453125 0.01796875 0.096875
0 0.50859375 0.56953125 0.03125 0.121875
0 0.47109375 0.73046875 0.0703125 0.28125
0 0.49375 0.7109375 0.0453125 0.27109375
0 0.490625 0.57734375 0.03203125 0.08515625
0 0.48203125 0.54609375 0.03828125 0.1046875
0 0.50546875 0.50234375 0.025 0.08515625
0 0.48984375 0.4890625 0.021875 0.0421875
0 0.5046875 0.45859375 0.0171875 0.05390625
0 0.496875 0.4453125 0.015625 0.05078125
0 0.4921875 0.42265625 0.015625 0.0359375
0 0.45703125 0.525 0.03828125 0.15234375
0 0.47265625 0.49296875 0.02109375 0.08125
0 0.47890625 0.45625 0.01796875 0.040625
0 0.44765625 0.46171875 0.02265625 0.05390625
0 0.4046875 0.74609375 0.05703125 0.2546875
0 0.4265625 0.703125 0.0328125 0.22890625
0 0.34921875 0.753125 0.07421875 0.3203125
0 0.359375 0.6046875 0.0328125 0.08125
0 0.3734375 0.71484375 0.0328125 0.2203125
0 0.425 0.5984375 0.05234375 0.121875
0 0.38671875 0.59375 0.04921875 0.11484375
0 0.440625 0.575 0.0421875 0.08515625
0 0.409375 0.5453125 0.040625 0.07109375
0 0.421875 0.51484375 0.02421875 0.0390625
0 0.4109375 0.4984375 0.0203125 0.02890625
0 0.42578125 0.48359375 0.02890625 0.103125
0 0.4375 0.45390625 0.02734375 0.075
0 0.4671875 0.4359375 0.01875 0.040625
0 0.4625 0.39609375 0.01328125 0.0359375
0 0.44609375 0.4015625 0.021875 0.04375
0 0.378125 0.49921875 0.0390625 0.11171875
0 0.328125 0.61953125 0.03828125 0.13515625
0 0.340625 0.559375 0.025 0.06953125
0 0.35625 0.55625 0.028125 0.075
0 0.32890625 0.521875 0.0296875 0.1046875
0 0.34140625 0.478125 0.03125 0.09296875
0 0.359375 0.49609375 0.028125 0.11484375
0 0.3921875 0.4640625 0.02734375 0.11875
0 0.40390625 0.45625 0.015625 0.0984375
0 0.41640625 0.425 0.0171875 0.075
0 0.37421875 0.42578125 0.0171875 0.04375
0 0.33125 0.421875 0.0171875 0.03515625
0 0.35390625 0.4171875 0.015625 0.0234375
0 0.35625 0.38828125 0.0140625 0.02890625
0 0.32109375 0.4015625 0.015625 0.0375
0 0.28671875 0.67578125 0.0421875 0.23046875
0 0.30078125 0.6484375 0.03125 0.1953125
0 0.23671875 0.66484375 0.05 0.23515625
0 0.2578125 0.625 0.0296875 0.1765625
0 0.30078125 0.50234375 0.025 0.1203125
0 0.2625 0.6109375 0.02734375 0.1984375
0 0.27578125 0.5265625 0.034375 0.096875
0 0.23671875 0.525 0.053125 0.09140625
0 0.196875 0.6515625 0.059375 0.225
0 0.2234375 0.51953125 0.01875 0.03359375
0 0.22578125 0.5078125 0.03125 0.05078125
0 0.28515625 0.5046875 0.0296875 0.103125
0 0.28984375 0.50078125 0.02578125 0.11484375
0 0.30234375 0.5046875 0.028125 0.12734375
0 0.265625 0.4703125 0.02421875 0.06484375
0 0.27890625 0.42421875 0.01796875 0.0421875
0 0.29609375 0.4234375 0.015625 0.03515625
0 0.3125 0.425 0.0171875 0.04921875
0 0.28046875 0.40234375 0.01484375 0.02734375
0 0.2578125 0.4234375 0.01171875 0.0375
0 0.23671875 0.45390625 0.015625 0.03203125
0 0.21875 0.4265625 0.025 0.0625
0 0.178125 0.41484375 0.02109375 0.0578125
0 0.19765625 0.434375 0.021875 0.04765625
0 0.20234375 0.48515625 0.021875 0.06796875
0 0.1796875 0.4890625 0.0359375 0.07421875
0 0.15625 0.425 0.01796875 0.03046875
0 0.17734375 0.425 0.0171875 0.040625
0 0.15625 0.45546875 0.02578125 0.04765625
0 0.16328125 0.396875 0.0140625 0.03203125
0 0.13828125 0.44375 0.0203125 0.040625
0 0.15 0.48828125 0.02578125 0.04609375
0 0.1328125 0.55234375 0.028125 0.078125
0 0.17578125 0.5265625 0.028125 0.0625
0 0.128125 0.50703125 0.025 0.06640625
0 0.10859375 0.525 0.02890625 0.10859375
0 0.12265625 0.43671875 0.01484375 0.04765625
0 0.12421875 0.4609375 0.015625 0.040625
0 0.1046875 0.46171875 0.0171875 0.03359375
0 0.11015625 0.43984375 0.02109375 0.06484375
0 0.12578125 0.38515625 0.01171875 0.03515625
0 0.11015625 0.38125 0.0109375 0.03515625
0 0.090625 0.37265625 0.015625 0.04375
0 0.090625 0.409375 0.0140625 0.02734375
0 0.08515625 0.60234375 0.04609375 0.1578125
0 0.134375 0.63125 0.06171875 0.13515625
0 0.04921875 0.5890625 0.0453125 0.1609375
0 0.021875 0.584375 0.03671875 0.13046875
0 0.034375 0.5265625 0.02734375 0.0625
0 0.07109375 0.50546875 0.03828125 0.08671875
0 0.075 0.4734375 0.01796875 0.0390625
0 0.05625 0.47734375 0.0171875 0.0421875
0 0.08828125 0.503125 0.02734375 0.10703125
0 0.08984375 0.4578125 0.01796875 0.040625
0 0.08984375 0.4296875 0.0109375 0.021875
0 0.0765625 0.43515625 0.02265625 0.04921875
0 0.0640625 0.4546875 0.02421875 0.0453125
0 0.0359375 0.5046875 0.0296875 0.05390625
0 0.02578125 0.50625 0.021875 0.04765625
0 0.025 0.48828125 0.021875 0.0578125
0 0.0265625 0.46328125 0.02265625 0.05078125
0 0.04375 0.459375 0.01796875 0.04375
0 0.0515625 0.42421875 0.0109375 0.025
0 0.07890625 0.40234375 0.0140625 0.021875
0 0.05546875 0.40234375 0.01484375 0.03359375
0 0.040625 0.41328125 0.0171875 0.06640625
0 0.0578125 0.39140625 0.01484375 0.0546875
0 0.040625 0.37734375 0.015625 0.02734375
0 0.0578125 0.37265625 0.01171875 0.03515625
0 0.16953125 0.4484375 0.02109375 0.0421875
0 0.22890625 0.4453125 0.0140625 0.0453125
0 0.2453125 0.5171875 0.03203125 0.075
0 0.2609375 0.4984375 0.02421875 0.0375
0 0.31796875 0.48515625 0.021875 0.0796875
0 0.36015625 0.4546875 0.01796875 0.0421875
0 0.90078125 0.38515625 0.021875 0.03515625
0 0.87421875 0.28515625 0.01796875 0.03046875
0 0.3734375 0.35390625 0.01328125 0.0375
0 0.17890625 0.45 0.01171875 0.021875
0 0.22421875 0.46015625 0.02421875 0.05390625
0 0.21015625 0.4046875 0.01796875 0.02578125
0 0.6359375 0.621875 0.0296875 0.09296875
0 0.8953125 0.47421875 0.01875 0.0375
0 0.19609375 0.52890625 0.02578125 0.03515625
0 0.16875 0.42109375 0.01328125 0.025
0 0.33671875 0.52734375 0.02421875 0.0609375
0 0.44921875 0.41875 0.0140625 0.0375
0 0.13125 0.47421875 0.0140625 0.03203125
0 0.14765625 0.4484375 0.0109375 0.015625
0 0.26171875 0.446875 0.015625 0.0453125
0 0.846875 0.66328125 0.05 0.096875
0 0.1546875 0.62578125 0.05 0.19140625
0 0.0484375 0.58359375 0.02734375 0.1546875
0 0.0453125 0.48203125 0.0203125 0.0453125
0 0.06171875 0.45390625 0.01171875 0.0171875
0 0.07421875 0.47421875 0.0203125 0.04609375
0 0.16875 0.6125 0.0328125 0.175
0 0.70078125 0.4640625 0.01875 0.05234375
0 0.71484375 0.47109375 0.01875 0.0546875
0 0.96796875 0.44453125 0.06171875 0.03046875
0 0.95625 0.4578125 0.025 0.0234375
0 0.853125 0.4546875 0.01484375 0.025
0 0.78359375 0.4765625 0.025 0.02890625
0 0.56328125 0.43671875 0.01796875 0.025
0 0.3953125 0.378125 0.03515625 0.0546875
0 0.371875 0.38203125 0.015625 0.04765625
0 0.33515625 0.38359375 0.02265625 0.0453125
0 0.35625 0.346875 0.0171875 0.05625
0 0.2296875 0.34140625 0.190625 0.0796875
0 0.33828125 0.34609375 0.02578125 0.03203125
0 0.31015625 0.29375 0.0171875 0.04765625
0 0.296875 0.39296875 0.03125 0.02578125
0 0.2546875 0.3921875 0.05390625 0.025
0 0.2671875 0.42109375 0.00703125 0.03046875
0 0.23828125 0.4671875 0.0171875 0.025
0 0.23984375 0.42109375 0.0171875 0.03359375
0 0.20390625 0.3875 0.04765625 0.015625
0 0.14375 0.39609375 0.02421875 0.03359375
0 0.13671875 0.41640625 0.02109375 0.01328125
0 0.1171875 0.38359375 0.0078125 0.03359375
0 0.09921875 0.3953125 0.01484375 0.03203125
0 0.00703125 0.49140625 0.0140625 0.0609375
0 0.0296875 0.421875 0.028125 0.02890625
0 0.01171875 0.4484375 0.015625 0.021875
0 0.07109375 0.39609375 0.01015625 0.025
0 0.02578125 0.38203125 0.01328125 0.05078125
0 0.51015625 0.128125 0.04921875 0.1609375
0 0.4203125 0.128125 0.0421875 0.14921875
0 0.06328125 0.1921875 0.1 0.14921875
0 0.03203125 0.4453125 0.0078125 0.01484375
0 0.63984375 0.3890625 0.01171875 0.03359375
0 0.93359375 0.28359375 0.02734375 0.025
0 0.9 0.2828125 0.02421875 0.02578125
0 0.9296875 0.3890625 0.021875 0.0421875
0 0.8046875 0.31484375 0.025 0.0546875
0 0.8546875 0.32421875 0.015625 0.03046875
0 0.68828125 0.328125 0.01171875 0.01875
0 0.61328125 0.35234375 0.06796875 0.040625
0 0.4953125 0.35625 0.025 0.02890625