0 0.41796875 0.41640625 0.01640625 0.05390625
0 0.3703125 0.38203125 0.02421875 0.04765625
0 0.26171875 0.4265625 0.05 0.11640625
0 0.19921875 0.44453125 0.078125 0.16875
0 0.33125 0.64609375 0.02265625 0.07890625
0 0.45234375 0.6359375 0.03828125 0.040625
0 0.45859375 0.62265625 0.01953125 0.0671875
0 0.39375 0.78046875 0.01484375 0.0625
0 0.4078125 0.7734375 0.0140625 0.05703125
0 0.46953125 0.82265625 0.01953125 0.04765625
0 0.40078125 0.88671875 0.01875 0.06875
0 0.4125 0.95 0.02265625 0.0734375
0 0.39375 0.9859375 0.02421875 0.02421875
0 0.47734375 0.93203125 0.0171875 0.0765625
0 0.48828125 0.97109375 0.0171875 0.05390625
0 0.521875 0.96640625 0.01953125 0.05703125
0 0.57421875 0.87265625 0.01640625 0.075
0 0.46796875 0.86015625 0.0140625 0.05390625
0 0.47109375 0.6109375 0.01171875 0.04453125
0 0.46484375 0.778125 0.01875 0.03125
0 0.446875 0.9578125 0.01484375 0.04921875
0 0.434375 0.89296875 0.05078125 0.08046875
0 0.41328125 0.734375 0.00859375 0.01796875
0 0.50546875 0.38671875 0.04140625 0.05078125
0 0.796875 0.73515625 0.071875 0.1703125
0 0.7046875 0.64140625 0.03125 0.12421875
0 0.6546875 0.94375 0.0328125 0.10625