0 0.0171875 0.8265625 0.034375 0.13671875
0 0.071875 0.85 0.06171875 0.2484375
0 0.0984375 0.7390625 0.03125 0.05546875
0 0.1046875 0.82421875 0.040625 0.13671875
0 0.15859375 0.8234375 0.05234375 0.1390625
0 0.16328125 0.75390625 0.04296875 0.0859375
0 0.23125 0.859375 0.06015625 0.225
0 0.52734375 0.77734375 0.0234375 0.07265625
0 0.53046875 0.83515625 0.06015625 0.1328125
0 0.565625 0.83515625 0.03125 0.128125
0 0.58828125 0.83515625 0.040625 0.128125
0 0.62109375 0.83515625 0.034375 0.128125
0 0.61171875 0.771875 0.02109375 0.075
0 0.63203125 0.75703125 0.025 0.075
0 0.65546875 0.74296875 0.0171875 0.05546875
0 0.65546875 0.83515625 0.040625 0.13671875
0 0.66953125 0.771875 0.02109375 0.0453125
0 0.67890625 0.840625 0.0328125 0.11796875
0 0.7015625 0.81796875 0.059375 0.22265625
0 0.73203125 0.840625 0.034375 0.11796875
0 0.7578125 0.84140625 0.0328125 0.12421875
0 0.7828125 0.82734375 0.03515625 0.14765625
0 0.80546875 0.840625 0.03671875 0.13046875
0 0.82890625 0.84921875 0.025 0.11328125
0 0.8421875 0.8296875 0.034375 0.17734375
0 0.85078125 0.75234375 0.02109375 0.05390625
0 0.875 0.8171875 0.0484375 0.19921875
0 0.9 0.765625 0.0234375 0.07890625
0 0.9109375 0.76875 0.02890625 0.0859375
0 0.921875 0.765625 0.03515625 0.0921875
0 0.9234375 0.82734375 0.03828125 0.10078125
0 0.953125 0.8125 0.03515625 0.2203125
0 0.95703125 0.8390625 0.0515625 0.2015625
0 0.9703125 0.81015625 0.02734375 0.21171875
0 0.9859375 0.7796875 0.0234375 0.11953125
0 0.99296875 0.7796875 0.01171875 0.128125
0 0.3078125 0.775 0.03828125 0.0859375
0 0.07265625 0.7375 0.1453125 0.31015625
0 0.39453125 0.303125 0.1140625 0.25078125
0 0.69609375 0.78046875 0.1375 0.1390625
0 0.9203125 0.74921875 0.15625 0.07734375