0 0.29375 0.7984375 0.25 0.39921875
0 0.5359375 0.8 0.2953125 0.39609375
0 0.7609375 0.7078125 0.21875 0.58125
0 0.9046875 0.5015625 0.18984375 0.99296875
0 0.77109375 0.31484375 0.1546875 0.53671875
0 0.6578125 0.63046875 0.1609375 0.67578125
0 0.6734375 0.26796875 0.1328125 0.31875
0 0.5390625 0.62265625 0.14375 0.4328125
0 0.41875 0.58125 0.15234375 0.39921875
0 0.253125 0.5828125 0.28125 0.55234375
0 0.146875 0.4640625 0.28125 0.86484375
0 0.21328125 0.26015625 0.12109375 0.28515625
0 0.2796875 0.2484375 0.2453125 0.42265625
0 0.4078125 0.32265625 0.1296875 0.48828125
0 0.55390625 0.2734375 0.17734375 0.390625