0 0.15625 0.60859375 0.13359375 0.5515625
0 0.10625 0.6546875 0.04453125 0.21328125
0 0.44375 0.58125 0.1015625 0.503125
0 0.3078125 0.60625 0.07109375 0.34296875
0 0.2625 0.60625 0.0421875 0.26640625
0 0.234375 0.61953125 0.0375 0.2
0 0.21796875 0.62578125 0.01953125 0.128125
0 0.33515625 0.61875 0.0359375 0.18359375
0 0.3875 0.61171875 0.04921875 0.2296875
0 0.64375 0.559375 0.10234375 0.478125
0 0.52734375 0.58515625 0.05078125 0.25234375
0 0.4828125 0.63359375 0.0484375 0.23828125
0 0.58359375 0.60859375 0.03671875 0.16640625
0 0.89140625 0.54921875 0.11875 0.4453125
0 0.7578125 0.571875 0.0734375 0.3046875
0 0.70546875 0.5921875 0.04921875 0.22578125
0 0.93984375 0.60234375 0.06875 0.234375
0 0.846875 0.596875 0.06015625 0.240625
0 0.7859375 0.61640625 0.05078125 0.178125
0 0.96875 0.61015625 0.034375 0.1484375
0 0.9828125 0.55 0.01796875 0.0375
0 0.81640625 0.596875 0.02265625 0.10390625
0 0.721875 0.61484375 0.028125 0.11328125
0 0.6796875 0.58828125 0.01953125 0.04375
0 0.55546875 0.6171875 0.02578125 0.09921875
0 0.54296875 0.62109375 0.01640625 0.07890625
0 0.5109375 0.60625 0.028125 0.17578125
0 0.4921875 0.61875 0.0203125 0.11171875
0 0.79921875 0.60234375 0.39921875 0.15703125
0 0.2984375 0.62109375 0.22890625 0.071875
0 0.0515625 0.65078125 0.103125 0.0765625