0 0.09140625 0.6734375 0.1828125 0.41640625
0 0.0234375 0.47109375 0.046875 0.4421875
0 0.075 0.49296875 0.1421875 0.67265625
0 0.2234375 0.534375 0.225 0.6984375
0 0.26015625 0.24453125 0.0984375 0.19453125
0 0.46171875 0.54921875 0.36015625 0.8984375
0 0.73359375 0.57109375 0.25234375 0.8546875
0 0.38984375 0.33515625 0.04453125 0.14765625
0 0.43359375 0.3296875 0.046875 0.1578125
0 0.44453125 0.2421875 0.01171875 0.0578125
0 0.68125 0.23671875 0.01328125 0.04765625
0 0.659375 0.24375 0.01328125 0.07265625
0 0.8140625 0.36796875 0.03515625 0.33984375
0 0.84296875 0.38828125 0.0796875 0.390625
0 0.88984375 0.25234375 0.0203125 0.1015625
0 0.9078125 0.27421875 0.021875 0.1234375
0 0.9296875 0.27265625 0.0234375 0.109375
0 0.94140625 0.259375 0.01796875 0.10703125
0 0.94609375 0.221875 0.0171875 0.09453125
0 0.9484375 0.17578125 0.01796875 0.0421875
0 0.91171875 0.20546875 0.0140625 0.06875
0 0.92578125 0.209375 0.015625 0.06875
0 0.88671875 0.36484375 0.01875 0.1
0 0.9234375 0.36015625 0.0375 0.1203125
0 0.93984375 0.35625 0.025 0.10546875
0 0.96796875 0.35625 0.06171875 0.35234375
0 0.16953125 0.51015625 0.11640625 0.64921875
0 0.6546875 0.2453125 0.12109375 0.15625
0 0.325 0.2265625 0.29296875 0.33671875
0 0.896875 0.1984375 0.2046875 0.19609375
0 0.94921875 0.90078125 0.09921875 0.19453125
0 0.90546875 0.38828125 0.02890625 0.0421875
0 0.98359375 0.41484375 0.02734375 0.18515625