0 0.04921875 0.70078125 0.09140625 0.59375
0 0.11796875 0.7234375 0.0734375 0.5484375
0 0.08984375 0.47734375 0.04453125 0.1671875
0 0.15859375 0.71484375 0.0640625 0.56640625
0 0.19609375 0.70703125 0.05234375 0.58125
0 0.23671875 0.71796875 0.075 0.55859375
0 0.28046875 0.70546875 0.059375 0.58359375
0 0.31484375 0.7171875 0.05390625 0.5609375
0 0.35234375 0.728125 0.05390625 0.53828125
0 0.3921875 0.715625 0.0546875 0.56328125
0 0.434375 0.7328125 0.06796875 0.52890625
0 0.484375 0.71796875 0.0734375 0.55859375
0 0.5359375 0.7171875 0.05703125 0.5609375
0 0.58515625 0.71953125 0.07109375 0.55625
0 0.63203125 0.71796875 0.0640625 0.55859375
0 0.6703125 0.70546875 0.0578125 0.58359375
0 0.7109375 0.71796875 0.05703125 0.55859375
0 0.753125 0.7265625 0.05546875 0.54140625
0 0.78984375 0.71796875 0.0703125 0.55859375
0 0.840625 0.7046875 0.05859375 0.5859375
0 0.86328125 0.50234375 0.03828125 0.16171875
0 0.890625 0.7203125 0.0640625 0.55390625
0 0.94296875 0.73671875 0.09765625 0.52109375
0 0.8265625 0.425 0.06484375 0.31640625
0 0.7671875 0.43046875 0.08046875 0.30703125
0 0.6671875 0.40859375 0.065625 0.209375
0 0.60390625 0.42890625 0.07109375 0.2546875
0 0.73828125 0.3453125 0.04296875 0.246875
0 0.69921875 0.34921875 0.065625 0.2640625
0 0.6609375 0.278125 0.0484375 0.1375
0 0.63359375 0.34140625 0.03828125 0.1546875
0 0.55546875 0.40390625 0.06171875 0.2796875
0 0.58046875 0.3140625 0.0390625 0.184375
0 0.528125 0.28671875 0.03984375 0.1796875
0 0.490625 0.36796875 0.07734375 0.36640625
0 0.459375 0.30390625 0.0328125 0.18984375
0 0.43125 0.42109375 0.065625 0.2890625
0 0.3921875 0.41015625 0.05078125 0.26171875
0 0.3375 0.41796875 0.0609375 0.29140625
0 0.2921875 0.40390625 0.0546875 0.2546875
0 0.26484375 0.3328125 0.04453125 0.12734375
0 0.22734375 0.40546875 0.0515625 0.2671875
0 0.17890625 0.4 0.07109375 0.296875
0 0.12578125 0.39765625 0.0609375 0.2671875
0 0.0828125 0.37421875 0.0734375 0.27421875
0 0.15859375 0.296875 0.03671875 0.15
0 0.2421875 0.3078125 0.028125 0.1125
0 0.30546875 0.30703125 0.0296875 0.159375
0 0.29375 0.2578125 0.059375 0.18203125
0 0.31484375 0.21328125 0.04609375 0.16171875
0 0.3609375 0.3328125 0.03984375 0.20234375
0 0.3515625 0.18984375 0.04296875 0.11484375
0 0.3828125 0.2671875 0.028125 0.134375
0 0.41015625 0.2734375 0.034375 0.096875
0 0.41171875 0.20859375 0.04921875 0.18203125