0 0.2921875 0.7765625 0.3125 0.44296875
0 0.04296875 0.66640625 0.0859375 0.3953125
0 0.10390625 0.51328125 0.0421875 0.1
0 0.82421875 0.47109375 0.02109375 0.08203125
0 0.859375 0.4734375 0.03359375 0.08359375
0 0.8828125 0.471875 0.0296875 0.09296875
0 0.9484375 0.46953125 0.03359375 0.08828125
0 0.20859375 0.52578125 0.0203125 0.071875
0 0.19453125 0.48359375 0.01875 0.05
0 0.13984375 0.46796875 0.0125 0.05
0 0.05625 0.51953125 0.0296875 0.10859375
0 0.1234375 0.48203125 0.01484375 0.06015625
0 0.0796875 0.4828125 0.02265625 0.06796875
0 0.05546875 0.50859375 0.03125 0.08984375
0 0.1796875 0.46328125 0.0078125 0.05
0 0.1140625 0.48671875 0.0171875 0.046875
0 0.59453125 0.5015625 0.0390625 0.08359375
0 0.66484375 0.4984375 0.03515625 0.0734375
0 0.4265625 0.475 0.03984375 0.03984375
0 0.6140625 0.44609375 0.20234375 0.03203125
0 0.021875 0.46796875 0.04375 0.0265625
0 0.1046875 0.45 0.0265625 0.0265625
0 0.2453125 0.4484375 0.06015625 0.0265625