0 0.159375 0.16484375 0.178125 0.30859375
0 0.5640625 0.30625 0.209375 0.34609375
0 0.8671875 0.459375 0.2625 0.52265625
0 0.1921875 0.3375 0.3125 0.3875
0 0.32890625 0.34453125 0.0890625 0.16484375
0 0.09921875 0.55546875 0.1828125 0.38984375
0 0.11953125 0.75625 0.2390625 0.48359375
0 0.25625 0.74453125 0.265625 0.50625
0 0.325 0.43671875 0.221875 0.30625
0 0.4328125 0.39765625 0.15 0.25859375
0 0.58359375 0.42578125 0.1984375 0.24375
0 0.75078125 0.565625 0.1671875 0.39375
0 0.36640625 0.73671875 0.2921875 0.48515625
0 0.50078125 0.67890625 0.2546875 0.45
0 0.64375 0.65546875 0.115625 0.28515625
0 0.77578125 0.78515625 0.1984375 0.425
0 0.8640625 0.76328125 0.26875 0.46875