0 0.865625 0.19609375 0.04765625 0.1421875
0 0.8375 0.1421875 0.040625 0.09921875
0 0.80625 0.34765625 0.09375 0.5484375
0 0.621875 0.25 0.0578125 0.2234375
0 0.57421875 0.35625 0.07578125 0.23984375
0 0.57109375 0.3703125 0.0859375 0.2578125
0 0.51171875 0.40625 0.1453125 0.3015625
0 0.49921875 0.4109375 0.16875 0.28671875
0 0.68359375 0.49921875 0.25078125 0.9984375
0 0.90546875 0.45859375 0.18671875 0.91640625
0 0.35078125 0.5 0.1546875 0.83046875
0 0.86484375 0.32265625 0.09296875 0.28515625
0 0.45234375 0.66484375 0.115625 0.30703125
0 0.925 0.76796875 0.146875 0.4609375
0 0.121875 0.12265625 0.09765625 0.20703125
0 0.83984375 0.61640625 0.12109375 0.303125