0 0.01171875 0.59296875 0.01171875 0.046875
0 0.040625 0.61484375 0.0296875 0.08359375
0 0.0140625 0.5828125 0.01484375 0.0296875
0 0.03046875 0.59609375 0.01484375 0.04453125
0 0.025 0.5984375 0.01328125 0.0578125
0 0.04453125 0.5875 0.009375 0.03984375
0 0.053125 0.58515625 0.0109375 0.046875
0 0.06484375 0.59453125 0.0140625 0.0578125
0 0.07421875 0.5875 0.01484375 0.05
0 0.14921875 0.59453125 0.02109375 0.071875
0 0.20234375 0.61015625 0.0234375 0.08125
0 0.25390625 0.5828125 0.0171875 0.03984375
0 0.26015625 0.6015625 0.01171875 0.07421875
0 0.26640625 0.58203125 0.00703125 0.03359375
0 0.27734375 0.61015625 0.0140625 0.078125
0 0.2921875 0.59765625 0.02109375 0.040625
0 0.30625 0.6078125 0.0234375 0.08125
0 0.31328125 0.59609375 0.01328125 0.07578125
0 0.321875 0.63828125 0.025 0.09609375
0 0.30390625 0.63984375 0.021875 0.09296875
0 0.34140625 0.62421875 0.0171875 0.09609375
0 0.3328125 0.58203125 0.015625 0.03515625
0 0.32421875 0.575 0.01640625 0.03515625
0 0.34921875 0.57890625 0.0171875 0.034375
0 0.35546875 0.640625 0.01796875 0.09609375
0 0.359375 0.5984375 0.025 0.04921875
0 0.36484375 0.63984375 0.028125 0.10234375
0 0.3765625 0.64140625 0.01640625 0.0984375
0 0.3953125 0.6421875 0.02890625 0.1015625
0 0.39765625 0.63203125 0.02421875 0.10703125
0 0.39609375 0.5734375 0.01171875 0.0296875
0 0.4140625 0.615625 0.02265625 0.1078125
0 0.4203125 0.6375 0.025 0.09453125
0 0.4328125 0.625 0.01875 0.09609375
0 0.4375 0.57890625 0.015625 0.03828125
0 0.44765625 0.62734375 0.02421875 0.10078125
0 0.45703125 0.5921875 0.01328125 0.0375
0 0.4625 0.62890625 0.01953125 0.09609375
0 0.471875 0.63359375 0.0296875 0.109375
0 0.471875 0.58203125 0.0109375 0.02109375
0 0.48515625 0.6171875 0.01328125 0.0875
0 0.5 0.63203125 0.02578125 0.10078125
0 0.5140625 0.62890625 0.0203125 0.09609375
0 0.53828125 0.63203125 0.02265625 0.09609375
0 0.55546875 0.6265625 0.025 0.1
0 0.5859375 0.6 0.025 0.0640625
0 0.61171875 0.6015625 0.0109375 0.07265625
0 0.675 0.6265625 0.025 0.075
0 0.5953125 0.73203125 0.09140625 0.25078125
0 0.75234375 0.734375 0.109375 0.28046875
0 0.85390625 0.740625 0.0703125 0.27734375
0 0.73046875 0.6296875 0.0296875 0.05078125
0 0.7734375 0.62890625 0.034375 0.075
0 0.80859375 0.65390625 0.0328125 0.140625
0 0.8234375 0.62109375 0.0203125 0.05859375
0 0.84765625 0.6234375 0.0265625 0.07265625
0 0.93671875 0.68515625 0.05234375 0.17421875
0 0.98515625 0.678125 0.02890625 0.16953125
0 0.909375 0.6671875 0.03046875 0.1265625
0 0.896875 0.65546875 0.0296875 0.1203125
0 0.940625 0.6625 0.05234375 0.14140625
0 0.9 0.646875 0.0203125 0.11171875
0 0.515625 0.58359375 0.02109375 0.04140625
0 0.3921875 0.6234375 0.0265625 0.08984375
0 0.44296875 0.64375 0.02734375 0.09765625
0 0.32578125 0.5984375 0.01875 0.06171875
0 0.0015625 0.56953125 0.00234375 0.009375
0 0.034375 0.57265625 0.01171875 0.02421875
0 0.34296875 0.56171875 0.009375 0.01875
0 0.3703125 0.5765625 0.0203125 0.03203125
0 0.50625 0.58984375 0.00703125 0.009375
0 0.78359375 0.61796875 0.025 0.06875
0 0.9046875 0.5890625 0.07109375 0.04453125
0 0.4703125 0.57734375 0.04296875 0.03203125
0 0.64140625 0.58046875 0.0203125 0.0265625
0 0.18203125 0.57109375 0.06796875 0.0953125