0 0.96953125 0.73203125 0.05859375 0.32578125
0 0.73671875 0.63359375 0.0421875 0.12890625
0 0.6859375 0.6390625 0.04609375 0.1484375
0 0.63984375 0.609375 0.0140625 0.0625
0 0.63359375 0.59921875 0.01640625 0.0390625
0 0.62265625 0.63125 0.03203125 0.10703125
0 0.60546875 0.615625 0.015625 0.071875
0 0.575 0.6515625 0.046875 0.165625
0 0.55078125 0.6328125 0.025 0.11171875
0 0.546875 0.6171875 0.015625 0.0703125
0 0.53828125 0.60859375 0.01171875 0.07421875
0 0.51640625 0.628125 0.03125 0.115625
0 0.49140625 0.63203125 0.028125 0.115625
0 0.446875 0.7296875 0.0875 0.37109375
0 0.3625 0.71484375 0.09375 0.38046875
0 0.403125 0.609375 0.02265625 0.07578125
0 0.415625 0.5921875 0.01640625 0.03515625
0 0.4265625 0.58984375 0.015625 0.03359375
0 0.32734375 0.6109375 0.025 0.06796875
0 0.309375 0.6234375 0.0203125 0.08203125
0 0.2921875 0.6234375 0.01953125 0.08359375
0 0.26953125 0.6171875 0.01953125 0.08828125
0 0.25625 0.61953125 0.01875 0.0703125
0 0.22421875 0.6171875 0.028125 0.09375
0 0.146875 0.62109375 0.01953125 0.1171875
0 0.13984375 0.6484375 0.0546875 0.15625
0 0.04609375 0.72109375 0.0921875 0.5546875
0 0.89296875 0.61328125 0.03828125 0.20546875
0 0.528125 0.58125 0.009375 0.01953125
0 0.5046875 0.58046875 0.01875 0.02109375
0 0.47109375 0.584375 0.028125 0.02890625
0 0.30078125 0.5796875 0.021875 0.0078125
0 0.3203125 0.58203125 0.009375 0.01328125
0 0.10234375 0.603125 0.0140625 0.06640625
0 0.4640625 0.5640625 0.0109375 0.0140625
0 0.50625 0.5578125 0.01953125 0.0171875
0 0.5890625 0.5859375 0.009375 0.02578125