0 0.72109375 0.75390625 0.196875 0.40234375
0 0.51953125 0.65859375 0.11015625 0.23671875
0 0.65703125 0.659375 0.0859375 0.2671875
0 0.4484375 0.634375 0.10625 0.19140625
0 0.58046875 0.65546875 0.05703125 0.16953125
0 0.621875 0.63984375 0.053125 0.17421875
0 0.86484375 0.51171875 0.04765625 0.0796875
0 0.8421875 0.48671875 0.04609375 0.0703125
0 0.58671875 0.578125 0.0328125 0.05
0 0.83046875 0.57421875 0.06640625 0.1140625
0 0.81875 0.51484375 0.05546875 0.053125
0 0.2875 0.634375 0.575 0.19140625
0 0.71875 0.5890625 0.0734375 0.06796875
0 0.85078125 0.61640625 0.0703125 0.21171875