0 0.0078125 0.74609375 0.015625 0.17890625
0 0.0171875 0.74296875 0.01796875 0.03515625
0 0.01796875 0.70625 0.02265625 0.10390625
0 0.05859375 0.83828125 0.08203125 0.31875
0 0.04453125 0.79609375 0.028125 0.19609375
0 0.10703125 0.73125 0.0234375 0.11640625
0 0.1453125 0.734375 0.03515625 0.10234375
0 0.15546875 0.70859375 0.0203125 0.07890625
0 0.18125 0.71796875 0.034375 0.11484375
0 0.2046875 0.725 0.04375 0.1
0 0.23828125 0.73984375 0.028125 0.05390625
0 0.2890625 0.85234375 0.0859375 0.29140625
0 0.321875 0.753125 0.03515625 0.16015625
0 0.3359375 0.70859375 0.028125 0.10859375
0 0.35625 0.75859375 0.04375 0.11640625
0 0.378125 0.74375 0.0328125 0.16640625
0 0.42734375 0.8625 0.0984375 0.27109375
0 0.43515625 0.82890625 0.03984375 0.2
0 0.45859375 0.76015625 0.0484375 0.175
0 0.5 0.871875 0.13359375 0.25234375
0 0.54609375 0.75078125 0.0484375 0.17265625
0 0.58828125 0.75234375 0.046875 0.15
0 0.60546875 0.76015625 0.02578125 0.2
0 0.621875 0.75234375 0.01875 0.12890625
0 0.63828125 0.76484375 0.03203125 0.175
0 0.659375 0.75390625 0.03046875 0.1625
0 0.6890625 0.75390625 0.028125 0.15859375
0 0.7328125 0.77421875 0.02265625 0.20234375
0 0.74921875 0.78125 0.04375 0.225
0 0.78515625 0.778125 0.0375 0.20234375
0 0.8359375 0.76484375 0.03671875 0.1625
0 0.8734375 0.78203125 0.04609375 0.21015625
0 0.909375 0.7875 0.0328125 0.225
0 0.95 0.8375 0.071875 0.32109375
0 0.98203125 0.775 0.03203125 0.13359375
0 0.49375 0.72734375 0.034375 0.0875
0 0.7390625 0.6875 0.0234375 0.05859375
0 0.37109375 0.70078125 0.68671875 0.11484375
0 0.9140625 0.70078125 0.1703125 0.10234375
0 0.9875 0.890625 0.021875 0.215625
0 0.446875 0.44609375 0.0765625 0.19609375
0 0.50859375 0.27109375 0.02109375 0.09140625
0 0.6140625 0.246875 0.02578125 0.08515625
0 0.7484375 0.21015625 0.02109375 0.0875
0 0.89375 0.17421875 0.025 0.08984375
0 0.36015625 0.03828125 0.009375 0.05234375