0 0.6703125 0.6453125 0.228125 0.6765625
0 0.49921875 0.64140625 0.15625 0.6640625
0 0.38828125 0.66953125 0.14765625 0.63046875
0 0.2390625 0.64609375 0.196875 0.696875
0 0.30234375 0.30390625 0.13359375 0.38359375
0 0.40390625 0.26015625 0.12578125 0.40859375
0 0.51953125 0.2375 0.15 0.4328125
0 0.68671875 0.26171875 0.23125 0.42734375
0 0.7390625 0.50390625 0.14296875 0.86015625
0 0.82265625 0.4890625 0.0359375 0.11953125
0 0.7984375 0.50546875 0.0140625 0.03984375
0 0.81640625 0.5140625 0.0203125 0.03359375
0 0.86875 0.484375 0.05625 0.24453125
0 0.91640625 0.484375 0.046875 0.20390625
0 0.97578125 0.50546875 0.04765625 0.20078125
0 0.9609375 0.47890625 0.0296875 0.18671875
0 0.0171875 0.4953125 0.02578125 0.07109375
0 0.0875 0.51640625 0.0671875 0.0265625
0 0.0875 0.49765625 0.034375 0.06796875
0 0.0890625 0.46953125 0.13671875 0.05078125
0 0.19921875 0.46171875 0.01015625 0.0171875
0 0.45546875 0.9125 0.65546875 0.1734375