0 0.8765625 0.4359375 0.0109375 0.0296875
0 0.8546875 0.453125 0.03828125 0.12421875
0 0.815625 0.44140625 0.00703125 0.0203125
0 0.80546875 0.44140625 0.0046875 0.021875
0 0.78671875 0.4375 0.03828125 0.0953125
0 0.75390625 0.5234375 0.09140625 0.3015625
0 0.71328125 0.5234375 0.04453125 0.2828125
0 0.67734375 0.52578125 0.05390625 0.296875
0 0.61875 0.60859375 0.15234375 0.515625
0 0.50859375 0.59765625 0.1046875 0.5125
0 0.4265625 0.63046875 0.2796875 0.7375
0 0.19765625 0.64609375 0.21015625 0.70703125
0 0.93984375 0.43671875 0.11875 0.0265625
0 0.834375 0.4296875 0.01875 0.0359375