0 0.13671875 0.69609375 0.11015625 0.328125
0 0.203125 0.64375 0.0484375 0.22265625
0 0.25078125 0.69609375 0.1046875 0.3515625
0 0.28984375 0.66875 0.05078125 0.29296875
0 0.34765625 0.68984375 0.09609375 0.34296875
0 0.30078125 0.63515625 0.03984375 0.26953125
0 0.384375 0.6390625 0.059375 0.2265625
0 0.4828125 0.68203125 0.0921875 0.36328125
0 0.446875 0.66484375 0.06875 0.33125
0 0.4296875 0.61875 0.05390625 0.25078125
0 0.55234375 0.66484375 0.09765625 0.35625
0 0.55 0.6640625 0.0515625 0.3171875
0 0.615625 0.64921875 0.0796875 0.3046875
0 0.64296875 0.615625 0.0421875 0.29296875
0 0.6671875 0.609375 0.06484375 0.26953125
0 0.671875 0.59140625 0.04609375 0.1734375
0 0.72578125 0.678125 0.12109375 0.3296875
0 0.78046875 0.63828125 0.0890625 0.346875
0 0.84140625 0.65078125 0.12578125 0.40234375
0 0.9265625 0.62734375 0.0734375 0.30078125
0 0.95390625 0.565625 0.02734375 0.1359375
0 0.9796875 0.57265625 0.0390625 0.13828125
0 0.29765625 0.49140625 0.02890625 0.0390625
0 0.3125 0.49140625 0.03046875 0.0953125
0 0.28359375 0.47734375 0.03203125 0.0890625
0 0.271875 0.471875 0.03203125 0.1015625
0 0.259375 0.4609375 0.0265625 0.10078125
0 0.28515625 0.4234375 0.0203125 0.0296875
0 0.30234375 0.4359375 0.0265625 0.07265625
0 0.3203125 0.45703125 0.0296875 0.1078125
0 0.38984375 0.53125 0.03828125 0.0796875
0 0.3921875 0.496875 0.034375 0.0453125
0 0.3578125 0.48828125 0.034375 0.10703125
0 0.34609375 0.446875 0.02265625 0.0796875
0 0.36328125 0.434375 0.0390625 0.059375
0 0.3328125 0.42109375 0.11171875 0.07421875
0 0.44921875 0.50859375 0.01875 0.0296875
0 0.475 0.8203125 0.95 0.18125
0 0.53984375 0.540625 0.4890625 0.1390625
0 0.1296875 0.56171875 0.06640625 0.0578125