0 0.04765625 0.41484375 0.0953125 0.30859375
0 0.1765625 0.4203125 0.07734375 0.365625
0 0.25 0.3890625 0.04296875 0.1859375
0 0.26640625 0.38828125 0.04609375 0.21640625
0 0.31953125 0.37890625 0.07421875 0.24375
0 0.3265625 0.446875 0.09375 0.33046875
0 0.41171875 0.4671875 0.1203125 0.36015625
0 0.44296875 0.4421875 0.0625 0.34296875
0 0.4640625 0.43671875 0.04609375 0.28984375
0 0.53515625 0.3234375 0.03984375 0.11328125
0 0.52109375 0.51484375 0.146875 0.52578125
0 0.59765625 0.478125 0.1046875 0.446875
0 0.6875 0.62109375 0.17578125 0.6921875
0 0.83515625 0.53203125 0.15625 0.5296875
0 0.5140625 0.20234375 0.02578125 0.04609375
0 0.65546875 0.2984375 0.1265625 0.10390625
0 0.22421875 0.18828125 0.02421875 0.04609375
0 0.3328125 0.259375 0.0296875 0.0515625