0 0.17890625 0.7390625 0.19296875 0.28828125
0 0.2859375 0.81953125 0.22890625 0.35859375
0 0.36640625 0.734375 0.0890625 0.28515625
0 0.46328125 0.74140625 0.11796875 0.28984375
0 0.52421875 0.696875 0.1109375 0.23671875
0 0.5375 0.62265625 0.0578125 0.10859375
0 0.56640625 0.66015625 0.04921875 0.1296875
0 0.6 0.7 0.0890625 0.20703125
0 0.7078125 0.77421875 0.17109375 0.328125
0 0.78125 0.73046875 0.0953125 0.28515625
0 0.85234375 0.6796875 0.0734375 0.1234375
0 0.8921875 0.81640625 0.2109375 0.36328125
0 0.25078125 0.6359375 0.04453125 0.0984375
0 0.40859375 0.6296875 0.04453125 0.09296875
0 0.45859375 0.575 0.0421875 0.0296875
0 0.30859375 0.6203125 0.053125 0.06328125
0 0.08125 0.92109375 0.1625 0.1546875
0 0.50859375 0.56328125 0.32890625 0.1