0 0.115625 0.69765625 0.07734375 0.30546875
0 0.05234375 0.6703125 0.03828125 0.15859375
0 0.14609375 0.609375 0.01953125 0.0453125
0 0.259375 0.7234375 0.0546875 0.16953125
0 0.278125 0.625 0.01328125 0.05546875
0 0.309375 0.62109375 0.01171875 0.015625
0 0.32421875 0.6203125 0.0125 0.01796875
0 0.3375 0.6328125 0.01796875 0.0390625
0 0.33125 0.61875 0.0078125 0.01875
0 0.3734375 0.7296875 0.07265625 0.3078125
0 0.434375 0.64375 0.01953125 0.05859375
0 0.43984375 0.64296875 0.0140625 0.04375
0 0.43359375 0.61875 0.01171875 0.05
0 0.4578125 0.61796875 0.0078125 0.0390625
0 0.471875 0.621875 0.01328125 0.059375
0 0.48984375 0.64296875 0.01875 0.0625
0 0.49453125 0.628125 0.01484375 0.0328125
0 0.53515625 0.65 0.02421875 0.11875
0 0.6046875 0.778125 0.1078125 0.44140625
0 0.6515625 0.64609375 0.0328125 0.1296875
0 0.62421875 0.6078125 0.01484375 0.03203125
0 0.63359375 0.6234375 0.015625 0.0703125
0 0.6171875 0.6078125 0.0109375 0.03125
0 0.6125 0.60234375 0.0078125 0.025
0 0.50703125 0.61640625 0.009375 0.05078125
0 0.48984375 0.60703125 0.009375 0.02421875
0 0.49375 0.6109375 0.00625 0.0328125
0 0.4984375 0.6125 0.00625 0.03046875
0 0.51484375 0.61484375 0.00703125 0.03828125
0 0.521875 0.615625 0.00625 0.03671875
0 0.528125 0.60859375 0.0078125 0.03203125
0 0.54140625 0.61796875 0.009375 0.053125
0 0.5484375 0.60234375 0.00625 0.01171875
0 0.55703125 0.6046875 0.00546875 0.0171875
0 0.671875 0.61484375 0.009375 0.04296875
0 0.68046875 0.6109375 0.00859375 0.0328125
0 0.71171875 0.64453125 0.02421875 0.1046875
0 0.734375 0.66953125 0.05 0.2046875
0 0.56953125 0.63671875 0.03046875 0.13984375
0 0.48046875 0.6015625 0.01171875 0.01171875
0 0.496875 0.5953125 0.0203125 0.01328125
0 0.6453125 0.59453125 0.00703125 0.0234375
0 0.47109375 0.53203125 0.05625 0.0703125