0 0.1265625 0.33828125 0.06796875 0.11640625
0 0.2375 0.52890625 0.04296875 0.1796875
0 0.259375 0.57421875 0.08046875 0.34921875
0 0.25625 0.7765625 0.08203125 0.4453125
0 0.33125 0.72890625 0.071875 0.4640625
0 0.38125 0.4984375 0.08515625 0.3140625
0 0.47890625 0.49921875 0.05703125 0.3546875
0 0.5796875 0.32734375 0.03828125 0.23046875
0 0.54140625 0.33828125 0.03359375 0.27578125
0 0.52578125 0.4046875 0.03671875 0.33125
0 0.5125 0.453125 0.03984375 0.30546875
0 0.58828125 0.4203125 0.0375 0.09609375
0 0.58046875 0.54609375 0.05859375 0.284375
0 0.5203125 0.740625 0.09609375 0.33984375
0 0.55 0.7828125 0.065625 0.33828125
0 0.60546875 0.6359375 0.0609375 0.3015625
0 0.6078125 0.77421875 0.0578125 0.37890625
0 0.69609375 0.57265625 0.07109375 0.346875
0 0.6921875 0.65234375 0.05625 0.334375
0 0.778125 0.4828125 0.0609375 0.19375
0 0.78046875 0.59921875 0.06640625 0.28203125
0 0.97734375 0.50625 0.03984375 0.3015625
0 0.98046875 0.7515625 0.0375 0.39453125
0 0.96328125 0.58125 0.01640625 0.18984375
0 0.3046875 0.040625 0.02578125 0.06484375
0 0.48359375 0.06640625 0.1515625 0.12578125