0 0.0671875 0.66171875 0.13359375 0.425
0 0.34765625 0.47734375 0.05546875 0.35625
0 0.4125 0.51640625 0.07890625 0.34921875
0 0.4859375 0.54921875 0.07734375 0.38046875
0 0.54375 0.54296875 0.05234375 0.39375
0 0.58203125 0.55 0.07734375 0.4515625
0 0.70390625 0.53203125 0.06796875 0.56484375
0 0.69765625 0.603125 0.11328125 0.571875
0 0.80234375 0.5734375 0.10625 0.7015625
0 0.3875 0.403125 0.02421875 0.06875
0 0.50078125 0.5359375 0.05234375 0.35703125
0 0.425 0.60546875 0.025 0.115625
0 0.85390625 0.434375 0.07109375 0.315625
0 0.92578125 0.846875 0.14609375 0.1890625