0 0.05234375 0.65234375 0.1046875 0.51015625
0 0.1578125 0.6609375 0.15859375 0.49609375
0 0.23671875 0.67578125 0.0921875 0.46171875
0 0.1984375 0.48671875 0.053125 0.09609375
0 0.18359375 0.43828125 0.0453125 0.071875
0 0.284375 0.44453125 0.053125 0.046875
0 0.375 0.45625 0.05546875 0.0921875
0 0.409375 0.5 0.0671875 0.1765625
0 0.42109375 0.66796875 0.08203125 0.4796875
0 0.4640625 0.6421875 0.11328125 0.53203125
0 0.50078125 0.41328125 0.02109375 0.046875
0 0.525 0.428125 0.065625 0.1109375
0 0.54765625 0.684375 0.225 0.4390625
0 0.7203125 0.81640625 0.1453125 0.1765625
0 0.771875 0.4515625 0.071875 0.09921875
0 0.828125 0.48359375 0.07109375 0.12734375
0 0.96171875 0.70546875 0.075 0.5859375
0 0.8546875 0.640625 0.17421875 0.359375
0 0.88671875 0.715625 0.225 0.3890625
0 0.12109375 0.47734375 0.040625 0.0453125
0 0.98046875 0.54765625 0.0328125 0.240625
0 0.94609375 0.42890625 0.021875 0.034375
0 0.30390625 0.43515625 0.125 0.046875