0 0.0359375 0.953125 0.0484375 0.090625
0 0.07265625 0.946875 0.05234375 0.10390625
0 0.11015625 0.86328125 0.03984375 0.115625
0 0.1671875 0.93125 0.05546875 0.134375
0 0.3109375 0.84765625 0.04609375 0.11171875
0 0.42578125 0.85 0.0484375 0.10234375
0 0.434375 0.83984375 0.03125 0.109375
0 0.4671875 0.8421875 0.03125 0.09453125
0 0.24453125 0.77109375 0.034375 0.08671875
0 0.3578125 0.73203125 0.02109375 0.0515625
0 0.39765625 0.74609375 0.02890625 0.05
0 0.5046875 0.7578125 0.03515625 0.08984375
0 0.5140625 0.853125 0.03515625 0.10625
0 0.51953125 0.79765625 0.0265625 0.0484375
0 0.5734375 0.8015625 0.05 0.09453125
0 0.5 0.60703125 0.02109375 0.0484375
0 0.52265625 0.621875 0.01875 0.05390625
0 0.540625 0.640625 0.01875 0.05234375
0 0.546875 0.71015625 0.02734375 0.0765625
0 0.571875 0.71015625 0.02734375 0.06875
0 0.5796875 0.67578125 0.01953125 0.0328125
0 0.63125 0.73515625 0.0265625 0.075
0 0.659375 0.76484375 0.03671875 0.09453125
0 0.60078125 0.84765625 0.04375 0.109375
0 0.65546875 0.83515625 0.034375 0.0328125
0 0.67421875 0.8546875 0.03046875 0.09609375
0 0.7 0.8140625 0.03984375 0.07734375
0 0.72734375 0.85234375 0.03984375 0.11484375
0 0.67578125 0.92734375 0.040625 0.125
0 0.71484375 0.93515625 0.0484375 0.08671875
0 0.70625 0.971875 0.07109375 0.05390625
0 0.81875 0.92421875 0.04375 0.1171875
0 0.85625 0.94375 0.05234375 0.11015625
0 0.9046875 0.740625 0.025 0.06015625
0 0.92890625 0.82734375 0.03125 0.04375
0 0.9265625 0.875 0.034375 0.1078125
0 0.95234375 0.86796875 0.03515625 0.11171875
0 0.97421875 0.86015625 0.03515625 0.1
0 0.9921875 0.82734375 0.01328125 0.040625
0 0.60390625 0.62734375 0.01875 0.0484375
0 0.50546875 0.64375 0.01875 0.05
0 0.81953125 0.7078125 0.02890625 0.07109375
0 0.34453125 0.52734375 0.10546875 0.04609375
0 0.5609375 0.6234375 0.02734375 0.0578125
0 0.76875 0.559375 0.08125 0.0578125
0 0.17109375 0.83515625 0.05546875 0.1015625
0 0.03125 0.98984375 0.0265625 0.01875
0 0.69609375 0.88984375 0.01875 0.05625
0 0.953125 0.94921875 0.090625 0.09609375
0 0.909375 0.77890625 0.02890625 0.02890625
0 0.959375 0.7546875 0.04765625 0.03515625
0 0.44765625 0.50390625 0.00625 0.01015625
0 0.17734375 0.5796875 0.025 0.0328125
0 0.70546875 0.54296875 0.015625 0.025
0 0.51640625 0.5421875 0.109375 0.08984375