0 0.30859375 0.278125 0.0609375 0.19765625
0 0.35703125 0.30859375 0.10234375 0.27109375
0 0.3859375 0.23046875 0.0359375 0.08515625
0 0.41875 0.30234375 0.05078125 0.2375
0 0.45234375 0.32421875 0.08671875 0.2140625
0 0.46796875 0.23125 0.0640625 0.1390625
0 0.50625 0.325 0.05390625 0.23046875
0 0.54375 0.33125 0.04609375 0.22265625
0 0.54609375 0.221875 0.05625 0.11875
0 0.5859375 0.32734375 0.07421875 0.22578125
0 0.64453125 0.25859375 0.1015625 0.165625
0 0.62890625 0.3515625 0.0625 0.2578125
0 0.66796875 0.3796875 0.0875 0.23203125
0 0.73671875 0.32109375 0.08125 0.1140625
0 0.746875 0.3578125 0.06640625 0.1171875
0 0.796875 0.38515625 0.10546875 0.1484375
0 0.728125 0.47265625 0.0859375 0.2390625
0 0.6671875 0.528125 0.0609375 0.24609375
0 0.8390625 0.36328125 0.05546875 0.146875
0 0.85390625 0.2703125 0.08125 0.215625
0 0.896875 0.3796875 0.09375 0.1609375
0 0.92890625 0.509375 0.075 0.503125
0 0.91015625 0.5921875 0.10546875 0.50703125
0 0.8140625 0.59765625 0.10078125 0.50625
0 0.7640625 0.67890625 0.1171875 0.38671875
0 0.653125 0.671875 0.134375 0.39296875
0 0.58828125 0.46796875 0.08125 0.2203125
0 0.553125 0.67265625 0.1015625 0.403125
0 0.5140625 0.50625 0.08203125 0.30390625
0 0.46875 0.703125 0.103125 0.29765625
0 0.44453125 0.5890625 0.084375 0.49140625
0 0.38203125 0.584375 0.11640625 0.50859375
0 0.32265625 0.7015625 0.1125 0.3328125
0 0.30234375 0.58671875 0.07890625 0.48671875
0 0.07421875 0.471875 0.0921875 0.475
0 0.14140625 0.315625 0.07890625 0.125
0 0.19921875 0.4796875 0.0640625 0.44609375
0 0.26015625 0.32265625 0.065625 0.190625
0 0.08359375 0.55625 0.1125 0.55
0 0.14609375 0.5765625 0.10234375 0.50703125
0 0.23828125 0.57421875 0.11328125 0.503125
0 0.0265625 0.60859375 0.053125 0.1671875