0 0.06796875 0.4140625 0.11484375 0.42265625
0 0.18125 0.35390625 0.1703125 0.16640625
0 0.2 0.39375 0.1953125 0.234375
0 0.3125 0.440625 0.0921875 0.346875
0 0.38984375 0.4203125 0.1140625 0.36875
0 0.42734375 0.43828125 0.14921875 0.35703125
0 0.5 0.43984375 0.16015625 0.35390625
0 0.60234375 0.45390625 0.075 0.321875
0 0.60859375 0.28828125 0.09375 0.1453125
0 0.675 0.43359375 0.0875 0.35703125
0 0.70390625 0.43359375 0.13984375 0.3609375
0 0.81015625 0.42421875 0.1203125 0.38125
0 0.9015625 0.42109375 0.1203125 0.38828125