0 0.08671875 0.7109375 0.0515625 0.28671875
0 0.1296875 0.71171875 0.0578125 0.3046875
0 0.1734375 0.615625 0.046875 0.08984375
0 0.17890625 0.66640625 0.05546875 0.14296875
0 0.2046875 0.62890625 0.040625 0.1
0 0.225 0.596875 0.0328125 0.08203125
0 0.17109375 0.746875 0.053125 0.11640625
0 0.1890625 0.82421875 0.109375 0.18359375
0 0.2296875 0.8171875 0.059375 0.16875
0 0.22734375 0.73984375 0.06640625 0.18203125
0 0.27421875 0.771875 0.05078125 0.15390625
0 0.2421875 0.63671875 0.0390625 0.1265625
0 0.271875 0.6640625 0.05625 0.1640625
0 0.32421875 0.8265625 0.0703125 0.19375
0 0.325 0.73828125 0.0578125 0.12265625
0 0.3453125 0.7 0.04375 0.1046875
0 0.31484375 0.63125 0.0578125 0.1375
0 0.34765625 0.60703125 0.0375 0.08984375
0 0.35078125 0.65546875 0.028125 0.11796875
0 0.3734375 0.78203125 0.06171875 0.1734375
0 0.40078125 0.71484375 0.0359375 0.1015625
0 0.38515625 0.6375 0.05546875 0.128125
0 0.4109375 0.578125 0.0421875 0.08046875
0 0.41171875 0.6046875 0.03984375 0.08515625
0 0.43125 0.63984375 0.04609375 0.14609375
0 0.42421875 0.80546875 0.06953125 0.1953125
0 0.4578125 0.6875 0.06328125 0.228125
0 0.484375 0.80703125 0.05859375 0.2046875
0 0.5015625 0.68046875 0.06953125 0.18046875
0 0.52578125 0.6078125 0.0421875 0.07890625
0 0.5421875 0.67734375 0.0578125 0.19375
0 0.5328125 0.80703125 0.05546875 0.21171875
0 0.5796875 0.81875 0.0640625 0.21171875
0 0.66796875 0.8125 0.0953125 0.28046875
0 0.5734375 0.63984375 0.0375 0.14609375
0 0.6 0.74296875 0.065625 0.31171875
0 0.62734375 0.64453125 0.04375 0.1078125
0 0.65078125 0.615625 0.05 0.096875
0 0.67578125 0.73671875 0.0953125 0.31328125
0 0.70859375 0.7203125 0.0421875 0.31015625
0 0.75078125 0.73515625 0.06953125 0.31015625
0 0.803125 0.740625 0.05078125 0.32109375
0 0.14140625 0.6 0.0125 0.0359375
0 0.2859375 0.5984375 0.0265625 0.065625
0 0.48203125 0.6 0.0265625 0.06875
0 0.60078125 0.60078125 0.040625 0.08046875