0 0.546875 0.8765625 0.353125 0.24140625
0 0.76640625 0.6203125 0.06328125 0.18125
0 0.73984375 0.634375 0.0265625 0.1640625
0 0.31171875 0.671875 0.05703125 0.22890625
0 0.4125 0.67421875 0.06484375 0.23359375
0 0.40703125 0.64296875 0.05 0.196875
0 0.459375 0.6265625 0.04140625 0.134375
0 0.46640625 0.621875 0.0265625 0.1296875
0 0.48984375 0.6171875 0.0234375 0.12421875
0 0.50703125 0.621875 0.0234375 0.109375
0 0.59453125 0.60078125 0.01796875 0.071875
0 0.65234375 0.60703125 0.028125 0.08984375
0 0.50390625 0.56953125 0.021875 0.025
0 0.678125 0.6109375 0.1 0.08671875