0 0.06796875 0.5765625 0.11171875 0.84296875
0 0.175 0.37734375 0.115625 0.48203125
0 0.1421875 0.6375 0.15078125 0.721875
0 0.29453125 0.61171875 0.1390625 0.7734375
0 0.25390625 0.58828125 0.0921875 0.8203125
0 0.371875 0.60859375 0.11015625 0.7765625
0 0.43203125 0.64140625 0.13828125 0.71328125
0 0.52578125 0.58984375 0.1234375 0.81640625
0 0.5703125 0.640625 0.134375 0.71484375
0 0.64453125 0.5875 0.0875 0.821875
0 0.69921875 0.63203125 0.1296875 0.73359375
0 0.74375 0.5484375 0.115625 0.8296875
0 0.8390625 0.59765625 0.1078125 0.8015625
0 0.9328125 0.590625 0.1140625 0.81484375