0 0.72265625 0.69296875 0.29609375 0.61015625
0 0.73203125 0.528125 0.36328125 0.8234375
0 0.98203125 0.2234375 0.03359375 0.14453125
0 0.96875 0.5375 0.059375 0.2265625
0 0.96640625 0.4140625 0.065625 0.2109375
0 0.94140625 0.28046875 0.0546875 0.0859375
0 0.88046875 0.31015625 0.03515625 0.1421875
0 0.9234375 0.271875 0.0171875 0.04296875
0 0.85703125 0.6515625 0.11640625 0.6921875
0 0.5 0.89453125 0.02578125 0.11640625
0 0.4828125 0.903125 0.015625 0.0859375
0 0.47734375 0.9 0.01796875 0.10546875
0 0.53828125 0.89453125 0.02890625 0.1296875
0 0.4796875 0.809375 0.01796875 0.09296875
0 0.49609375 0.8015625 0.015625 0.06484375
0 0.50703125 0.77890625 0.015625 0.09296875
0 0.528125 0.76171875 0.01953125 0.07578125
0 0.52578125 0.75546875 0.0171875 0.0796875
0 0.3546875 0.9203125 0.0203125 0.09453125
0 0.4015625 0.89140625 0.0203125 0.11015625
0 0.38359375 0.90546875 0.0203125 0.08203125
0 0.028125 0.96875 0.0171875 0.0578125
0 0.10703125 0.915625 0.015625 0.06875
0 0.23671875 0.78671875 0.01328125 0.04296875
0 0.28203125 0.7546875 0.0109375 0.04765625
0 0.3578125 0.63984375 0.0109375 0.04296875
0 0.30625 0.625 0.0109375 0.04296875
0 0.23359375 0.61875 0.00859375 0.0390625
0 0.1640625 0.61328125 0.00859375 0.03671875
0 0.08984375 0.6015625 0.00703125 0.0390625
0 0.915625 0.2140625 0.01796875 0.05390625
0 0.36640625 0.9015625 0.015625 0.11015625
0 0.403125 0.97734375 0.02265625 0.040625
0 0.4390625 0.959375 0.0265625 0.07734375
0 0.45546875 0.93515625 0.01953125 0.05625
0 0.43359375 0.94296875 0.021875 0.0578125
0 0.4359375 0.9203125 0.01796875 0.04765625
0 0.4125 0.95390625 0.01796875 0.0453125
0 0.26015625 0.90546875 0.01796875 0.06484375
0 0.24296875 0.92265625 0.0203125 0.06875
0 0.19296875 0.96796875 0.02265625 0.06015625
0 0.290625 0.9125 0.01796875 0.08828125
0 0.1734375 0.9234375 0.0171875 0.05390625
0 0.13046875 0.9609375 0.01796875 0.0734375
0 0.21640625 0.840625 0.015625 0.06484375
0 0.39921875 0.8234375 0.015625 0.05625
0 0.45625 0.77265625 0.015625 0.08828125
0 0.46328125 0.8046875 0.0171875 0.0625
0 0.46328125 0.86640625 0.01796875 0.08203125
0 0.490625 0.7390625 0.01484375 0.06484375
0 0.509375 0.9734375 0.02421875 0.04921875
0 0.31328125 0.978125 0.0203125 0.0390625
0 0.175 0.8640625 0.01328125 0.04765625
0 0.15546875 0.89296875 0.0171875 0.07109375
0 0.20859375 0.846875 0.009375 0.04296875
0 0.07421875 0.98203125 0.0171875 0.03203125
0 0.04765625 0.98359375 0.02265625 0.028125
0 0.090625 0.98046875 0.0203125 0.034375
0 0.24140625 0.84609375 0.0125 0.05390625
0 0.2328125 0.85 0.0125 0.0625
0 0.24765625 0.7984375 0.0125 0.040625
0 0.17890625 0.853125 0.00859375 0.0390625
0 0.22578125 0.8578125 0.0109375 0.0390625
0 0.50234375 0.73359375 0.00859375 0.01953125
0 0.4921875 0.7703125 0.009375 0.01953125
0 0.1953125 0.85859375 0.0125 0.04921875
0 0.23046875 0.82890625 0.009375 0.03671875
0 0.19453125 0.85703125 0.01328125 0.0578125
0 0.421875 0.9140625 0.01953125 0.04765625
0 0.45234375 0.9328125 0.02578125 0.06484375
0 0.44375 0.92109375 0.02890625 0.07578125
0 0.4546875 0.86640625 0.0265625 0.07734375
0 0.453125 0.86953125 0.02421875 0.07578125
0 0.9609375 0.1640625 0.0765625 0.11640625
0 0.86640625 0.23515625 0.10546875 0.13828125
0 0.27421875 0.45703125 0.54765625 0.29296875
0 0.49140625 0.6421875 0.11484375 0.090625
0 0.39765625 0.6703125 0.07265625 0.1421875
0 0.45 0.71015625 0.03359375 0.05390625
0 0.47421875 0.73046875 0.0203125 0.0859375
0 0.515625 0.7046875 0.06640625 0.0390625
0 0.3328125 0.71328125 0.05703125 0.06015625
0 0.428125 0.803125 0.04375 0.13125
0 0.38515625 0.7671875 0.04453125 0.05625
0 0.33125 0.80625 0.05546875 0.1296875
0 0.37421875 0.83203125 0.0328125 0.07734375
0 0.29609375 0.81328125 0.0171875 0.1140625
0 0.2671875 0.8234375 0.03984375 0.090625
0 0.37421875 0.98515625 0.03984375 0.02578125
0 0.321875 0.915625 0.04765625 0.090625
0 0.2546875 0.97734375 0.09921875 0.040625
0 0.22265625 0.91953125 0.02265625 0.0796875
0 0.1921875 0.90390625 0.03984375 0.07109375
0 0.15234375 0.9625 0.02890625 0.07109375
0 0.1296875 0.9015625 0.03359375 0.0625
0 0.1109375 0.96640625 0.02578125 0.0625
0 0.75546875 0.2765625 0.11640625 0.1015625
0 0.275 0.9125 0.0125 0.084375
0 0.4890625 0.98828125 0.028125 0.01953125
0 0.5125 0.9421875 0.01328125 0.01328125
0 0.37734375 0.959375 0.0265625 0.03046875
0 0.02578125 0.9859375 0.02421875 0.0234375
0 0.2046875 0.821875 0.01484375 0.01953125
0 0.5875 0.35859375 0.08359375 0.13125
0 0.56328125 0.6875 0.03125 0.6203125
0 0.98515625 0.34375 0.0265625 0.0578125