0 0.86640625 0.84296875 0.140625 0.31015625
0 0.84296875 0.84140625 0.1859375 0.31484375
0 0.7640625 0.80859375 0.21015625 0.30625
0 0.74921875 0.71328125 0.1015625 0.228125
0 0.6578125 0.62109375 0.0890625 0.28125
0 0.68671875 0.503125 0.0625 0.15078125
0 0.5359375 0.6390625 0.053125 0.259375
0 0.125 0.83203125 0.1796875 0.33203125
0 0.13125 0.81796875 0.184375 0.353125
0 0.215625 0.740625 0.1015625 0.2515625
0 0.27421875 0.68828125 0.1234375 0.21953125
0 0.2765625 0.6703125 0.12109375 0.23125
0 0.30390625 0.59609375 0.0125 0.0671875
0 0.340625 0.696875 0.09296875 0.2140625
0 0.340625 0.61953125 0.09296875 0.33984375
0 0.3796875 0.621875 0.0875 0.34375
0 0.4203125 0.64296875 0.040625 0.31953125
0 0.62109375 0.47265625 0.03515625 0.1203125
0 0.78515625 0.6078125 0.053125 0.140625
0 0.66484375 0.7625 0.09765625 0.36015625
0 0.7296875 0.575 0.04375 0.0484375
0 0.0265625 0.8578125 0.053125 0.28125
0 0.26953125 0.93515625 0.07421875 0.12734375
0 0.559375 0.46328125 0.0875 0.07734375
0 0.59296875 0.628125 0.0609375 0.2515625
0 0.5421875 0.525 0.0203125 0.0484375
0 0.446875 0.47734375 0.0578125 0.07890625
0 0.46015625 0.63359375 0.04296875 0.2359375
0 0.7390625 0.52734375 0.02734375 0.05
0 0.9796875 0.60859375 0.0390625 0.15703125