0 0.03046875 0.47265625 0.0609375 0.1671875
0 0.078125 0.49140625 0.0875 0.17890625
0 0.0546875 0.79609375 0.07578125 0.11953125
0 0.16328125 0.8296875 0.11171875 0.14296875
0 0.190625 0.4890625 0.06328125 0.1265625
0 0.2390625 0.4640625 0.09296875 0.13984375
0 0.2609375 0.584375 0.08203125 0.15703125
0 0.29921875 0.40546875 0.0921875 0.19765625
0 0.30078125 0.36953125 0.09375 0.2109375
0 0.37578125 0.83671875 0.13125 0.1453125
0 0.44921875 0.73984375 0.1234375 0.13671875
0 0.415625 0.5140625 0.05078125 0.11171875
0 0.39375 0.4453125 0.09375 0.18671875
0 0.43671875 0.38125 0.07734375 0.2140625
0 0.43046875 0.278125 0.05546875 0.115625
0 0.4046875 0.30234375 0.034375 0.18359375
0 0.5078125 0.47421875 0.06484375 0.2046875
0 0.5203125 0.43203125 0.08671875 0.19765625
0 0.53515625 0.3890625 0.06171875 0.2171875
0 0.57265625 0.87421875 0.075 0.07109375
0 0.6640625 0.75390625 0.09296875 0.11875
0 0.728125 0.5921875 0.078125 0.22265625
0 0.6640625 0.4921875 0.05 0.1484375
0 0.653125 0.39140625 0.08359375 0.2203125
0 0.77265625 0.31796875 0.0703125 0.1828125
0 0.7640625 0.2859375 0.0484375 0.1796875
0 0.8875 0.3546875 0.09140625 0.2078125
0 0.9453125 0.29375 0.053125 0.18359375
0 0.975 0.31796875 0.04921875 0.14140625
0 0.959375 0.446875 0.07890625 0.228125
0 0.953125 0.4921875 0.09140625 0.2265625
0 0.12265625 0.03515625 0.0484375 0.0703125
0 0.29609375 0.06640625 0.03984375 0.13125
0 0.3015625 0.0859375 0.05234375 0.16953125
0 0.3578125 0.1078125 0.05 0.1828125
0 0.3734375 0.07578125 0.05 0.1515625
0 0.4015625 0.0453125 0.046875 0.090625
0 0.4875 0.02734375 0.04453125 0.0546875
0 0.55625 0.0265625 0.028125 0.04765625
0 0.89296875 0.053125 0.07109375 0.10546875
0 0.01015625 0.34453125 0.0203125 0.04765625
0 0.32578125 0.89921875 0.02265625 0.02109375
0 0.990625 0.66015625 0.0171875 0.04140625
0 0.27734375 0.02265625 0.046875 0.0453125
0 0.99296875 0.3546875 0.01328125 0.0546875