0 0.03203125 0.746875 0.0140625 0.05859375
0 0.05234375 0.74921875 0.01484375 0.053125
0 0.04453125 0.74765625 0.01484375 0.053125
0 0.15234375 0.82421875 0.05390625 0.22734375
0 0.21484375 0.81875 0.034375 0.18125
0 0.19375 0.80078125 0.03671875 0.1453125
0 0.23125 0.7859375 0.03125 0.14765625
0 0.2546875 0.78828125 0.034375 0.0921875
0 0.2703125 0.7390625 0.021875 0.04296875
0 0.3359375 0.83984375 0.05390625 0.21640625
0 0.38828125 0.79921875 0.03203125 0.15625
0 0.4046875 0.83046875 0.059375 0.21171875
0 0.428125 0.8078125 0.021875 0.17421875
0 0.43984375 0.81328125 0.015625 0.1453125
0 0.50859375 0.83046875 0.03671875 0.1546875
0 0.578125 0.790625 0.02265625 0.10625
0 0.5953125 0.78984375 0.015625 0.1046875
0 0.56328125 0.7796875 0.01796875 0.08203125
0 0.640625 0.771875 0.015625 0.04765625
0 0.67109375 0.7984375 0.028125 0.07265625
0 0.6984375 0.81171875 0.0171875 0.05
0 0.72109375 0.803125 0.028125 0.0640625
0 0.76015625 0.8125 0.03125 0.14765625
0 0.7703125 0.8046875 0.0359375 0.1453125
0 0.78125 0.7765625 0.021875 0.10625
0 0.80546875 0.796875 0.03671875 0.0765625
0 0.86171875 0.82265625 0.05 0.11015625
0 0.875 0.82734375 0.02578125 0.09921875
0 0.721875 0.76171875 0.0203125 0.06015625
0 0.71328125 0.759375 0.009375 0.04453125
0 0.64609375 0.78125 0.38828125 0.09921875
0 0.3046875 0.7484375 0.059375 0.040625
0 0.00390625 0.721875 0.0078125 0.021875