0 0.08125 0.7328125 0.03984375 0.1515625
0 0.1125 0.725 0.05390625 0.17734375
0 0.2984375 0.70234375 0.0296875 0.09375
0 0.32734375 0.71171875 0.02734375 0.075
0 0.38046875 0.71171875 0.03515625 0.16484375
0 0.40390625 0.7015625 0.0140625 0.065625
0 0.43671875 0.71875 0.0359375 0.12578125
0 0.4296875 0.69140625 0.01640625 0.04921875
0 0.42578125 0.690625 0.01328125 0.0484375
0 0.48671875 0.70234375 0.01171875 0.0625
0 0.5109375 0.7109375 0.01875 0.084375
0 0.61015625 0.71640625 0.04453125 0.15390625
0 0.653125 0.71953125 0.02890625 0.16171875
0 0.68359375 0.7234375 0.025 0.1421875
0 0.7125 0.73046875 0.04765625 0.17578125
0 0.85078125 0.7265625 0.0578125 0.19140625
0 0.871875 0.71640625 0.025 0.12421875
0 0.89765625 0.7015625 0.034375 0.10546875
0 0.91328125 0.72421875 0.02265625 0.13359375
0 0.80234375 0.70703125 0.02734375 0.0921875
0 0.78125 0.7125 0.0171875 0.1046875
0 0.765625 0.715625 0.0296875 0.1046875
0 0.00625 0.721875 0.0125 0.10625
0 0.20625 0.7015625 0.03671875 0.13515625
0 0.475 0.70703125 0.01875 0.059375
0 0.45390625 0.6875 0.01171875 0.02109375
0 0.4984375 0.68515625 0.01015625 0.025
0 0.571875 0.70078125 0.07890625 0.0734375
0 0.48203125 0.53125 0.04453125 0.115625
0 0.63671875 0.70078125 0.03203125 0.07734375
0 0.6703125 0.7140625 0.01953125 0.1078125
0 0.69140625 0.7390625 0.00859375 0.05546875
0 0.74453125 0.70703125 0.02265625 0.0796875
0 0.82734375 0.7046875 0.02265625 0.078125
0 0.2078125 0.45078125 0.04453125 0.13046875