0 0.375 0.3109375 0.009375 0.04140625
0 0.36953125 0.3125 0.00859375 0.04140625
0 0.36015625 0.31015625 0.01171875 0.046875
0 0.35625 0.3234375 0.0140625 0.046875
0 0.34765625 0.3203125 0.01484375 0.0703125
0 0.34140625 0.321875 0.015625 0.0703125
0 0.3328125 0.3171875 0.0125 0.06171875
0 0.3828125 0.31015625 0.0125 0.06015625
0 0.38671875 0.29765625 0.00703125 0.025
0 0.39140625 0.3328125 0.02734375 0.11484375
0 0.4125 0.3328125 0.02109375 0.08828125
0 0.41796875 0.3359375 0.0296875 0.08515625
0 0.44140625 0.30703125 0.0140625 0.046875
0 0.434375 0.3171875 0.02421875 0.0453125
0 0.45234375 0.31640625 0.0203125 0.0765625
0 0.46328125 0.31796875 0.01015625 0.0703125
0 0.47265625 0.31953125 0.02109375 0.0953125
0 0.484375 0.3140625 0.01015625 0.0484375
0 0.5078125 0.30703125 0.01171875 0.05703125
0 0.51171875 0.3078125 0.0140625 0.05859375
0 0.52578125 0.2953125 0.0140625 0.03984375
0 0.49296875 0.30703125 0.01796875 0.05703125
0 0.5953125 0.2921875 0.015625 0.0484375
0 0.584375 0.2984375 0.015625 0.046875
0 0.57578125 0.3 0.0171875 0.04296875
0 0.5671875 0.31484375 0.01796875 0.08359375
0 0.3234375 0.31953125 0.0140625 0.0515625
0 0.2890625 0.31953125 0.0140625 0.0484375
0 0.29453125 0.31328125 0.01171875 0.04296875
0 0.30546875 0.34296875 0.025 0.1265625
0 0.31328125 0.33984375 0.015625 0.1203125
0 0.315625 0.334375 0.021875 0.11171875
0 0.26015625 0.33984375 0.028125 0.11328125
0 0.1484375 0.34453125 0.01875 0.0953125
0 0.17734375 0.39765625 0.0703125 0.278125
0 0.1046875 0.34453125 0.0640625 0.18515625
0 0.12265625 0.365625 0.04296875 0.1546875
0 0.02109375 0.3734375 0.0296875 0.1796875
0 0.0203125 0.3734375 0.03828125 0.21640625
0 0.05546875 0.390625 0.06328125 0.25859375
0 0.13359375 0.5796875 0.1703125 0.3265625
0 0.2609375 0.4859375 0.10078125 0.18515625
0 0.54765625 0.675 0.30625 0.3265625
0 0.5671875 0.50078125 0.1875 0.26171875
0 0.4359375 0.39140625 0.0265625 0.05703125
0 0.4671875 0.3671875 0.0390625 0.0515625
0 0.5546875 0.43828125 0.06953125 0.10703125
0 0.5625 0.4078125 0.0765625 0.10859375
0 0.5203125 0.34140625 0.02734375 0.04296875
0 0.65234375 0.321875 0.03828125 0.0796875
0 0.6796875 0.3109375 0.034375 0.075
0 0.69921875 0.30546875 0.0265625 0.06796875
0 0.6234375 0.3203125 0.0171875 0.06328125
0 0.65078125 0.31015625 0.0328125 0.05703125
0 0.41015625 0.28203125 0.00859375 0.00703125
0 0.49765625 0.28828125 0.003125 0.01640625
0 0.50390625 0.30546875 0.00703125 0.03828125
0 0.80078125 0.29296875 0.04453125 0.21328125