0 0.25078125 0.575 0.06875 0.084375
0 0.4125 0.925 0.19296875 0.1453125
0 0.15703125 0.85 0.1328125 0.16015625
0 0.83359375 0.85703125 0.12578125 0.11640625
0 0.94453125 0.7484375 0.034375 0.06328125
0 0.9765625 0.74296875 0.04375 0.07734375
0 0.9453125 0.746875 0.03671875 0.065625
0 0.9265625 0.7703125 0.08203125 0.07265625
0 0.86796875 0.73515625 0.0421875 0.04140625
0 0.77265625 0.7421875 0.04765625 0.05078125
0 0.76015625 0.7953125 0.0796875 0.09453125
0 0.68203125 0.7625 0.0578125 0.0484375
0 0.67734375 0.72890625 0.0453125 0.0484375
0 0.66015625 0.72734375 0.02890625 0.05078125
0 0.5046875 0.81875 0.17265625 0.184375
0 0.53671875 0.7890625 0.06171875 0.10625
0 0.53359375 0.7859375 0.06015625 0.10390625
0 0.55 0.7296875 0.03828125 0.04140625
0 0.59453125 0.78671875 0.0578125 0.11640625
0 0.45 0.7484375 0.04921875 0.08203125
0 0.4078125 0.75703125 0.04921875 0.05546875
0 0.36484375 0.76640625 0.06328125 0.0796875
0 0.27421875 0.7859375 0.08359375 0.1140625
0 0.25703125 0.73125 0.0453125 0.06796875
0 0.1828125 0.7640625 0.06328125 0.084375
0 0.08359375 0.79140625 0.0796875 0.096875
0 0.028125 0.77109375 0.05625 0.0703125
0 0.01015625 0.96953125 0.0203125 0.05546875
0 0.94765625 0.9296875 0.1015625 0.1359375
0 0.96875 0.759375 0.021875 0.04609375
0 0.8234375 0.76640625 0.0546875 0.04140625
0 0.7515625 0.73125 0.0125 0.0484375
0 0.7703125 0.71640625 0.02734375 0.01484375
0 0.70625 0.78828125 0.04921875 0.04140625
0 0.421875 0.7421875 0.02890625 0.04140625
0 0.25234375 0.7515625 0.03984375 0.04140625
0 0.08203125 0.73828125 0.065625 0.04375