0 0.21796875 0.56796875 0.15390625 0.71328125
0 0.26953125 0.6078125 0.1125 0.68046875
0 0.359375 0.6125 0.19609375 0.7671875
0 0.33671875 0.54140625 0.08515625 0.6390625
0 0.403125 0.58359375 0.071875 0.71875
0 0.49921875 0.56875 0.125 0.70078125
0 0.5796875 0.61875 0.15859375 0.6828125
0 0.72421875 0.5984375 0.15703125 0.72890625
0 0.771875 0.5734375 0.1171875 0.71875
0 0.87109375 0.57734375 0.10390625 0.63203125
0 0.95859375 0.49609375 0.078125 0.12578125
0 0.690625 0.5796875 0.08828125 0.57109375
0 0.96796875 0.48984375 0.06328125 0.028125