0 0.353125 0.815625 0.0734375 0.28984375
0 0.38359375 0.81171875 0.0765625 0.26875
0 0.40625 0.75234375 0.03125 0.1421875
0 0.434375 0.76484375 0.0125 0.11640625
0 0.4640625 0.759375 0.03046875 0.146875
0 0.5 0.7609375 0.025 0.140625
0 0.50859375 0.7484375 0.02890625 0.15625
0 0.5546875 0.75625 0.05390625 0.14921875
0 0.57265625 0.75 0.03203125 0.1453125
0 0.61171875 0.7453125 0.03125 0.14375
0 0.62890625 0.75078125 0.0515625 0.1453125
0 0.790625 0.80546875 0.103125 0.30546875
0 0.8234375 0.796875 0.09453125 0.29140625
0 0.009375 0.7921875 0.01875 0.171875
0 0.40078125 0.71171875 0.0203125 0.05703125
0 0.59296875 0.7390625 0.025 0.13046875