0 0.98359375 0.45546875 0.03046875 0.0671875
0 0.96015625 0.45703125 0.028125 0.07578125
0 0.9328125 0.459375 0.03125 0.07734375
0 0.8625 0.4421875 0.02734375 0.0875
0 0.89296875 0.446875 0.01484375 0.040625
0 0.87890625 0.43984375 0.015625 0.03359375
0 0.68671875 0.45546875 0.0359375 0.0703125
0 0.62109375 0.42109375 0.0140625 0.05703125
0 0.503125 0.40546875 0.015625 0.0234375
0 0.5171875 0.42734375 0.01953125 0.0671875
0 0.521875 0.42109375 0.01875 0.065625
0 0.44921875 0.42578125 0.009375 0.05
0 0.4390625 0.4296875 0.0171875 0.065625
0 0.4234375 0.42578125 0.0203125 0.0703125
0 0.41484375 0.42578125 0.03203125 0.0703125
0 0.40859375 0.46640625 0.028125 0.06875
0 0.3859375 0.478125 0.03046875 0.06015625
0 0.3421875 0.4359375 0.0140625 0.06015625
0 0.50625 0.68515625 0.08984375 0.56484375
0 0.45625 0.68828125 0.13359375 0.61484375
0 0.1125 0.478125 0.01953125 0.0421875
0 0.11328125 0.46484375 0.0234375 0.0515625
0 0.09140625 0.4671875 0.02421875 0.0640625
0 0.0796875 0.45703125 0.01171875 0.046875
0 0.05625 0.46171875 0.01171875 0.03671875
0 0.03984375 0.46484375 0.01484375 0.03359375
0 0.7921875 0.50859375 0.1390625 0.5640625
0 0.2515625 0.5140625 0.16796875 0.73515625
0 0.3859375 0.73828125 0.06328125 0.065625
0 0.69921875 0.725 0.05859375 0.05546875
0 0.9796875 0.71875 0.0390625 0.05234375
0 0.00390625 0.44609375 0.0078125 0.01875
0 0.834375 0.8140625 0.09765625 0.05
0 0.90234375 0.43671875 0.01171875 0.0515625