0 0.79375 0.88515625 0.021875 0.11015625
0 0.77109375 0.878125 0.0265625 0.11484375
0 0.75234375 0.884375 0.025 0.0984375
0 0.8921875 0.9328125 0.01953125 0.0734375
0 0.9015625 0.93046875 0.0140625 0.059375
0 0.80234375 0.9171875 0.0125 0.06328125
0 0.71484375 0.88046875 0.0171875 0.075
0 0.72421875 0.8859375 0.0125 0.06640625
0 0.69921875 0.88515625 0.015625 0.05625
0 0.68984375 0.88359375 0.0109375 0.05234375
0 0.66875 0.8671875 0.01796875 0.0921875
0 0.65625 0.8609375 0.01953125 0.0828125
0 0.63828125 0.84921875 0.021875 0.09375
0 0.615625 0.825 0.02734375 0.11796875
0 0.625 0.85546875 0.01328125 0.06640625
0 0.58828125 0.80859375 0.0203125 0.1015625
0 0.56953125 0.79375 0.0234375 0.11484375
0 0.55390625 0.80625 0.015625 0.06875
0 0.53125 0.8046875 0.01796875 0.03359375
0 0.484375 0.79140625 0.01484375 0.06796875
0 0.4625 0.753125 0.02890625 0.1015625
0 0.4484375 0.759375 0.0234375 0.0921875
0 0.425 0.759375 0.0140625 0.078125
0 0.4140625 0.7765625 0.01875 0.08671875
0 0.3609375 0.7375 0.0171875 0.05703125
0 0.3734375 0.7421875 0.01953125 0.0640625
0 0.26640625 0.728125 0.0203125 0.03125
0 0.2375 0.72265625 0.028125 0.04453125
0 0.8609375 0.921875 0.01015625 0.0421875
0 0.86875 0.91796875 0.0125 0.04921875
0 0.86875 0.9265625 0.01953125 0.04765625
0 0.8828125 0.9296875 0.00859375 0.05625
0 0.8359375 0.9171875 0.05078125 0.05703125
0 0.5046875 0.78359375 0.028125 0.0453125
0 0.2734375 0.728125 0.0109375 0.021875
0 0.375 0.75546875 0.01484375 0.0375
0 0.7203125 0.85703125 0.00703125 0.01875
0 0.72265625 0.9078125 0.0078125 0.0234375
0 0.9484375 0.9171875 0.01328125 0.01484375