0 0.64453125 0.696875 0.12421875 0.23515625
0 0.55 0.66328125 0.08125 0.1140625
0 0.7203125 0.675 0.01875 0.040625
0 0.73984375 0.671875 0.01796875 0.034375
0 0.75 0.67734375 0.01953125 0.0296875
0 0.75703125 0.65546875 0.01015625 0.0203125
0 0.74140625 0.65078125 0.00703125 0.009375
0 0.69765625 0.65625 0.01328125 0.01796875
0 0.71953125 0.65390625 0.01328125 0.01484375
0 0.8671875 0.6546875 0.01171875 0.01875
0 0.878125 0.65546875 0.01015625 0.01953125
0 0.5046875 0.67734375 0.02109375 0.0328125
0 0.52421875 0.66171875 0.0125 0.0171875
0 0.4609375 0.6609375 0.01171875 0.0171875
0 0.45 0.659375 0.0109375 0.0203125
0 0.3671875 0.6578125 0.01328125 0.03203125
0 0.3796875 0.65859375 0.0109375 0.0296875
0 0.39375 0.65546875 0.0109375 0.02734375
0 0.33671875 0.65859375 0.01171875 0.0203125
0 0.45859375 0.65234375 0.00859375 0.009375
0 0.4859375 0.6578125 0.0109375 0.0234375
0 0.7515625 0.59375 0.01015625 0.01640625
0 0.7640625 0.59296875 0.0109375 0.0109375
0 0.71484375 0.59453125 0.01015625 0.00859375
0 0.40078125 0.59296875 0.00859375 0.0125
0 0.2671875 0.59375 0.0078125 0.01328125
0 0.503125 0.659375 0.00859375 0.009375
0 0.5109375 0.65703125 0.00859375 0.00703125
0 0.9375 0.68828125 0.12265625 0.2328125
0 0.596875 0.66875 0.0203125 0.0578125
0 0.7828125 0.65390625 0.0171875 0.021875
0 0.8171875 0.65390625 0.01484375 0.0203125
0 0.35703125 0.66328125 0.01015625 0.01015625
0 0.38671875 0.66171875 0.00703125 0.00859375
0 0.40390625 0.6609375 0.0109375 0.0109375
0 0.4703125 0.65859375 0.01484375 0.0203125
0 0.49453125 0.65625 0.0078125 0.0171875
0 0.4875 0.65703125 0.00625 0.00625
0 0.48125 0.6609375 0.00703125 0.015625
0 0.471875 0.671875 0.03828125 0.003125
0 0.6828125 0.59375 0.021875 0.00703125
0 0.49609375 0.59140625 0.16875 0.0140625
0 0.31484375 0.59453125 0.05703125 0.0109375
0 0.20234375 0.59453125 0.09609375 0.01328125