0 0.88203125 0.4625 0.03359375 0.06484375
0 0.93671875 0.44140625 0.0234375 0.0875
0 0.97265625 0.45859375 0.04140625 0.1078125
0 0.9609375 0.9265625 0.06171875 0.1421875
0 0.93203125 0.91875 0.08671875 0.1578125
0 0.821875 0.90859375 0.103125 0.17734375
0 0.74609375 0.8984375 0.028125 0.0578125
0 0.6765625 0.8859375 0.03984375 0.10234375
0 0.62734375 0.83984375 0.03828125 0.15
0 0.528125 0.8171875 0.0796875 0.1546875
0 0.4640625 0.90390625 0.18203125 0.1875
0 0.334375 0.83984375 0.0515625 0.16015625
0 0.07578125 0.90859375 0.0453125 0.1078125
0 0.1015625 0.8890625 0.01640625 0.07734375
0 0.1171875 0.8875 0.01796875 0.06484375
0 0.203125 0.2828125 0.15 0.28515625
0 0.8484375 0.85234375 0.046875 0.03984375
0 0.7296875 0.86875 0.08359375 0.04765625
0 0.66484375 0.88984375 0.0203125 0.0453125
0 0.63671875 0.8734375 0.03359375 0.0578125
0 0.590625 0.8671875 0.03203125 0.06015625
0 0.30390625 0.8765625 0.021875 0.0578125
0 0.1359375 0.91015625 0.03828125 0.05
0 0.18359375 0.875 0.05 0.06015625
0 0.36796875 0.82109375 0.03984375 0.1421875
0 0.7875 0.7171875 0.04140625 0.075