0 0.3953125 0.61796875 0.18046875 0.69921875
0 0.515625 0.60390625 0.1375 0.68125
0 0.18984375 0.49609375 0.128125 0.40546875
0 0.203125 0.47578125 0.090625 0.34921875
0 0.3234375 0.328125 0.015625 0.0234375
0 0.34140625 0.48203125 0.0890625 0.4453125
0 0.98046875 0.41796875 0.03828125 0.15703125
0 0.96328125 0.403125 0.03046875 0.14453125
0 0.95 0.396875 0.02578125 0.125
0 0.92265625 0.403125 0.03046875 0.1109375
0 0.93671875 0.38671875 0.01328125 0.0734375
0 0.915625 0.3578125 0.01875 0.03046875
0 0.9 0.3953125 0.021875 0.08359375
0 0.9078125 0.35625 0.00703125 0.0140625
0 0.89140625 0.359375 0.0078125 0.01875
0 0.87109375 0.41484375 0.06015625 0.1625
0 0.85234375 0.36015625 0.009375 0.01171875
0 0.84609375 0.40078125 0.015625 0.0765625
0 0.840625 0.3640625 0.00703125 0.015625
0 0.82890625 0.39609375 0.0296875 0.09453125
0 0.809375 0.4015625 0.0140625 0.0765625
0 0.8125 0.3625 0.00703125 0.01015625
0 0.81953125 0.39921875 0.0109375 0.0765625
0 0.78046875 0.40625 0.03203125 0.115625
0 0.79609375 0.3984375 0.01328125 0.08125
0 0.803125 0.3640625 0.009375 0.025
0 0.771875 0.39296875 0.015625 0.08046875
0 0.7625 0.39375 0.01015625 0.078125
0 0.721875 0.40390625 0.01640625 0.0921875
0 0.74921875 0.44375 0.009375 0.01953125
0 0.68359375 0.3953125 0.01171875 0.06484375
0 0.66015625 0.4046875 0.025 0.1
0 0.66953125 0.3796875 0.0109375 0.03984375
0 0.65 0.39375 0.01015625 0.06796875
0 0.640625 0.39765625 0.01953125 0.0859375
0 0.625 0.40390625 0.028125 0.10078125
0 0.63046875 0.39375 0.01640625 0.071875
0 0.63359375 0.36171875 0.0078125 0.01171875
0 0.61875 0.36640625 0.00625 0.01328125
0 0.61328125 0.39296875 0.01796875 0.071875
0 0.60625 0.36875 0.00703125 0.01484375
0 0.60390625 0.39609375 0.01171875 0.065625
0 0.58671875 0.403125 0.01796875 0.10703125
0 0.590625 0.40703125 0.02265625 0.10625
0 0.5703125 0.3796875 0.0140625 0.040625
0 0.57578125 0.4 0.00859375 0.06640625
0 0.5578125 0.36875 0.02265625 0.03046875
0 0.30234375 0.3828125 0.0125 0.046875
0 0.2921875 0.39765625 0.01484375 0.06328125
0 0.28984375 0.3703125 0.0078125 0.01875
0 0.28359375 0.39609375 0.01171875 0.06171875
0 0.27578125 0.39609375 0.01484375 0.0671875
0 0.2703125 0.37890625 0.00859375 0.03984375
0 0.25859375 0.4 0.01953125 0.08125
0 0.2421875 0.403125 0.0140625 0.05078125
0 0.121875 0.40703125 0.021875 0.08046875
0 0.12578125 0.40625 0.0171875 0.08203125
0 0.12890625 0.378125 0.00859375 0.01328125
0 0.134375 0.38046875 0.0109375 0.03515625
0 0.13828125 0.36953125 0.00546875 0.0109375
0 0.09921875 0.41875 0.03203125 0.0953125
0 0.06640625 0.41484375 0.03046875 0.1078125
0 0.0828125 0.40859375 0.02109375 0.08515625
0 0.090625 0.39921875 0.0140625 0.071875
0 0.10390625 0.38828125 0.015625 0.04296875
0 0.05859375 0.3734375 0.00859375 0.01640625
0 0.05390625 0.39921875 0.01015625 0.06796875
0 0.04765625 0.39921875 0.0140625 0.0625
0 0.0375 0.4015625 0.0109375 0.05625
0 0.02890625 0.39765625 0.01640625 0.0671875
0 0.01328125 0.396875 0.0265625 0.06875
0 0.0046875 0.40078125 0.009375 0.05703125
0 0.01796875 0.39921875 0.01796875 0.0625
0 0.6984375 0.42109375 0.046875 0.20859375
0 0.7453125 0.41796875 0.06484375 0.2046875
0 0.05078125 0.53671875 0.1015625 0.07109375
0 0.78671875 0.75625 0.42578125 0.16640625
0 0.17890625 0.7125 0.353125 0.14375
0 0.88828125 0.51875 0.2171875 0.0359375