0 0.49921875 0.42578125 0.99140625 0.4015625
0 0.4671875 0.7703125 0.721875 0.45625
0 0.32265625 0.321875 0.2671875 0.25546875
0 0.6515625 0.325 0.2890625 0.25625
0 0.08203125 0.1796875 0.1640625 0.26015625
0 0.21484375 0.13125 0.18828125 0.14296875
0 0.3875 0.14453125 0.15390625 0.12421875
0 0.6171875 0.16015625 0.17734375 0.10625
0 0.4625 0.146875 0.09921875 0.128125
0 0.05625 0.94453125 0.1125 0.1078125
0 0.2 0.96015625 0.140625 0.0765625
0 0.93359375 0.37109375 0.13203125 0.153125
0 0.309375 0.0625 0.60390625 0.1140625
0 0.921875 0.096875 0.15390625 0.1890625