0 0.1046875 0.74296875 0.2078125 0.5109375
0 0.146875 0.6390625 0.12890625 0.39921875
0 0.22578125 0.61484375 0.1421875 0.434375
0 0.14453125 0.4203125 0.0875 0.2265625
0 0.08984375 0.34296875 0.065625 0.1625
0 0.175 0.3171875 0.07109375 0.1890625
0 0.24375 0.48984375 0.08828125 0.284375
0 0.259375 0.35859375 0.07265625 0.1453125
0 0.2015625 0.259375 0.06171875 0.2015625
0 0.24453125 0.2078125 0.06171875 0.1890625
0 0.290625 0.28046875 0.0828125 0.22265625
0 0.3296875 0.425 0.09765625 0.27890625
0 0.3015625 0.7703125 0.19765625 0.45625
0 0.3796875 0.58359375 0.115625 0.39375
0 0.45859375 0.7984375 0.19453125 0.40078125
0 0.48515625 0.59375 0.1171875 0.28046875
0 0.38828125 0.3640625 0.05546875 0.1453125
0 0.440625 0.38984375 0.08515625 0.26171875
0 0.49140625 0.31796875 0.0453125 0.11796875
0 0.54609375 0.371875 0.065625 0.1859375
0 0.5125 0.50703125 0.13046875 0.35859375
0 0.61875 0.67109375 0.178125 0.65546875
0 0.65546875 0.409375 0.0421875 0.1078125
0 0.7046875 0.5140625 0.0953125 0.321875
0 0.79296875 0.44609375 0.1015625 0.23125
0 0.7796875 0.8 0.21328125 0.39765625
0 0.91484375 0.7796875 0.16875 0.43828125
0 0.76796875 0.6484375 0.1671875 0.32734375
0 0.8609375 0.609375 0.11171875 0.36171875
0 0.9078125 0.4828125 0.10234375 0.2453125
0 0.61875 0.32734375 0.0671875 0.10390625
0 0.67265625 0.365625 0.04453125 0.10625
0 0.76171875 0.3796875 0.0578125 0.134375
0 0.859375 0.35703125 0.07890625 0.1625
0 0.9390625 0.390625 0.1203125 0.353125
0 0.71875 0.32734375 0.078125 0.159375
0 0.82109375 0.30390625 0.071875 0.12578125
0 0.2953125 0.16484375 0.07734375 0.15
0 0.33125 0.21953125 0.05546875 0.11171875
0 0.3734375 0.2484375 0.090625 0.2
0 0.40078125 0.1921875 0.03671875 0.10390625
0 0.44375 0.23984375 0.08125 0.22265625
0 0.48515625 0.2359375 0.059375 0.23671875
0 0.5265625 0.2359375 0.0765625 0.16953125
0 0.58359375 0.28046875 0.07578125 0.190625
0 0.628125 0.2734375 0.05859375 0.159375
0 0.66796875 0.2484375 0.06015625 0.15234375
0 0.58359375 0.190625 0.059375 0.1453125
0 0.69765625 0.1921875 0.0578125 0.159375
0 0.7359375 0.265625 0.096875 0.146875
0 0.77734375 0.209375 0.08125 0.20625
0 0.86015625 0.2265625 0.07890625 0.1734375
0 0.88515625 0.17890625 0.053125 0.125
0 0.93359375 0.2359375 0.0859375 0.178125
0 0.02109375 0.82109375 0.0421875 0.3546875
0 0.98828125 0.6296875 0.021875 0.24765625
0 0.98359375 0.35390625 0.03125 0.284375
0 0.9375 0.11953125 0.02734375 0.08515625