0 0.515625 0.503125 0.07890625 0.25859375
0 0.578125 0.50625 0.0765625 0.2515625
0 0.9671875 0.4953125 0.02734375 0.09375
0 0.94765625 0.50390625 0.025 0.084375
0 0.925 0.5 0.0328125 0.09921875
0 0.88046875 0.49453125 0.02109375 0.0765625
0 0.89375 0.49453125 0.0203125 0.06953125
0 0.90625 0.4890625 0.01484375 0.046875
0 0.93984375 0.49375 0.0203125 0.075
0 0.8375 0.50078125 0.01484375 0.0640625
0 0.8015625 0.50546875 0.02109375 0.0734375
0 0.778125 0.503125 0.02109375 0.075
0 0.76171875 0.5046875 0.01875 0.075
0 0.73203125 0.5046875 0.0234375 0.0828125
0 0.68046875 0.50390625 0.01875 0.084375
0 0.66171875 0.50546875 0.02109375 0.06953125
0 0.6515625 0.49609375 0.00859375 0.05078125
0 0.696875 0.496875 0.0109375 0.04140625
0 0.7171875 0.496875 0.0125 0.0453125
0 0.4859375 0.5 0.01484375 0.04296875
0 0.46015625 0.5 0.0125 0.046875
0 0.46953125 0.4859375 0.00859375 0.02265625
0 0.4390625 0.5 0.0109375 0.0390625
0 0.4296875 0.5015625 0.00859375 0.0359375
0 0.42109375 0.5015625 0.0125 0.0359375
0 0.4125 0.5015625 0.01015625 0.0359375
0 0.39921875 0.5015625 0.0109375 0.0390625
0 0.2546875 0.521875 0.0375 0.1578125
0 0.215625 0.5203125 0.04375 0.159375
0 0.2796875 0.50625 0.01875 0.0640625
0 0.28125 0.50390625 0.01484375 0.05078125
0 0.2359375 0.50390625 0.0125 0.0578125
0 0.1828125 0.5109375 0.01640625 0.0765625
0 0.190625 0.51015625 0.01640625 0.075
0 0.16328125 0.509375 0.02890625 0.08046875
0 0.1390625 0.5078125 0.02734375 0.08828125
0 0.12421875 0.5109375 0.02109375 0.0765625
0 0.10703125 0.5046875 0.0234375 0.0859375
0 0.0203125 0.51484375 0.0296875 0.1109375
0 0.821875 0.49140625 0.0265625 0.0640625
0 0.72265625 0.48671875 0.0078125 0.02421875
0 0.74921875 0.4953125 0.01875 0.04140625
0 0.6359375 0.4921875 0.0765625 0.0359375
0 0.41796875 0.48984375 0.06640625 0.02265625
0 0.3546875 0.50078125 0.05234375 0.0484375
0 0.24296875 0.4828125 0.00625 0.0171875
0 0.14765625 0.47578125 0.0171875 0.05078125