0 0.1140625 0.97890625 0.03984375 0.0390625
0 0.246875 0.97578125 0.059375 0.0453125
0 0.00859375 0.0171875 0.01640625 0.034375
0 0.01484375 0.0234375 0.025 0.046875
0 0.028125 0.03046875 0.02734375 0.0546875
0 0.0453125 0.01015625 0.01171875 0.0203125
0 0.06796875 0.02109375 0.02421875 0.0421875
0 0.09765625 0.00703125 0.01875 0.0140625
0 0.1109375 0.01328125 0.01953125 0.0265625
0 0.125 0.01875 0.021875 0.0375
0 0.1375 0.025 0.02421875 0.05
0 0.14921875 0.0046875 0.00703125 0.009375
0 0.178125 0.01875 0.01484375 0.0375
0 0.19140625 0.02265625 0.02578125 0.0453125
0 0.09609375 0.03828125 0.028125 0.0609375
0 0.1140625 0.05390625 0.025 0.0578125
0 0.128125 0.0671875 0.03046875 0.059375
0 0.14765625 0.07890625 0.02734375 0.0578125
0 0.1671875 0.09296875 0.028125 0.0578125
0 0.1578125 0.03359375 0.02421875 0.0546875
0 0.17265625 0.046875 0.025 0.05625
0 0.19296875 0.059375 0.028125 0.059375
0 0.21015625 0.07109375 0.028125 0.0609375
0 0.20859375 0.0296875 0.02265625 0.053125
0 0.22578125 0.01484375 0.02109375 0.0296875
0 0.2109375 0.01015625 0.0125 0.0203125
0 0.24375 0.0203125 0.021875 0.0375
0 0.2265625 0.040625 0.025 0.059375
0 0.23203125 0.08828125 0.02578125 0.0640625
0 0.2453125 0.053125 0.02734375 0.059375
0 0.27421875 0.01484375 0.0125 0.0296875
0 0.31015625 0.02578125 0.025 0.0515625
0 0.340625 0.01796875 0.01328125 0.0359375
0 0.353125 0.00703125 0.021875 0.0140625
0 0.28125 0.0359375 0.02578125 0.059375
0 0.30546875 0.04921875 0.021875 0.0609375
0 0.3328125 0.03515625 0.02421875 0.0578125
0 0.32734375 0.0625 0.025 0.0625
0 0.35625 0.05 0.02421875 0.0625
0 0.36328125 0.025 0.021875 0.05
0 0.4 0.01640625 0.0125 0.0328125
0 0.421875 0.02265625 0.01796875 0.0453125
0 0.4234375 0.00859375 0.02109375 0.0171875
0 0.44375 0.02890625 0.02109375 0.0578125
0 0.47578125 0.01953125 0.01171875 0.0390625
0 0.528125 0.0171875 0.02109375 0.034375
0 0.55859375 0.02421875 0.01640625 0.0484375
0 0.5875 0.0140625 0.01484375 0.028125
0 0.58828125 0.021875 0.01640625 0.04375
0 0.61875 0.01171875 0.0125 0.0234375
0 0.64375 0.028125 0.01953125 0.05625
0 0.675 0.0203125 0.01328125 0.040625
0 0.68203125 0.0390625 0.01875 0.06875
0 0.70078125 0.009375 0.01640625 0.01875
0 0.70546875 0.0265625 0.01953125 0.053125
0 0.73515625 0.0171875 0.01640625 0.034375
0 0.76015625 0.009375 0.01328125 0.01875
0 0.74375 0.034375 0.021875 0.06875
0 0.77265625 0.0234375 0.01328125 0.046875
0 0.796875 0.01484375 0.01328125 0.0296875
0 0.81015625 0.0296875 0.02265625 0.059375
0 0.84765625 0.0375 0.02421875 0.071875
0 0.8703125 0.02734375 0.02265625 0.0546875
0 0.8953125 0.01875 0.01171875 0.034375
0 0.9078125 0.03359375 0.01796875 0.0671875
0 0.9109375 0.0203125 0.01484375 0.040625
0 0.9265625 0.02265625 0.01640625 0.0453125
0 0.946875 0.0140625 0.01484375 0.028125
0 0.97421875 0.0296875 0.01875 0.059375
0 0.98828125 0.01953125 0.021875 0.0390625
0 0.99140625 0.06328125 0.015625 0.0703125
0 0.97265625 0.0796875 0.025 0.078125
0 0.95234375 0.04453125 0.02265625 0.0734375
0 0.9296875 0.06484375 0.025 0.0765625
0 0.903125 0.0875 0.025 0.078125
0 0.88359375 0.05 0.02265625 0.075
0 0.85390625 0.0734375 0.021875 0.071875
0 0.82109375 0.06015625 0.02109375 0.0703125
0 0.7828125 0.046875 0.02109375 0.071875
0 0.75390625 0.06640625 0.01875 0.0703125
0 0.79453125 0.08125 0.021875 0.071875
0 0.8296875 0.09765625 0.01640625 0.0734375
0 0.875 0.11171875 0.02421875 0.0765625
0 0.9234375 0.12890625 0.02734375 0.0765625
0 0.94765625 0.1046875 0.02578125 0.078125
0 0.8953125 0.15390625 0.025 0.0828125
0 0.8625 0.1859375 0.025 0.08125
0 0.84921875 0.13671875 0.02265625 0.0796875
0 0.8171875 0.15859375 0.02421875 0.0828125
0 0.8328125 0.21015625 0.02734375 0.0859375
0 0.7984375 0.12109375 0.02109375 0.0734375
0 0.76640625 0.103125 0.02265625 0.071875
0 0.76953125 0.14296875 0.025 0.0765625
0 0.78359375 0.18671875 0.02734375 0.0765625
0 0.79921875 0.24140625 0.03046875 0.0828125
0 0.740625 0.16484375 0.01953125 0.0765625
0 0.73671875 0.11953125 0.02109375 0.0640625
0 0.725 0.0828125 0.021875 0.071875
0 0.71328125 0.053125 0.02109375 0.06875
0 0.6875 0.0703125 0.01953125 0.071875
0 0.6984375 0.1078125 0.02109375 0.065625
0 0.70703125 0.1453125 0.02109375 0.0625
0 0.70234375 0.196875 0.02734375 0.078125
0 0.72109375 0.24375 0.025 0.078125
0 0.7703125 0.271875 0.02265625 0.084375
0 0.72890625 0.30390625 0.02578125 0.0796875
0 0.68203125 0.278125 0.02734375 0.08125
0 0.6734375 0.221875 0.02421875 0.075
0 0.67109375 0.171875 0.021875 0.059375
0 0.665625 0.1296875 0.02109375 0.065625
0 0.659375 0.0890625 0.01796875 0.059375
0 0.653125 0.05625 0.02109375 0.065625
0 0.6171875 0.04140625 0.01953125 0.0640625
0 0.5875 0.06171875 0.01953125 0.0671875
0 0.55546875 0.04140625 0.01875 0.0515625
0 0.55859375 0.08125 0.02265625 0.0625
0 0.5953125 0.09765625 0.01953125 0.0671875
0 0.62265625 0.0765625 0.02109375 0.06875
0 0.62734375 0.1078125 0.02421875 0.065625
0 0.63046875 0.15625 0.02421875 0.06875
0 0.63828125 0.20390625 0.02265625 0.0765625
0 0.634375 0.25 0.02421875 0.075
0 0.6375 0.3140625 0.028125 0.08125
0 0.64375 0.3875 0.028125 0.0875
0 0.59375 0.13515625 0.021875 0.0671875
0 0.59921875 0.17734375 0.021875 0.0671875
0 0.603125 0.23203125 0.028125 0.0765625
0 0.59140625 0.28125 0.02734375 0.078125
0 0.5953125 0.35 0.028125 0.084375
0 0.5921875 0.43515625 0.03125 0.0859375
0 0.56484375 0.15703125 0.021875 0.0640625
0 0.5640625 0.20546875 0.025 0.0734375
0 0.56171875 0.2640625 0.025 0.078125
0 0.55078125 0.31796875 0.02734375 0.0828125
0 0.54453125 0.39375 0.02890625 0.084375
0 0.54765625 0.47890625 0.03125 0.0890625
0 0.5265625 0.028125 0.01953125 0.04375
0 0.52578125 0.06015625 0.01953125 0.0453125
0 0.52734375 0.09609375 0.02421875 0.0546875
0 0.52890625 0.1375 0.01953125 0.059375
0 0.528125 0.1859375 0.025 0.071875
0 0.525 0.23671875 0.02734375 0.0765625
0 0.5171875 0.296875 0.028125 0.08125
0 0.50078125 0.3578125 0.028125 0.08125
0 0.49609375 0.434375 0.03125 0.084375
0 0.49453125 0.5234375 0.03515625 0.0875
0 0.49453125 0.08125 0.02265625 0.053125
0 0.46484375 0.071875 0.021875 0.065625
0 0.46328125 0.10546875 0.02265625 0.0671875
0 0.49921875 0.12421875 0.01796875 0.0671875
0 0.4640625 0.14296875 0.02578125 0.0703125
0 0.49375 0.1640625 0.025 0.06875
0 0.45390625 0.1890625 0.02578125 0.075
0 0.48671875 0.21171875 0.028125 0.0765625
0 0.44609375 0.23984375 0.03125 0.0734375
0 0.48203125 0.265625 0.028125 0.078125
0 0.434375 0.30390625 0.02578125 0.0765625
0 0.47265625 0.32890625 0.03046875 0.0828125
0 0.42421875 0.36875 0.03125 0.08125
0 0.45625 0.3953125 0.02890625 0.084375
0 0.40703125 0.43515625 0.03203125 0.0859375
0 0.44921875 0.4765625 0.03671875 0.0875
0 0.43828125 0.05859375 0.01953125 0.0609375
0 0.43515625 0.090625 0.02421875 0.065625
0 0.43203125 0.12734375 0.02421875 0.0640625
0 0.4203125 0.1703125 0.028125 0.06875
0 0.415625 0.21640625 0.02734375 0.0734375
0 0.40625 0.075 0.02421875 0.065625
0 0.403125 0.109375 0.02265625 0.065625
0 0.3921875 0.15078125 0.02578125 0.0671875
0 0.38359375 0.19375 0.02890625 0.071875
0 0.353125 0.17578125 0.02734375 0.0671875
0 0.36484375 0.13046875 0.02734375 0.0671875
0 0.3375 0.11328125 0.02734375 0.0640625
0 0.33515625 0.2265625 0.028125 0.071875
0 0.3640625 0.2484375 0.03046875 0.078125
0 0.378125 0.09375 0.01875 0.0625
0 0.37890625 0.06015625 0.02421875 0.0640625
0 0.3140625 0.096875 0.02578125 0.0625
0 0.29296875 0.08203125 0.02734375 0.0609375
0 0.27109375 0.0703125 0.025 0.06875
0 0.2515625 0.103125 0.02734375 0.0625
0 0.275 0.1203125 0.028125 0.065625
0 0.3015625 0.134375 0.02265625 0.06875
0 0.32578125 0.1546875 0.028125 0.06875
0 0.18671875 0.109375 0.03046875 0.0625
0 0.20703125 0.12578125 0.02734375 0.0640625
0 0.228125 0.14453125 0.03046875 0.0640625
0 0.25390625 0.16171875 0.02890625 0.0703125
0 0.28046875 0.1796875 0.02890625 0.075
0 0.30703125 0.203125 0.03125 0.071875
0 0.0421875 0.04453125 0.028125 0.0546875
0 0.01171875 0.05859375 0.02265625 0.0546875
0 0.01953125 0.075 0.02890625 0.05625
0 0.03203125 0.08984375 0.02890625 0.0578125
0 0.04921875 0.103125 0.03125 0.059375
0 0.0640625 0.11953125 0.02890625 0.0609375
0 0.05546875 0.05703125 0.028125 0.0546875
0 0.071875 0.07265625 0.028125 0.0546875
0 0.0875 0.0859375 0.02890625 0.059375
0 0.1046875 0.1015625 0.02734375 0.059375
0 0.1234375 0.1125 0.03046875 0.0625
0 0.14296875 0.1328125 0.028125 0.0625
0 0.08125 0.13515625 0.03125 0.0640625
0 0.10234375 0.15390625 0.03046875 0.0609375
0 0.121875 0.17109375 0.03046875 0.0640625
0 0.14375 0.18984375 0.028125 0.0640625
0 0.1625 0.21328125 0.03203125 0.0703125
0 0.1640625 0.1484375 0.03125 0.065625
0 0.18515625 0.16875 0.03125 0.065625
0 0.18828125 0.234375 0.03125 0.06875
0 0.209375 0.1890625 0.03203125 0.06875
0 0.21171875 0.2609375 0.03671875 0.071875
0 0.23671875 0.2078125 0.02890625 0.071875
0 0.24140625 0.2859375 0.03359375 0.075
0 0.2578125 0.2328125 0.03125 0.071875
0 0.2875 0.25625 0.03203125 0.071875
0 0.27109375 0.3109375 0.03671875 0.075
0 0.3203125 0.28046875 0.02734375 0.0734375
0 0.30546875 0.34140625 0.03203125 0.0796875
0 0.340625 0.37265625 0.03359375 0.0828125
0 0.353125 0.30546875 0.03046875 0.0765625
0 0.38359375 0.3375 0.03515625 0.08125
0 0.37578125 0.40546875 0.03828125 0.0859375
0 0.3984375 0.275 0.03046875 0.078125
0 0.6890625 0.34609375 0.02890625 0.0828125
0 0.0125 0.121875 0.025 0.06875
0 0.02578125 0.13828125 0.03203125 0.0640625
0 0.04140625 0.15234375 0.03046875 0.0640625
0 0.05546875 0.16171875 0.02578125 0.0484375
0 0.07265625 0.18203125 0.02734375 0.0515625
0 0.090625 0.20234375 0.02578125 0.0515625
0 0.115625 0.2359375 0.03671875 0.078125
0 0.13359375 0.25 0.03046875 0.053125
0 0.16328125 0.28828125 0.03515625 0.0765625
0 0.19140625 0.31484375 0.0375 0.0796875
0 0.21953125 0.34765625 0.03359375 0.0765625
0 0.2515625 0.375 0.0375 0.08125
0 0.284375 0.409375 0.03671875 0.0875
0 0.31796875 0.45 0.03984375 0.090625
0 0.3484375 0.48359375 0.03828125 0.0890625
0 0.390625 0.52265625 0.040625 0.0921875
0 0.43984375 0.575 0.040625 0.096875
0 0.490625 0.6296875 0.04375 0.10625
0 0.55 0.6921875 0.0375 0.103125
0 0.61953125 0.76015625 0.04140625 0.1140625
0 0.00546875 0.18203125 0.01015625 0.0609375
0 0.0140625 0.19765625 0.028125 0.0703125
0 0.02265625 0.20859375 0.025 0.0453125
0 0.0453125 0.24140625 0.03671875 0.0765625
0 0.065625 0.26484375 0.03828125 0.0765625
0 0.09140625 0.28984375 0.04140625 0.0828125
0 0.109375 0.30546875 0.034375 0.0515625
0 0.13671875 0.33125 0.03671875 0.05625
0 0.1640625 0.38203125 0.04140625 0.0828125
0 0.19921875 0.41328125 0.04140625 0.0890625
0 0.23046875 0.45078125 0.04140625 0.0890625
0 0.2640625 0.48984375 0.04609375 0.0953125
0 0.29296875 0.528125 0.04140625 0.090625
0 0.334375 0.578125 0.04140625 0.09375
0 0.38359375 0.625 0.04765625 0.10625
0 0.4359375 0.6890625 0.04453125 0.109375
0 0.48828125 0.75859375 0.04609375 0.1078125
0 0.01875 0.290625 0.0375 0.078125
0 0.03671875 0.3046875 0.03203125 0.05
0 0.06015625 0.34609375 0.03515625 0.0765625
0 0.0875 0.37578125 0.04609375 0.0859375
0 0.140625 0.45 0.04609375 0.090625
0 0.16875 0.47734375 0.040625 0.0640625
0 0.2 0.5328125 0.05078125 0.103125
0 0.23671875 0.57265625 0.046875 0.1015625
0 0.31953125 0.684375 0.05078125 0.109375
0 0.36484375 0.75546875 0.05390625 0.1109375
0 0.41875 0.8265625 0.05390625 0.121875
0 0.00859375 0.3671875 0.01640625 0.053125
0 0.0234375 0.41328125 0.03828125 0.0796875
0 0.040625 0.43515625 0.04140625 0.0609375
0 0.07265625 0.484375 0.0375 0.059375
0 0.1 0.53203125 0.04609375 0.0703125
0 0.13125 0.58359375 0.04765625 0.0890625
0 0.16171875 0.63984375 0.04453125 0.0984375
0 0.1953125 0.68984375 0.06015625 0.1109375
0 0.23671875 0.7578125 0.05390625 0.109375
0 0.28203125 0.83125 0.06328125 0.121875
0 0.340625 0.91171875 0.059375 0.1234375
0 0.41484375 0.9796875 0.02890625 0.0375
0 0.065625 0.9234375 0.06953125 0.115625
0 0.03046875 0.83515625 0.06015625 0.1046875
0 0.009375 0.7578125 0.01875 0.090625
0 0.015625 0.5484375 0.03125 0.096875
0 0.0265625 0.58046875 0.053125 0.0734375
0 0.05078125 0.61953125 0.05 0.0515625
0 0.08046875 0.68125 0.059375 0.090625
0 0.115625 0.7578125 0.0734375 0.115625
0 0.15 0.8328125 0.0765625 0.121875
0 0.1984375 0.91328125 0.07265625 0.1203125
0 0.55390625 0.5671875 0.04296875 0.090625
0 0.5984375 0.5171875 0.0375 0.096875
0 0.6484375 0.46640625 0.03359375 0.0984375
0 0.69765625 0.41875 0.03515625 0.103125
0 0.7421875 0.37265625 0.03359375 0.1015625
0 0.61484375 0.62109375 0.034375 0.1015625
0 0.6625 0.56953125 0.03359375 0.0984375
0 0.709375 0.5171875 0.03828125 0.10625
0 0.759375 0.459375 0.03203125 0.103125
0 0.80703125 0.4125 0.03671875 0.109375
0 0.68046875 0.68359375 0.03828125 0.1078125
0 0.7296875 0.62578125 0.0375 0.1078125
0 0.7703125 0.56796875 0.04140625 0.1109375
0 0.75390625 0.7625 0.0375 0.109375
0 0.80859375 0.69453125 0.03828125 0.1046875
0 0.85 0.628125 0.03671875 0.10625
0 0.48359375 0.91484375 0.053125 0.1265625
0 0.5546875 0.8359375 0.04453125 0.109375
0 0.6265625 0.92578125 0.03984375 0.1078125
0 0.69140625 0.8375 0.04375 0.109375
0 0.72578125 0.984375 0.03359375 0.028125
0 0.778125 0.93046875 0.04453125 0.1109375
0 0.8359375 0.83984375 0.040625 0.1140625
0 0.8875 0.7671875 0.04453125 0.10625
0 0.93515625 0.68828125 0.04453125 0.1078125
0 0.89765625 0.56015625 0.040625 0.1109375
0 0.82421875 0.50859375 0.03359375 0.1046875
0 0.86796875 0.4546875 0.03515625 0.103125
0 0.8828125 0.98203125 0.05390625 0.0328125
0 0.93671875 0.92734375 0.04140625 0.1171875
0 0.98203125 0.84453125 0.034375 0.1203125
0 0.97734375 0.6171875 0.04296875 0.115625
0 0.94453125 0.5 0.03515625 0.1
0 0.97578125 0.45078125 0.03671875 0.1046875
0 0.9078125 0.40546875 0.0375 0.1046875
0 0.846875 0.371875 0.03359375 0.1
0 0.88203125 0.3296875 0.03828125 0.103125
0 0.94296875 0.36328125 0.03515625 0.0953125
0 0.88671875 0.23515625 0.02734375 0.0890625
0 0.91953125 0.203125 0.03203125 0.090625
0 0.94453125 0.259375 0.03046875 0.090625
0 0.978125 0.23046875 0.03359375 0.0921875
0 0.94609375 0.1765625 0.03046875 0.08125
0 0.97578125 0.1484375 0.028125 0.08125
0 0.49765625 0.053125 0.01875 0.065625
0 0.46953125 0.04140625 0.01953125 0.0640625
0 0.49921875 0.0265625 0.02109375 0.053125
0 0.084375 0.00390625 0.01015625 0.0078125
0 0.48203125 0.00625 0.009375 0.0125
0 0.61171875 0.00625 0.009375 0.0125
0 0.6421875 0.01328125 0.00859375 0.0265625
0 0.7265625 0.00234375 0.01015625 0.0046875
0 0.85390625 0.009375 0.01171875 0.01875
0 0.99609375 0.275 0.00625 0.359375
0 0.50625 0.0109375 0.00625 0.021875