0 0.00859375 0.70546875 0.0171875 0.0796875
0 0.05234375 0.70078125 0.01875 0.06484375
0 0.078125 0.68828125 0.01796875 0.0390625
0 0.3890625 0.68671875 0.021875 0.0484375
0 0.4015625 0.678125 0.01171875 0.02890625
0 0.4125 0.6859375 0.01328125 0.06015625
0 0.4265625 0.71953125 0.02421875 0.12109375
0 0.43984375 0.69296875 0.0265625 0.096875
0 0.48828125 0.76640625 0.03203125 0.22421875
0 0.50703125 0.709375 0.01796875 0.06171875
0 0.521875 0.70859375 0.02734375 0.06953125
0 0.5390625 0.7375 0.01796875 0.11796875
0 0.55390625 0.7875 0.05390625 0.24375
0 0.60390625 0.80078125 0.05703125 0.240625
0 0.71953125 0.6859375 0.0171875 0.02734375
0 0.73359375 0.75234375 0.021875 0.140625
0 0.78046875 0.76953125 0.0734375 0.22109375
0 0.959375 0.80546875 0.07265625 0.2828125
0 0.03125 0.69375 0.02890625 0.05625
0 0.06640625 0.6859375 0.0234375 0.05
0 0.121875 0.68203125 0.0765625 0.03203125
0 0.21015625 0.690625 0.10234375 0.046875
0 0.3515625 0.715625 0.06484375 0.09375
0 0.4578125 0.70390625 0.02578125 0.0375
0 0.46328125 0.88125 0.2765625 0.07890625
0 0.63515625 0.69765625 0.13984375 0.0453125
0 0.74375 0.69609375 0.0421875 0.0453125
0 0.8484375 0.7453125 0.1578125 0.146875
0 0.984375 0.7484375 0.0296875 0.16328125