0 0.2390625 0.52265625 0.21015625 0.953125
0 0.409375 0.66796875 0.23359375 0.66171875
0 0.54921875 0.52890625 0.13125 0.65
0 0.79765625 0.5703125 0.13046875 0.6796875
0 0.871875 0.43359375 0.0390625 0.190625
0 0.88125 0.41640625 0.03359375 0.19921875
0 0.86171875 0.42578125 0.0265625 0.18125
0 0.93203125 0.403125 0.04140625 0.2203125
0 0.91328125 0.33359375 0.0296875 0.0640625
0 0.94609375 0.40703125 0.021875 0.20390625
0 0.95703125 0.40703125 0.02109375 0.16015625
0 0.9765625 0.39453125 0.04609375 0.18203125
0 0.99375 0.44140625 0.01171875 0.1859375
0 0.9875 0.390625 0.02421875 0.17421875
0 0.96796875 0.3125 0.028125 0.02890625
0 0.10390625 0.36328125 0.07578125 0.01796875
0 0.0765625 0.38828125 0.03984375 0.01484375