0 0.98671875 0.48046875 0.0234375 0.22421875
0 0.96796875 0.465625 0.04375 0.228125
0 0.94140625 0.47734375 0.0875 0.3046875
0 0.9203125 0.47734375 0.04609375 0.275
0 0.89296875 0.45859375 0.03359375 0.17421875
0 0.86171875 0.45859375 0.04140625 0.17421875
0 0.68984375 0.47578125 0.1 0.6375
0 0.6203125 0.471875 0.1171875 0.521875
0 0.503125 0.55625 0.18125 0.409375
0 0.409375 0.47109375 0.1765625 0.52734375
0 0.3421875 0.4765625 0.05 0.209375
0 0.27265625 0.478125 0.0453125 0.190625
0 0.24921875 0.475 0.0484375 0.17578125
0 0.240625 0.4609375 0.0515625 0.17734375
0 0.2 0.45234375 0.0453125 0.16796875
0 0.1703125 0.50078125 0.0296875 0.209375
0 0.1703125 0.503125 0.03515625 0.21328125
0 0.15 0.5140625 0.03984375 0.23203125
0 0.1234375 0.509375 0.05859375 0.26328125
0 0.1140625 0.4515625 0.03125 0.121875
0 0.1125 0.38515625 0.02265625 0.01875
0 0.09375 0.52265625 0.03984375 0.23359375
0 0.0921875 0.52265625 0.02890625 0.22578125
0 0.06328125 0.52265625 0.0515625 0.2671875
0 0.0515625 0.415625 0.0234375 0.05390625
0 0.03828125 0.53828125 0.0765625 0.28046875
0 0.0453125 0.03984375 0.01484375 0.0390625
0 0.00859375 0.03828125 0.0125 0.046875
0 0.028125 0.0421875 0.0140625 0.046875
0 0.5046875 0.41328125 0.02890625 0.04140625
0 0.2984375 0.44765625 0.01875 0.0765625
0 0.10078125 0.42265625 0.0109375 0.02578125
0 0.06796875 0.0421875 0.0390625 0.05078125
0 0.0203125 0.0421875 0.01015625 0.0390625