0 0.36875 0.41171875 0.125 0.190625
0 0.46953125 0.46171875 0.08828125 0.18671875
0 0.6828125 0.5953125 0.00859375 0.034375
0 0.68828125 0.58828125 0.009375 0.02734375
0 0.74765625 0.6609375 0.0140625 0.03359375
0 0.80859375 0.6875 0.02421875 0.06171875
0 0.8421875 0.68515625 0.02109375 0.06796875
0 0.87109375 0.68515625 0.01484375 0.0359375
0 0.8421875 0.6828125 0.01953125 0.03046875
0 0.98125 0.79765625 0.03671875 0.11328125
0 0.69453125 0.5890625 0.01171875 0.015625
0 0.778125 0.615625 0.0234375 0.0296875
0 0.73125 0.65 0.01328125 0.03046875
0 0.74296875 0.63828125 0.00703125 0.01015625