0 0.0609375 0.67265625 0.01640625 0.0640625
0 0.06484375 0.66171875 0.0125 0.04140625
0 0.0765625 0.70390625 0.034375 0.1234375
0 0.1703125 0.6953125 0.0484375 0.07578125
0 0.21015625 0.66484375 0.01875 0.05859375
0 0.23203125 0.66171875 0.01640625 0.05703125
0 0.24296875 0.66171875 0.015625 0.0546875
0 0.22890625 0.6609375 0.01484375 0.05625
0 0.2390625 0.7 0.0453125 0.08203125
0 0.246875 0.7015625 0.05546875 0.08203125
0 0.27734375 0.6734375 0.0234375 0.0703125
0 0.29140625 0.6703125 0.0125 0.0625
0 0.5296875 0.69140625 0.0296875 0.06484375
0 0.728125 0.728125 0.05859375 0.1484375
0 0.7640625 0.73359375 0.065625 0.1578125
0 0.78828125 0.675 0.0265625 0.084375
0 0.82109375 0.678125 0.03125 0.09375
0 0.01875 0.6375 0.00703125 0.0296875
0 0.12578125 0.64296875 0.01484375 0.015625
0 0.29140625 0.6265625 0.0125 0.02109375
0 0.396875 0.63515625 0.0390625 0.02578125
0 0.7234375 0.61953125 0.0296875 0.02890625
0 0.78671875 0.61875 0.0109375 0.01953125