0 0.81875 0.834375 0.0953125 0.32734375
0 0.75546875 0.86484375 0.08515625 0.26640625
0 0.7234375 0.85 0.05234375 0.296875
0 0.77265625 0.7078125 0.04609375 0.13515625
0 0.60234375 0.82109375 0.16640625 0.35390625
0 0.490625 0.84375 0.09375 0.3078125
0 0.45546875 0.72265625 0.05859375 0.1484375
0 0.346875 0.80703125 0.0484375 0.2453125
0 0.384375 0.8078125 0.03984375 0.23984375
0 0.41953125 0.7890625 0.04140625 0.20546875
0 0.2859375 0.728125 0.0234375 0.15625
0 0.32421875 0.6921875 0.02890625 0.09140625
0 0.30390625 0.7265625 0.01796875 0.140625
0 0.3421875 0.69609375 0.01796875 0.06484375
0 0.40390625 0.703125 0.0171875 0.09921875
0 0.390625 0.6875 0.01171875 0.0359375
0 0.471875 0.678125 0.0140625 0.05859375
0 0.55546875 0.715625 0.01484375 0.06640625
0 0.565625 0.7078125 0.0140625 0.0703125
0 0.54765625 0.72109375 0.02421875 0.05546875
0 0.57578125 0.7015625 0.01953125 0.0953125
0 0.63515625 0.71328125 0.02890625 0.08359375
0 0.678125 0.71171875 0.0265625 0.1390625
0 0.65859375 0.68828125 0.0203125 0.04921875
0 0.7046875 0.71328125 0.01796875 0.0953125
0 0.715625 0.71953125 0.02109375 0.1046875
0 0.74609375 0.68984375 0.02578125 0.0796875
0 0.73046875 0.6796875 0.01953125 0.04765625
0 0.7640625 0.678125 0.0203125 0.05859375
0 0.68984375 0.70625 0.0171875 0.0890625
0 0.884375 0.73984375 0.0375 0.13671875
0 0.840625 0.67421875 0.02109375 0.02890625
0 0.81640625 0.67421875 0.02578125 0.0515625
0 0.98359375 0.72890625 0.0296875 0.13515625
0 0.96796875 0.69375 0.01953125 0.10234375
0 0.93125 0.675 0.0125 0.06875
0 0.940625 0.728125 0.03125 0.121875
0 0.7359375 0.675 0.00859375 0.0421875
0 0.82265625 0.66953125 0.01484375 0.034375
0 0.85859375 0.72109375 0.01484375 0.11953125
0 0.85078125 0.671875 0.01484375 0.0359375
0 0.83359375 0.70625 0.01796875 0.0890625
0 0.9453125 0.6671875 0.00859375 0.02265625
0 0.30390625 0.73515625 0.02421875 0.12734375
0 0.334375 0.6765625 0.01484375 0.03828125
0 0.56875 0.665625 0.01171875 0.01875
0 0.64609375 0.659375 0.0296875 0.03828125
0 0.66875 0.6546875 0.0109375 0.025
0 0.7 0.6546875 0.03984375 0.02890625
0 0.76875 0.65703125 0.0078125 0.025
0 0.753125 0.6625 0.0125 0.02890625
0 0.796875 0.65625 0.01484375 0.0265625
0 0.83828125 0.65703125 0.05 0.02109375
0 0.88125 0.65859375 0.0375 0.025
0 0.91328125 0.68515625 0.0296875 0.07421875
0 0.98828125 0.6671875 0.02109375 0.0453125
0 0.7234375 0.67265625 0.00859375 0.0265625
0 0.3734375 0.78203125 0.03125 0.2109375