0 0.9765625 0.678125 0.04375 0.07890625
0 0.934375 0.68359375 0.04765625 0.0625
0 0.8734375 0.6828125 0.05078125 0.06640625
0 0.81015625 0.69609375 0.059375 0.0796875
0 0.52265625 0.69140625 0.03203125 0.06484375
0 0.49375 0.6984375 0.02890625 0.06640625
0 0.46171875 0.68984375 0.03203125 0.0703125
0 0.4359375 0.67421875 0.0171875 0.0234375
0 0.4046875 0.70078125 0.0421875 0.0859375
0 0.3734375 0.69609375 0.040625 0.06015625
0 0.2359375 0.6921875 0.025 0.0390625
0 0.21015625 0.68984375 0.025 0.0421875
0 0.184375 0.70390625 0.03046875 0.0546875
0 0.13125 0.7046875 0.08984375 0.0875
0 0.0828125 0.7359375 0.1015625 0.1390625
0 0.34296875 0.4578125 0.34140625 0.39375
0 0.584375 0.47421875 0.4625 0.80859375
0 0.30234375 0.70703125 0.128125 0.03125
0 0.38984375 0.70390625 0.01015625 0.02265625
0 0.0359375 0.721875 0.071875 0.10625