0 0.22578125 0.77734375 0.0609375 0.11875
0 0.26328125 0.7796875 0.03203125 0.103125
0 0.27421875 0.79453125 0.03671875 0.14140625
0 0.3140625 0.79375 0.0703125 0.15234375
0 0.3484375 0.78515625 0.0765625 0.14921875
0 0.425 0.79921875 0.0421875 0.0828125
0 0.44609375 0.796875 0.03515625 0.07890625
0 0.4734375 0.77265625 0.0328125 0.1109375
0 0.5234375 0.8421875 0.0703125 0.2390625
0 0.584375 0.7734375 0.0125 0.0640625
0 0.6 0.78125 0.04765625 0.121875
0 0.653125 0.83359375 0.0984375 0.25234375
0 0.690625 0.76171875 0.03046875 0.0984375
0 0.69375 0.76015625 0.025 0.0875
0 0.7703125 0.79296875 0.04609375 0.11875
0 0.8203125 0.7984375 0.07265625 0.12109375
0 0.80625 0.77890625 0.0359375 0.11171875
0 0.8296875 0.7734375 0.04296875 0.13125
0 0.90078125 0.8109375 0.04140625 0.103125
0 0.91640625 0.78515625 0.02578125 0.1390625
0 0.94609375 0.79375 0.0609375 0.171875
0 0.98046875 0.77421875 0.03515625 0.128125
0 0.31640625 0.73359375 0.01640625 0.0203125
0 0.59140625 0.7921875 0.00546875 0.0140625
0 0.62734375 0.7390625 0.01484375 0.0265625
0 0.66171875 0.7390625 0.01171875 0.0171875
0 0.990625 0.775 0.01796875 0.0765625
0 0.909375 0.728125 0.0078125 0.0265625
0 0.90390625 0.74375 0.01328125 0.00625
0 0.9296875 0.72734375 0.0125 0.0109375
0 0.9546875 0.73125 0.00703125 0.00703125
0 0.453125 0.80078125 0.01328125 0.021875
0 0.28671875 0.85 0.03203125 0.034375
0 0.3890625 0.76796875 0.06953125 0.1140625