0 0.64453125 0.8765625 0.09296875 0.178125
0 0.57890625 0.8609375 0.07890625 0.18125
0 0.509375 0.86171875 0.059375 0.17578125
0 0.45078125 0.85859375 0.07890625 0.196875
0 0.390625 0.86875 0.10234375 0.19375
0 0.9265625 0.75703125 0.08515625 0.2984375
0 0.8734375 0.74296875 0.0671875 0.28984375
0 0.8265625 0.73203125 0.0734375 0.2765625
0 0.76875 0.72890625 0.0828125 0.28359375
0 0.7203125 0.71171875 0.06875 0.2796875
0 0.66875 0.7078125 0.05625 0.28359375
0 0.6171875 0.703125 0.05546875 0.2625
0 0.5640625 0.7078125 0.071875 0.28671875
0 0.509375 0.6828125 0.05546875 0.2328125
0 0.45703125 0.68515625 0.06796875 0.25390625
0 0.39921875 0.6953125 0.0578125 0.25703125
0 0.3484375 0.7109375 0.065625 0.2953125
0 0.29609375 0.73125 0.08046875 0.2921875
0 0.2328125 0.72734375 0.0765625 0.29375
0 0.171875 0.7328125 0.08984375 0.3265625
0 0.11484375 0.759375 0.0640625 0.2984375
0 0.0578125 0.7484375 0.07421875 0.3265625
0 0.11640625 0.58828125 0.06484375 0.20546875
0 0.16875 0.5828125 0.04609375 0.19140625
0 0.21796875 0.58359375 0.059375 0.22109375
0 0.265625 0.57421875 0.0484375 0.215625
0 0.30859375 0.5640625 0.046875 0.2125
0 0.3515625 0.559375 0.05234375 0.22421875
0 0.4109375 0.60625 0.05546875 0.3421875
0 0.471875 0.5765625 0.07578125 0.3453125
0 0.53515625 0.60390625 0.05859375 0.3296875
0 0.59140625 0.5484375 0.0625 0.20859375
0 0.646875 0.5609375 0.05625 0.196875
0 0.69765625 0.5875 0.05625 0.2484375
0 0.7578125 0.575 0.0578125 0.18671875
0 0.80859375 0.58671875 0.0484375 0.178125
0 0.859375 0.5921875 0.07109375 0.18984375
0 0.92109375 0.61328125 0.04375 0.1625
0 0.890625 0.503125 0.0515625 0.246875
0 0.8375 0.4828125 0.0546875 0.215625
0 0.78515625 0.4609375 0.04375 0.1828125
0 0.75 0.44609375 0.03984375 0.1609375
0 0.71640625 0.46640625 0.03984375 0.2
0 0.68203125 0.44765625 0.0375 0.18671875
0 0.64765625 0.42265625 0.03671875 0.14296875
0 0.61796875 0.4453125 0.040625 0.21796875
0 0.57890625 0.4390625 0.046875 0.2109375
0 0.5390625 0.42421875 0.0359375 0.20859375
0 0.49921875 0.41796875 0.05 0.2109375
0 0.46796875 0.40234375 0.03984375 0.1796875
0 0.434375 0.42734375 0.03984375 0.20234375
0 0.4015625 0.4375 0.04921875 0.23671875
0 0.371875 0.4375 0.040625 0.1953125
0 0.3390625 0.4234375 0.03046875 0.15859375
0 0.31171875 0.41875 0.0359375 0.1296875
0 0.28203125 0.459375 0.0390625 0.2109375
0 0.246875 0.4453125 0.04609375 0.18984375
0 0.18984375 0.4828125 0.0546875 0.2125
0 0.13984375 0.49140625 0.046875 0.18828125
0 0.18671875 0.3875 0.0734375 0.18125
0 0.23515625 0.3734375 0.06171875 0.17578125
0 0.290625 0.32109375 0.04296875 0.09296875
0 0.32421875 0.31796875 0.034375 0.08984375
0 0.3546875 0.35390625 0.04375 0.1796875
0 0.40390625 0.34296875 0.0484375 0.178125
0 0.4390625 0.33828125 0.053125 0.2140625
0 0.48203125 0.2734375 0.0296875 0.084375
0 0.5265625 0.31796875 0.040625 0.1796875
0 0.571875 0.32890625 0.05234375 0.1609375
0 0.60703125 0.34375 0.04375 0.1484375
0 0.65234375 0.3875 0.04609375 0.2265625
0 0.6921875 0.3625 0.04375 0.15546875
0 0.74296875 0.36875 0.040625 0.15703125
0 0.77890625 0.36875 0.0453125 0.14296875
0 0.81640625 0.39921875 0.046875 0.1796875
0 0.853125 0.3625 0.0484375 0.2109375
0 0.81328125 0.28125 0.04375 0.134375
0 0.7734375 0.28359375 0.046875 0.15546875
0 0.72109375 0.2796875 0.0484375 0.165625
0 0.6828125 0.2703125 0.0484375 0.15
0 0.6390625 0.28515625 0.0515625 0.18671875
0 0.59453125 0.24609375 0.0421875 0.14296875
0 0.55078125 0.3359375 0.03359375 0.2984375
0 0.50390625 0.2453125 0.03671875 0.1484375
0 0.465625 0.22265625 0.02734375 0.08984375
0 0.421875 0.2484375 0.03359375 0.1484375
0 0.38671875 0.26796875 0.03359375 0.15546875
0 0.34765625 0.25390625 0.0375 0.096875
0 0.31015625 0.24140625 0.04375 0.0828125
0 0.2703125 0.31875 0.0375 0.2328125
0 0.23671875 0.2875 0.0484375 0.17109375
0 0.19375 0.2984375 0.05 0.15234375