0 0.13203125 0.50859375 0.03125 0.10234375
0 0.225 0.51640625 0.015625 0.0609375
0 0.253125 0.51953125 0.0171875 0.05234375
0 0.275 0.5140625 0.0265625 0.08125
0 0.29140625 0.5140625 0.02265625 0.0859375
0 0.6859375 0.51953125 0.02890625 0.10234375
0 0.71171875 0.52265625 0.034375 0.0984375
0 0.74140625 0.52578125 0.02265625 0.0765625
0 0.78046875 0.53515625 0.01484375 0.0515625
0 0.9765625 0.53125 0.025 0.0765625
0 0.990625 0.53046875 0.0171875 0.078125
0 0.7 0.52890625 0.01640625 0.0625
0 0.6625 0.525 0.02109375 0.071875
0 0.6765625 0.5328125 0.0140625 0.05
0 0.3171875 0.521875 0.0140625 0.04296875
0 0.321875 0.52421875 0.00703125 0.03359375
0 0.3296875 0.525 0.00859375 0.03203125
0 0.33515625 0.52421875 0.00859375 0.03359375
0 0.39375 0.52421875 0.0109375 0.040625
0 0.4109375 0.52578125 0.01015625 0.03515625
0 0.41796875 0.52578125 0.01015625 0.03828125
0 0.43359375 0.52421875 0.01484375 0.04296875
0 0.4515625 0.528125 0.0109375 0.03203125
0 0.51953125 0.52578125 0.01171875 0.04296875
0 0.63828125 0.534375 0.00703125 0.03046875
0 0.0578125 0.52421875 0.115625 0.03671875
0 0.371875 0.53046875 0.0359375 0.02578125
0 0.40234375 0.53046875 0.0125 0.01953125
0 0.4671875 0.53125 0.1 0.028125
0 0.575 0.53203125 0.1046875 0.0421875
0 0.19921875 0.52734375 0.1 0.02734375