0 0.87109375 0.79453125 0.2234375 0.40546875
0 0.66484375 0.73671875 0.0796875 0.29375
0 0.63984375 0.68828125 0.0453125 0.215625
0 0.53359375 0.7421875 0.0671875 0.29609375
0 0.47109375 0.74765625 0.0765625 0.29375
0 0.41796875 0.7546875 0.0734375 0.29375
0 0.55390625 0.69921875 0.0421875 0.2109375
0 0.62578125 0.65703125 0.0328125 0.12109375
0 0.4203125 0.63125 0.05 0.0828125
0 0.58671875 0.64375 0.0171875 0.08046875
0 0.5984375 0.64765625 0.01875 0.0765625
0 0.5734375 0.63671875 0.015625 0.071875
0 0.565625 0.6203125 0.01875 0.03828125
0 0.44609375 0.63125 0.0203125 0.06953125
0 0.5 0.63203125 0.01875 0.071875
0 0.55703125 0.75859375 0.0453125 0.10078125
0 0.384375 0.86328125 0.159375 0.071875
0 0.6078125 0.85 0.121875 0.05859375
0 0.61171875 0.62890625 0.0140625 0.06953125
0 0.37109375 0.64140625 0.0453125 0.071875
0 0.5328125 0.60390625 0.015625 0.04296875
0 0.5953125 0.59609375 0.021875 0.01796875
0 0.46015625 0.61796875 0.0109375 0.046875
0 0.4296875 0.61015625 0.01875 0.03125
0 0.99140625 0.865625 0.0140625 0.18828125