0 0.0953125 0.80234375 0.184375 0.2390625
0 0.1484375 0.78671875 0.04296875 0.1609375
0 0.20390625 0.82890625 0.30546875 0.32421875
0 0.275 0.8203125 0.2296875 0.2734375
0 0.33125 0.79609375 0.07421875 0.1921875
0 0.3640625 0.790625 0.13125 0.1796875
0 0.5328125 0.8 0.09140625 0.21953125
0 0.540625 0.79375 0.1015625 0.18671875
0 0.72109375 0.81171875 0.10859375 0.2484375
0 0.8046875 0.83125 0.13828125 0.27421875
0 0.94609375 0.8109375 0.10546875 0.23046875
0 0.9921875 0.82421875 0.0125 0.21875
0 0.90703125 0.971875 0.1828125 0.0296875
0 0.91953125 0.94296875 0.15859375 0.02421875
0 0.4734375 0.971875 0.3015625 0.05390625
0 0.35546875 0.93046875 0.09453125 0.015625
0 0.415625 0.88828125 0.1484375 0.0265625
0 0.62109375 0.903125 0.1171875 0.028125
0 0.72890625 0.90546875 0.05546875 0.0234375
0 0.21640625 0.925 0.046875 0.01953125
0 0.32890625 0.91015625 0.05703125 0.01171875
0 0.21328125 0.90546875 0.0296875 0.0125
0 0.1484375 0.92421875 0.03984375 0.01640625
0 0.53515625 0.03984375 0.0296875 0.0359375