0 0.35546875 0.9734375 0.04296875 0.05234375
0 0.29296875 0.95859375 0.0578125 0.08125
0 0.35546875 0.9546875 0.03125 0.06796875
0 0.33203125 0.95859375 0.01484375 0.08203125
0 0.315625 0.9546875 0.0296875 0.08984375
0 0.25078125 0.95859375 0.02734375 0.08203125
0 0.23359375 0.9578125 0.021875 0.0828125
0 0.215625 0.96328125 0.03203125 0.071875
0 0.1859375 0.9625 0.03046875 0.0734375
0 0.20390625 0.95 0.0265625 0.09609375
0 0.2234375 0.92109375 0.0046875 0.01640625
0 0.18515625 0.96171875 0.03046875 0.075
0 0.16640625 0.95546875 0.0296875 0.0875
0 0.1828125 0.93125 0.01796875 0.02890625
0 0.14375 0.94921875 0.04453125 0.10078125
0 0.1296875 0.9546875 0.025 0.08984375
0 0.11015625 0.95234375 0.02265625 0.09453125
0 0.08828125 0.91640625 0.0125 0.01796875
0 0.040625 0.95234375 0.021875 0.08125
0 0.0171875 0.953125 0.03125 0.09296875
0 0.39140625 0.92578125 0.0046875 0.015625
0 0.38359375 0.92578125 0.00390625 0.01328125
0 0.3796875 0.92421875 0.00625 0.0125
0 0.3734375 0.93046875 0.00546875 0.02265625
0 0.40390625 0.9234375 0.00390625 0.01171875
0 0.40859375 0.921875 0.00390625 0.0078125
0 0.4265625 0.91875 0.00390625 0.01484375
0 0.4234375 0.9203125 0.00390625 0.0140625
0 0.4171875 0.92421875 0.0015625 0.0078125
0 0.41875 0.925 0.00390625 0.009375
0 0.421875 0.9265625 0.003125 0.00859375
0 0.43359375 0.93203125 0.0078125 0.02421875
0 0.43203125 0.925 0.00390625 0.0109375
0 0.42578125 0.93203125 0.00546875 0.01875
0 0.428125 0.934375 0.00625 0.0203125
0 0.4390625 0.9328125 0.00546875 0.02421875
0 0.4421875 0.9328125 0.00546875 0.0234375
0 0.44609375 0.92890625 0.00625 0.01640625
0 0.4484375 0.93203125 0.0046875 0.0234375
0 0.4546875 0.9328125 0.00546875 0.025
0 0.4578125 0.93203125 0.00390625 0.0234375
0 0.45703125 0.91875 0.0046875 0.01015625
0 0.56875 0.96640625 0.053125 0.065625
0 0.5109375 0.934375 0.00390625 0.0203125
0 0.50859375 0.9328125 0.00390625 0.02265625
0 0.5171875 0.93515625 0.00546875 0.028125
0 0.5203125 0.93515625 0.0078125 0.03125
0 0.52421875 0.9359375 0.00546875 0.02578125
0 0.53125 0.93671875 0.00546875 0.02734375
0 0.53046875 0.9359375 0.0046875 0.028125
0 0.534375 0.93828125 0.0046875 0.02578125
0 0.546875 0.92890625 0.00703125 0.0140625
0 0.540625 0.9609375 0.021875 0.07734375
0 0.58359375 0.9578125 0.03359375 0.08359375
0 0.60625 0.96171875 0.0265625 0.075
0 0.5953125 0.95703125 0.01640625 0.0828125
0 0.58984375 0.9296875 0.00546875 0.0171875
0 0.6078125 0.9296875 0.0046875 0.01328125
0 0.6171875 0.9328125 0.00546875 0.01875
0 0.621875 0.92890625 0.00546875 0.01640625
0 0.68984375 0.9640625 0.05859375 0.0703125
0 0.71484375 0.9578125 0.03671875 0.08359375
0 0.66171875 0.95546875 0.04140625 0.08828125
0 0.68828125 0.925 0.02265625 0.04140625
0 0.68125 0.92734375 0.01328125 0.03203125
0 0.646875 0.9578125 0.0265625 0.08359375
0 0.63671875 0.953125 0.01171875 0.065625
0 0.728125 0.9265625 0.00625 0.00859375
0 0.75 0.9515625 0.04453125 0.09609375
0 0.75703125 0.92265625 0.00546875 0.01171875
0 0.76015625 0.92265625 0.00390625 0.009375
0 0.77109375 0.95546875 0.0265625 0.0875
0 0.778125 0.9375 0.02109375 0.075
0 0.79296875 0.94609375 0.0125 0.06875
0 0.81171875 0.9515625 0.02734375 0.09609375
0 0.81015625 0.9453125 0.01875 0.0703125
0 0.84375 0.94453125 0.02109375 0.07265625
0 0.8265625 0.88046875 0.00546875 0.02265625
0 0.8203125 0.8796875 0.00859375 0.02578125
0 0.815625 0.88046875 0.0109375 0.0234375
0 0.85 0.871875 0.0140625 0.01875
0 0.85234375 0.86953125 0.0078125 0.01171875
0 0.93046875 0.875 0.00859375 0.0265625
0 0.88125 0.8796875 0.00859375 0.02109375
0 0.890625 0.87734375 0.00859375 0.02578125
0 0.9828125 0.871875 0.01484375 0.02890625
0 0.85078125 0.934375 0.009375 0.05546875
0 0.86171875 0.9328125 0.0109375 0.046875
0 0.86796875 0.93046875 0.0125 0.05
0 0.86484375 0.93046875 0.0171875 0.05234375
0 0.88125 0.95703125 0.06484375 0.08515625
0 0.90078125 0.940625 0.0203125 0.075
0 0.9328125 0.96171875 0.04609375 0.07578125
0 0.91484375 0.94609375 0.009375 0.04609375
0 0.91484375 0.92421875 0.0078125 0.01640625
0 0.9125 0.9171875 0.00625 0.01640625
0 0.9171875 0.9140625 0.0078125 0.01875
0 0.91875 0.92265625 0.0078125 0.015625
0 0.92421875 0.92109375 0.00859375 0.0125
0 0.934375 0.93515625 0.0109375 0.02734375
0 0.940625 0.934375 0.00625 0.03828125
0 0.97265625 0.94375 0.01875 0.05234375
0 0.96015625 0.94296875 0.009375 0.05078125
0 0.978125 0.91875 0.00703125 0.01484375
0 0.90703125 0.5359375 0.0359375 0.13515625
0 0.9515625 0.52421875 0.0375 0.15234375
0 0.57265625 0.68125 0.06171875 0.11015625
0 0.46484375 0.984375 0.028125 0.03046875
0 0.23984375 0.91328125 0.0125 0.00625
0 0.0734375 0.96015625 0.065625 0.078125
0 0.36875 0.92265625 0.0046875 0.0125
0 0.39921875 0.9171875 0.003125 0.0078125
0 0.4390625 0.91953125 0.009375 0.00625
0 0.45 0.9171875 0.00859375 0.00859375
0 0.47890625 0.91640625 0.01796875 0.00625
0 0.5046875 0.92578125 0.0015625 0.0046875
0 0.7515625 0.92421875 0.00390625 0.01015625
0 0.78359375 0.9609375 0.00703125 0.0234375
0 0.8 0.91640625 0.0078125 0.009375
0 0.82890625 0.9203125 0.01171875 0.01328125
0 0.91953125 0.8671875 0.0109375 0.00703125
0 0.9625 0.86171875 0.0234375 0.01484375
0 0.94375 0.940625 0.0046875 0.021875
0 0.9671875 0.91875 0.0109375 0.0125
0 0.95859375 0.915625 0.00390625 0.00625
0 0.96484375 0.94296875 0.00546875 0.0140625
0 0.9890625 0.94453125 0.02109375 0.11015625
0 0.5828125 0.93046875 0.0078125 0.021875
0 0.29765625 0.92109375 0.015625 0.01015625
0 0.228125 0.92578125 0.00390625 0.02109375