0 0.01953125 0.50703125 0.0390625 0.38515625
0 0.03828125 0.53671875 0.0734375 0.40234375
0 0.0875 0.49609375 0.06015625 0.34609375
0 0.12265625 0.52734375 0.07265625 0.43359375
0 0.1734375 0.509375 0.0734375 0.33984375
0 0.2109375 0.41796875 0.03515625 0.14375
0 0.1421875 0.61015625 0.13515625 0.61640625
0 0.25390625 0.40625 0.07265625 0.225
0 0.29609375 0.65078125 0.10234375 0.64375
0 0.34453125 0.4625 0.05625 0.24609375
0 0.3359375 0.37578125 0.03984375 0.09765625
0 0.36953125 0.43671875 0.0234375 0.08984375
0 0.34765625 0.36171875 0.02265625 0.06015625
0 0.3890625 0.40859375 0.02265625 0.1125
0 0.4015625 0.44453125 0.075 0.24765625
0 0.45859375 0.484375 0.07734375 0.34765625
0 0.4921875 0.34765625 0.01640625 0.05859375
0 0.509375 0.409375 0.03125 0.15625
0 0.5234375 0.35625 0.0140625 0.05390625
0 0.53984375 0.50234375 0.04765625 0.22109375
0 0.5359375 0.37734375 0.01484375 0.03359375
0 0.5546875 0.44140625 0.0375 0.22109375
0 0.540625 0.35625 0.03125 0.0625
0 0.5765625 0.41953125 0.03125 0.21875
0 0.5984375 0.43671875 0.04609375 0.24765625
0 0.6203125 0.41875 0.02109375 0.175
0 0.6296875 0.340625 0.02265625 0.06484375
0 0.7109375 0.36640625 0.03984375 0.08359375
0 0.765625 0.44453125 0.06875 0.31875
0 0.7921875 0.44453125 0.05234375 0.27265625
0 0.70546875 0.64375 0.18359375 0.70859375
0 0.18125 0.32890625 0.0171875 0.05859375
0 0.05625 0.31875 0.0546875 0.04140625
0 0.06171875 0.37890625 0.01640625 0.075
0 0.23359375 0.3875 0.0546875 0.1375
0 0.384375 0.94375 0.10625 0.10859375
0 0.36796875 0.35546875 0.02890625 0.07265625
0 0.390625 0.33828125 0.01875 0.02734375
0 0.42890625 0.36640625 0.02265625 0.0625
0 0.5640625 0.35703125 0.0140625 0.04375
0 0.64453125 0.378125 0.02109375 0.05625
0 0.71796875 0.34140625 0.01875 0.0375
0 0.86640625 0.29140625 0.0453125 0.10859375
0 0.16953125 0.31328125 0.00859375 0.02734375
0 0.46953125 0.346875 0.0109375 0.02734375
0 0.58984375 0.321875 0.01015625 0.02734375
0 0.92265625 0.3375 0.0421875 0.05859375
0 0.11328125 0.33125 0.0109375 0.03359375
0 0.13125 0.30546875 0.02265625 0.01484375
0 0.0171875 0.31484375 0.025 0.01640625
0 0.18515625 0.37265625 0.0203125 0.06640625
0 0.2 0.33984375 0.01015625 0.0125