0 0.0296875 0.96640625 0.034375 0.06328125
0 0.0484375 0.95546875 0.0171875 0.08515625
0 0.09296875 0.96796875 0.03046875 0.06015625
0 0.09140625 0.93359375 0.025 0.0890625
0 0.1296875 0.93515625 0.03828125 0.1265625
0 0.13984375 0.93203125 0.02109375 0.13203125
0 0.1421875 0.92578125 0.0171875 0.1453125
0 0.1609375 0.86484375 0.025 0.09609375
0 0.18828125 0.84765625 0.03203125 0.06484375
0 0.196875 0.846875 0.0203125 0.08125
0 0.1859375 0.92734375 0.04140625 0.134375
0 0.21484375 0.946875 0.04296875 0.103125
0 0.25078125 0.7921875 0.015625 0.04921875
0 0.265625 0.8015625 0.02421875 0.05234375
0 0.27890625 0.790625 0.015625 0.0453125
0 0.29453125 0.8171875 0.02109375 0.08671875
0 0.2671875 0.85390625 0.03046875 0.05625
0 0.2640625 0.8375 0.0265625 0.04140625
0 0.2875 0.82265625 0.028125 0.04375
0 0.309375 0.840625 0.02421875 0.06171875
0 0.32265625 0.83359375 0.0296875 0.08671875
0 0.34375 0.81875 0.0296875 0.07265625
0 0.35625 0.79375 0.01875 0.0328125
0 0.3484375 0.775 0.02265625 0.03984375
0 0.37734375 0.79375 0.01328125 0.02890625
0 0.3859375 0.803125 0.025 0.034375
0 0.3984375 0.796875 0.02109375 0.03984375
0 0.39765625 0.84609375 0.028125 0.06171875
0 0.36796875 0.84453125 0.034375 0.0546875
0 0.34765625 0.8828125 0.02109375 0.09609375
0 0.365625 0.87421875 0.034375 0.08125
0 0.3203125 0.8859375 0.034375 0.115625
0 0.28828125 0.90234375 0.04296875 0.1015625
0 0.265625 0.9484375 0.04296875 0.08515625
0 0.26171875 0.97578125 0.04375 0.0453125
0 0.3015625 0.953125 0.0453125 0.090625
0 0.325 0.97109375 0.053125 0.0546875
0 0.33359375 0.975 0.04765625 0.046875
0 0.3578125 0.9390625 0.04921875 0.11796875
0 0.39609375 0.965625 0.05078125 0.06484375
0 0.4203125 0.95625 0.04375 0.08359375
0 0.4515625 0.97109375 0.046875 0.0546875
0 0.425 0.90703125 0.0453125 0.1
0 0.4015625 0.9078125 0.03203125 0.1125
0 0.35859375 0.77265625 0.02109375 0.0453125
0 0.34296875 0.75625 0.0203125 0.034375
0 0.33359375 0.75703125 0.015625 0.0546875
0 0.3203125 0.7421875 0.0203125 0.03046875
0 0.31953125 0.7671875 0.0203125 0.05625
0 0.390625 0.76484375 0.01875 0.03984375
0 0.403125 0.771875 0.0203125 0.05078125
0 0.41640625 0.76015625 0.0171875 0.02734375
0 0.4203125 0.79765625 0.0296875 0.05625
0 0.4203125 0.81015625 0.015625 0.021875
0 0.434375 0.76484375 0.0203125 0.0359375
0 0.43515625 0.778125 0.0203125 0.02734375
0 0.45234375 0.77734375 0.02109375 0.0359375
0 0.45234375 0.80703125 0.02265625 0.034375
0 0.4484375 0.8234375 0.01484375 0.03828125
0 0.44375 0.840625 0.02421875 0.046875
0 0.45390625 0.8984375 0.03359375 0.1265625
0 0.4796875 0.77109375 0.015625 0.02734375
0 0.46640625 0.7890625 0.02421875 0.03046875
0 0.47734375 0.84296875 0.0296875 0.05625
0 0.48671875 0.890625 0.0375 0.1140625
0 0.48359375 0.9390625 0.046875 0.11796875
0 0.50625 0.8359375 0.03359375 0.0890625
0 0.525 0.9109375 0.034375 0.1453125
0 0.53515625 0.89296875 0.025 0.14140625
0 0.54296875 0.8625 0.02265625 0.08671875
0 0.54296875 0.96640625 0.0546875 0.06328125
0 0.5671875 0.93203125 0.03828125 0.13203125
0 0.5640625 0.8765625 0.03984375 0.0578125
0 0.57578125 0.85234375 0.02109375 0.04140625
0 0.6 0.89296875 0.03203125 0.1265625
0 0.62890625 0.87265625 0.0359375 0.1140625
0 0.57890625 0.83359375 0.0296875 0.090625
0 0.57890625 0.8296875 0.0296875 0.08671875
0 0.60078125 0.8125 0.025 0.06015625
0 0.625 0.79375 0.034375 0.07578125
0 0.6390625 0.79921875 0.0203125 0.07578125
0 0.59765625 0.7703125 0.02421875 0.046875
0 0.57421875 0.76796875 0.0203125 0.0578125
0 0.56171875 0.76015625 0.0203125 0.03046875
0 0.5546875 0.7953125 0.01875 0.08671875
0 0.5390625 0.8015625 0.03046875 0.04921875
0 0.54453125 0.77265625 0.0171875 0.034375
0 0.5390625 0.75703125 0.02265625 0.0328125
0 0.5234375 0.77421875 0.0203125 0.078125
0 0.50703125 0.771875 0.0265625 0.0546875
0 0.50078125 0.7875 0.009375 0.0125
0 0.51484375 0.8140625 0.02109375 0.0671875
0 0.6453125 0.74921875 0.02421875 0.05234375
0 0.6234375 0.73984375 0.0203125 0.02734375
0 0.6 0.73984375 0.02109375 0.02734375
0 0.659375 0.76328125 0.02265625 0.03046875
0 0.65703125 0.7859375 0.02109375 0.03984375
0 0.6578125 0.7828125 0.02265625 0.03984375
0 0.6765625 0.75390625 0.0171875 0.03984375
0 0.68984375 0.7421875 0.0171875 0.0203125
0 0.6890625 0.7859375 0.02421875 0.07578125
0 0.671875 0.80546875 0.02421875 0.06328125
0 0.65625 0.84765625 0.0296875 0.1234375
0 0.67109375 0.8390625 0.025 0.115625
0 0.68515625 0.8578125 0.0296875 0.04921875
0 0.69765625 0.834375 0.02421875 0.05625
0 0.709375 0.853125 0.03203125 0.1015625
0 0.72578125 0.85703125 0.02265625 0.09765625
0 0.7171875 0.81015625 0.02421875 0.06875
0 0.70703125 0.790625 0.0203125 0.034375
0 0.7140625 0.75390625 0.0203125 0.0328125
0 0.7234375 0.76484375 0.02265625 0.06171875
0 0.7125 0.93828125 0.0625 0.11953125
0 0.6375 0.9328125 0.0375 0.090625
0 0.65859375 0.94375 0.053125 0.08359375
0 0.67890625 0.94765625 0.0375 0.1015625
0 0.65078125 0.9625 0.04765625 0.0703125
0 0.74296875 0.95234375 0.053125 0.0921875
0 0.76328125 0.97578125 0.03828125 0.0453125
0 0.80390625 0.95625 0.053125 0.08359375
0 0.79609375 0.9171875 0.04765625 0.05625
0 0.80390625 0.91015625 0.0453125 0.0671875
0 0.746875 0.903125 0.03984375 0.0703125
0 0.7703125 0.8875 0.0359375 0.11953125
0 0.759375 0.828125 0.03046875 0.06171875
0 0.753125 0.80625 0.0265625 0.09765625
0 0.75625 0.75390625 0.01875 0.025
0 0.7859375 0.775 0.02265625 0.0578125
0 0.78515625 0.84609375 0.034375 0.11953125
0 0.80703125 0.8421875 0.03046875 0.115625
0 0.825 0.83671875 0.025 0.11953125
0 0.8484375 0.80859375 0.028125 0.05234375
0 0.84453125 0.840625 0.03046875 0.03984375
0 0.83828125 0.9015625 0.03203125 0.11796875
0 0.84375 0.9296875 0.04296875 0.1375
0 0.875 0.9734375 0.05859375 0.04921875
0 0.903125 0.8453125 0.03046875 0.08515625
0 0.928125 0.84140625 0.03203125 0.103125
0 0.89921875 0.9109375 0.03046875 0.09453125
0 0.9109375 0.92421875 0.03984375 0.1125
0 0.934375 0.9421875 0.06640625 0.1125
0 0.96328125 0.94375 0.04375 0.10859375
0 0.93125 0.7625 0.0203125 0.06875
0 0.0171875 0.853125 0.034375 0.28984375
0 0.0671875 0.83984375 0.04140625 0.2046875
0 0.1171875 0.83671875 0.05859375 0.10859375
0 0.1140625 0.77265625 0.0203125 0.0203125
0 0.19453125 0.79375 0.05859375 0.05078125
0 0.259375 0.7828125 0.009375 0.01796875
0 0.26796875 0.71796875 0.02421875 0.03046875
0 0.32578125 0.7140625 0.0734375 0.0546875
0 0.303125 0.75625 0.0203125 0.034375
0 0.35703125 0.74453125 0.01171875 0.0109375
0 0.434375 0.8171875 0.0203125 0.08671875
0 0.45234375 0.93515625 0.028125 0.05078125
0 0.465625 0.76640625 0.0109375 0.021875
0 0.47265625 0.796875 0.03046875 0.046875
0 0.49140625 0.828125 0.01171875 0.01484375
0 0.6296875 0.803125 0.03203125 0.06015625
0 0.79296875 0.88671875 0.009375 0.0203125
0 0.8296875 0.87109375 0.01484375 0.03984375
0 0.9 0.971875 0.0296875 0.05234375
0 0.92265625 0.73828125 0.0375 0.034375
0 0.96953125 0.7421875 0.05859375 0.1609375
0 0.89140625 0.70390625 0.1 0.03828125
0 0.36640625 0.64609375 0.05625 0.03046875
0 0.521875 0.703125 0.25234375 0.1453125
0 0.37890625 0.74921875 0.03203125 0.0671875
0 0.69921875 0.68671875 0.11875 0.10859375
0 0.79375 0.71015625 0.0734375 0.06171875
0 0.7796875 0.6453125 0.01171875 0.02890625
0 0.56484375 0.5 0.18515625 0.26484375
0 0.56328125 0.13125 0.09453125 0.2484375
0 0.4203125 0.0703125 0.0296875 0.025
0 0.35625 0.59453125 0.03203125 0.06875
0 0.74765625 0.5953125 0.04296875 0.0703125
0 0.81796875 0.6203125 0.06796875 0.11796875
0 0.92265625 0.60390625 0.06171875 0.11015625
0 0.684375 0.8390625 0.0296875 0.10859375
0 0.55078125 0.78046875 0.125 0.01484375
0 0.5578125 0.8140625 0.0171875 0.05234375
0 0.51953125 0.828125 0.02265625 0.10859375
0 0.58828125 0.81171875 0.015625 0.046875
0 0.61015625 0.8109375 0.00703125 0.0453125
0 0.4046875 0.8109375 0.0203125 0.07421875
0 0.3609375 0.83359375 0.065625 0.0359375
0 0.29453125 0.8046875 0.0296875 0.06171875
0 0.2578125 0.840625 0.01484375 0.04375
0 0.54296875 0.8984375 0.02421875 0.07265625
0 0.5328125 0.94765625 0.01484375 0.02890625