0 0.21171875 0.3828125 0.09765625 0.315625
0 0.34375 0.36953125 0.075 0.3046875
0 0.43203125 0.5421875 0.1296875 0.57265625
0 0.38984375 0.30234375 0.0515625 0.1828125
0 0.465625 0.28203125 0.03671875 0.15703125
0 0.553125 0.45078125 0.1703125 0.40078125
0 0.5390625 0.25703125 0.05703125 0.10546875
0 0.69921875 0.34609375 0.05234375 0.25
0 0.73984375 0.384375 0.07265625 0.296875
0 0.84921875 0.46875 0.121875 0.4
0 0.86328125 0.28046875 0.06953125 0.13984375
0 0.3578125 0.1671875 0.0296875 0.09375
0 0.33046875 0.165625 0.03125 0.1
0 0.30625 0.1765625 0.02578125 0.11640625
0 0.253125 0.16640625 0.04296875 0.1625
0 0.21640625 0.1703125 0.04453125 0.1359375
0 0.18125 0.15390625 0.02890625 0.0734375
0 0.15546875 0.1734375 0.0421875 0.11796875
0 0.125 0.16015625 0.03671875 0.08984375
0 0.096875 0.159375 0.040625 0.1
0 0.04921875 0.1 0.03515625 0.10625
0 0.0125 0.065625 0.025 0.07578125
0 0.02890625 0.06796875 0.02890625 0.12578125
0 0.06953125 0.06875 0.0265625 0.08125
0 0.0953125 0.07421875 0.028125 0.09765625
0 0.1234375 0.06875 0.03046875 0.09921875
0 0.15078125 0.07578125 0.02890625 0.09921875
0 0.1625 0.0265625 0.025 0.05078125
0 0.18984375 0.0734375 0.04140625 0.1015625
0 0.1953125 0.1 0.02890625 0.0625
0 0.20859375 0.08046875 0.02578125 0.0546875
0 0.23359375 0.06484375 0.0265625 0.0734375
0 0.225 0.1015625 0.028125 0.06328125
0 0.26484375 0.02890625 0.02578125 0.05546875
0 0.265625 0.0875 0.03515625 0.0609375
0 0.2875 0.08046875 0.02734375 0.1078125
0 0.490625 0.0609375 0.03203125 0.09609375
0 0.51796875 0.03984375 0.025 0.046875
0 0.51953125 0.10078125 0.03203125 0.0953125
0 0.54140625 0.04921875 0.025 0.046875
0 0.5609375 0.04765625 0.02265625 0.0546875
0 0.5796875 0.06640625 0.0203125 0.08515625
0 0.61953125 0.05 0.03203125 0.1
0 0.57109375 0.1046875 0.034375 0.103125
0 0.540625 0.0625 0.0203125 0.0140625
0 0.69375 0.06953125 0.02734375 0.08359375
0 0.66875 0.05 0.025 0.05234375
0 0.6484375 0.06328125 0.0265625 0.0609375
0 0.64296875 0.140625 0.03828125 0.0859375
0 0.665625 0.13828125 0.03125 0.09375
0 0.59140625 0.23203125 0.0375 0.065625
0 0.30859375 0.0515625 0.0625 0.103125
0 0.3265625 0.1234375 0.01796875 0.04296875