0 0.15234375 0.675 0.215625 0.64609375
0 0.25703125 0.7171875 0.21484375 0.56171875
0 0.465625 0.76015625 0.2546875 0.47578125
0 0.6625 0.71171875 0.29609375 0.571875
0 0.87734375 0.6609375 0.215625 0.67421875
0 0.7765625 0.684375 0.16640625 0.628125
0 0.66640625 0.49375 0.10390625 0.14375
0 0.6140625 0.4671875 0.05234375 0.07421875
0 0.57265625 0.69609375 0.209375 0.6
0 0.4671875 0.76796875 0.1796875 0.46015625
0 0.4625 0.48203125 0.04765625 0.1203125
0 0.37734375 0.5859375 0.11171875 0.18828125
0 0.35 0.53828125 0.06015625 0.13984375