0 0.971875 0.8828125 0.02578125 0.128125
0 0.95546875 0.878125 0.01796875 0.11328125
0 0.94296875 0.8828125 0.025 0.12265625
0 0.9171875 0.88671875 0.0203125 0.11171875
0 0.89921875 0.8859375 0.021875 0.11015625
0 0.88984375 0.8796875 0.015625 0.11328125
0 0.87890625 0.884375 0.02265625 0.11171875
0 0.85078125 0.88515625 0.02578125 0.12421875
0 0.8453125 0.85234375 0.01328125 0.06640625
0 0.83046875 0.8875 0.0265625 0.09921875
0 0.83046875 0.83671875 0.009375 0.01875
0 0.8234375 0.8421875 0.009375 0.0328125
0 0.809375 0.878125 0.02421875 0.1265625
0 0.79453125 0.87265625 0.021875 0.1078125
0 0.78359375 0.875 0.0125 0.0953125
0 0.7578125 0.88203125 0.02109375 0.10234375
0 0.73984375 0.86953125 0.01796875 0.09140625
0 0.73125 0.86640625 0.01875 0.0953125
0 0.70859375 0.86796875 0.01796875 0.0765625
0 0.69921875 0.86796875 0.015625 0.0765625
0 0.67421875 0.86796875 0.0140625 0.084375
0 0.6609375 0.86953125 0.01328125 0.0828125
0 0.62109375 0.85078125 0.009375 0.053125
0 0.61328125 0.8484375 0.0109375 0.0515625
0 0.61015625 0.85703125 0.01015625 0.03515625
0 0.60546875 0.85703125 0.0140625 0.03828125
0 0.59609375 0.86953125 0.0171875 0.0875
0 0.5796875 0.840625 0.0109375 0.0328125
0 0.56328125 0.875 0.01875 0.0984375
0 0.5390625 0.87734375 0.025 0.11171875
0 0.55078125 0.87890625 0.0265625 0.09296875
0 0.52578125 0.871875 0.02265625 0.06796875
0 0.4953125 0.87421875 0.01796875 0.0828125
0 0.4859375 0.865625 0.01875 0.08828125
0 0.471875 0.87421875 0.0140625 0.05859375
0 0.4296875 0.8625 0.0109375 0.07109375
0 0.428125 0.86875 0.01875 0.05078125
0 0.375 0.8578125 0.01328125 0.0640625
0 0.36484375 0.86328125 0.015625 0.0421875
0 0.3640625 0.85703125 0.00703125 0.021875
0 0.33515625 0.86171875 0.01328125 0.0421875
0 0.3140625 0.86953125 0.015625 0.07109375
0 0.30234375 0.8671875 0.0171875 0.08046875
0 0.28046875 0.86171875 0.0125 0.0640625
0 0.271875 0.86171875 0.01484375 0.06953125
0 0.25625 0.878125 0.0203125 0.09375
0 0.24140625 0.8609375 0.0109375 0.05703125
0 0.2375 0.86015625 0.0078125 0.0453125
0 0.22578125 0.87421875 0.01484375 0.0453125
0 0.215625 0.865625 0.01328125 0.0640625
0 0.20859375 0.8640625 0.0078125 0.0546875
0 0.203125 0.859375 0.0109375 0.04765625
0 0.19609375 0.86171875 0.01328125 0.05546875
0 0.1859375 0.86953125 0.0109375 0.04375
0 0.16953125 0.8640625 0.0109375 0.0546875
0 0.1640625 0.8640625 0.0109375 0.053125
0 0.15859375 0.8640625 0.00703125 0.0515625
0 0.15078125 0.865625 0.01484375 0.053125
0 0.1390625 0.86484375 0.01171875 0.05703125
0 0.12265625 0.86484375 0.01171875 0.06015625
0 0.1140625 0.86484375 0.0109375 0.06015625
0 0.0984375 0.86953125 0.01484375 0.0546875
0 0.075 0.86953125 0.01171875 0.0515625
0 0.06640625 0.86953125 0.0109375 0.0546875
0 0.0515625 0.86796875 0.0171875 0.06015625
0 0.03984375 0.8671875 0.01171875 0.0609375
0 0.028125 0.875 0.01796875 0.06640625
0 0.99296875 0.88515625 0.01328125 0.12421875
0 0.98125 0.875 0.009375 0.096875
0 0.94921875 0.834375 0.0078125 0.01796875
0 0.965625 0.83359375 0.00859375 0.01328125
0 0.92890625 0.84296875 0.02265625 0.03515625
0 0.90625 0.846875 0.0078125 0.03671875
0 0.91328125 0.83203125 0.00859375 0.00703125
0 0.88359375 0.83828125 0.00703125 0.01484375
0 0.86640625 0.846875 0.01171875 0.0453125
0 0.85625 0.82734375 0.00703125 0.01484375
0 0.81875 0.89765625 0.00625 0.0109375
0 0.76875 0.8484375 0.021875 0.0453125
0 0.803125 0.828125 0.01015625 0.01640625
0 0.7484375 0.8375 0.00625 0.01875
0 0.575 0.859375 0.0171875 0.06015625
0 0.55703125 0.86640625 0.0109375 0.06015625
0 0.55078125 0.9125 0.009375 0.02578125
0 0.53203125 0.8640625 0.0171875 0.07734375
0 0.440625 0.8375 0.01640625 0.01875
0 0.4015625 0.84140625 0.0078125 0.01796875
0 0.38828125 0.83984375 0.0109375 0.01796875
0 0.37109375 0.8296875 0.00546875 0.01328125
0 0.34921875 0.840625 0.0171875 0.01875
0 0.3234375 0.8421875 0.00625 0.0296875
0 0.33359375 0.8328125 0.0140625 0.01640625
0 0.33046875 0.85546875 0.0078125 0.0296875
0 0.31796875 0.85703125 0.0046875 0.04609375
0 0.28828125 0.8390625 0.0078125 0.0328125
0 0.2640625 0.8375 0.00859375 0.02578125
0 0.24765625 0.85546875 0.01015625 0.04375
0 0.15078125 0.8390625 0.0109375 0.01875
0 0.13125 0.8609375 0.01171875 0.06015625
0 0.11796875 0.859375 0.009375 0.0625
0 0.10390625 0.8609375 0.0125 0.065625
0 0.09375 0.8375 0.01015625 0.0125
0 0.084375 0.8640625 0.0109375 0.0625
0 0.07109375 0.8390625 0.015625 0.01875
0 0.0703125 0.88828125 0.00390625 0.01875
0 0.05625 0.86640625 0.009375 0.05703125
0 0.028125 0.84375 0.015625 0.0203125
0 0.071875 0.73359375 0.009375 0.034375
0 0.0921875 0.740625 0.0078125 0.034375
0 0.12578125 0.740625 0.0078125 0.03125
0 0.08203125 0.615625 0.03046875 0.03828125
0 0.12421875 0.6296875 0.00859375 0.021875
0 0.0046875 0.67421875 0.00546875 0.03828125
0 0.0484375 0.715625 0.00859375 0.0421875
0 0.15625 0.74140625 0.0078125 0.0296875
0 0.15625 0.63359375 0.01015625 0.0296875
0 0.18828125 0.640625 0.01015625 0.02578125
0 0.21875 0.64296875 0.01015625 0.02734375
0 0.2453125 0.640625 0.00703125 0.0296875
0 0.21796875 0.7421875 0.00703125 0.02734375
0 0.18984375 0.7421875 0.0109375 0.02734375
0 0.246875 0.74609375 0.00859375 0.03125
0 0.26640625 0.7453125 0.0109375 0.03515625
0 0.29296875 0.634375 0.00859375 0.03671875
0 0.3171875 0.63359375 0.0109375 0.040625
0 0.3390625 0.63046875 0.00859375 0.04375
0 0.36171875 0.63515625 0.00625 0.04375
0 0.32578125 0.58125 0.0390625 0.03125
0 0.3890625 0.746875 0.0140625 0.0296875
0 0.41640625 0.7515625 0.01015625 0.03125
0 0.43671875 0.75 0.009375 0.03125
0 0.45859375 0.7515625 0.01015625 0.03125
0 0.4796875 0.75234375 0.01015625 0.02734375
0 0.5375 0.6328125 0.01875 0.03984375
0 0.5078125 0.6625 0.01015625 0.0328125
0 0.8375 0.70234375 0.0109375 0.03984375
0 0.86640625 0.69921875 0.01171875 0.0453125
0 0.896875 0.69921875 0.0140625 0.04765625
0 0.9328125 0.6875 0.01640625 0.04765625
0 0.946875 0.48671875 0.01953125 0.0734375
0 0.98828125 0.48203125 0.01875 0.07890625
0 0.98984375 0.4015625 0.01796875 0.04921875
0 0.7546875 0.6046875 0.0109375 0.01875
0 0.77578125 0.59921875 0.01171875 0.02734375
0 0.8015625 0.5875 0.0109375 0.0296875
0 0.82734375 0.58125 0.01328125 0.02578125
0 0.853125 0.571875 0.0109375 0.02734375
0 0.88515625 0.5609375 0.01328125 0.0296875
0 0.91796875 0.5515625 0.0171875 0.02734375
0 0.99140625 0.86328125 0.0125 0.08046875