0 0.70625 0.33359375 0.10625 0.125
0 0.590625 0.27890625 0.128125 0.109375
0 0.4671875 0.28046875 0.121875 0.13203125
0 0.35859375 0.28828125 0.1328125 0.14765625
0 0.65546875 0.23359375 0.0953125 0.09140625
0 0.54921875 0.2125 0.0953125 0.10703125
0 0.5921875 0.19921875 0.05625 0.071875
0 0.4296875 0.18125 0.06875 0.08046875
0 0.3390625 0.21328125 0.103125 0.16328125
0 0.4921875 0.1390625 0.046875 0.0625
0 0.53125 0.11640625 0.05 0.0671875
0 0.5984375 0.15078125 0.103125 0.0828125
0 0.5 0.184375 0.096875 0.09609375