0 0.946875 0.7140625 0.0640625 0.246875
0 0.93359375 0.659375 0.0609375 0.21796875
0 0.83046875 0.6 0.01328125 0.071875
0 0.809375 0.5953125 0.01015625 0.059375
0 0.82265625 0.6015625 0.0125 0.06953125
0 0.76328125 0.59609375 0.0125 0.08046875
0 0.75625 0.60234375 0.02109375 0.0625
0 0.746875 0.6 0.01171875 0.071875
0 0.7171875 0.66328125 0.0609375 0.24609375
0 0.70234375 0.59140625 0.0171875 0.06640625
0 0.69453125 0.578125 0.015625 0.05703125
0 0.70859375 0.5921875 0.01171875 0.07109375
0 0.64765625 0.803125 0.10703125 0.39140625
0 0.6359375 0.634375 0.04140625 0.12890625
0 0.6125 0.63671875 0.03984375 0.1484375
0 0.54921875 0.80390625 0.146875 0.3890625
0 0.5234375 0.646875 0.0484375 0.2109375
0 0.4859375 0.6015625 0.02109375 0.08046875
0 0.4734375 0.58671875 0.01640625 0.059375
0 0.4203125 0.628125 0.03828125 0.15
0 0.4265625 0.565625 0.01484375 0.05703125
0 0.4578125 0.76328125 0.07421875 0.290625
0 0.47421875 0.7453125 0.04140625 0.26796875
0 0.44765625 0.63828125 0.0390625 0.1015625
0 0.36640625 0.5765625 0.034375 0.0859375
0 0.3265625 0.54921875 0.01171875 0.01796875
0 0.334375 0.553125 0.0078125 0.0109375
0 0.34375 0.58359375 0.0109375 0.06640625
0 0.3546875 0.571875 0.0125 0.0640625
0 0.31171875 0.5796875 0.01328125 0.07109375
0 0.30390625 0.575 0.0125 0.0640625
0 0.28984375 0.5953125 0.01640625 0.07109375
0 0.271875 0.56171875 0.01484375 0.02890625
0 0.225 0.571875 0.0203125 0.06796875
0 0.2140625 0.56640625 0.015625 0.06953125
0 0.3703125 0.70234375 0.05390625 0.22109375
0 0.3515625 0.8046875 0.12890625 0.3875
0 0.2453125 0.7484375 0.0828125 0.38046875
0 0.16484375 0.571875 0.01953125 0.0765625
0 0.153125 0.565625 0.015625 0.07109375
0 0.2 0.57734375 0.01484375 0.065625
0 0.1734375 0.778125 0.13203125 0.440625
0 0.1578125 0.63515625 0.028125 0.05390625
0 0.13671875 0.6609375 0.03984375 0.10859375
0 0.0734375 0.78359375 0.1359375 0.43046875
0 0.01796875 0.78515625 0.0359375 0.3890625
0 0.03671875 0.62421875 0.0484375 0.0984375
0 0.05703125 0.60078125 0.01640625 0.090625
0 0.06796875 0.578125 0.01953125 0.0484375
0 0.08203125 0.5625 0.015625 0.0390625
0 0.109375 0.61953125 0.028125 0.0890625
0 0.09453125 0.58046875 0.01484375 0.075
0 0.15078125 0.5390625 0.0125 0.05
0 0.15859375 0.53984375 0.01171875 0.04609375
0 0.71328125 0.5703125 0.00703125 0.015625
0 0.55390625 0.60546875 0.0140625 0.01640625
0 0.1828125 0.5484375 0.0203125 0.03359375
0 0.00703125 0.58671875 0.0140625 0.065625
0 0.07265625 0.528125 0.13984375 0.021875
0 0.1546875 0.52109375 0.0046875 0.0109375
0 0.6328125 0.1015625 0.09609375 0.203125
0 0.71875 0.8984375 0.0625 0.2