0 0.74296875 0.86875 0.06796875 0.25859375
0 0.7 0.80625 0.08515625 0.38359375
0 0.51640625 0.76171875 0.2546875 0.47265625
0 0.0578125 0.8765625 0.115625 0.24375
0 0.834375 0.63203125 0.02421875 0.08671875
0 0.784375 0.621875 0.015625 0.0703125
0 0.771875 0.6234375 0.02109375 0.06640625
0 0.75234375 0.6234375 0.015625 0.06640625
0 0.73828125 0.621875 0.01328125 0.0625
0 0.72734375 0.61640625 0.01484375 0.05546875
0 0.71875 0.6171875 0.01328125 0.05
0 0.7125 0.61171875 0.01171875 0.0421875
0 0.7734375 0.52734375 0.0078125 0.021875
0 0.74921875 0.58203125 0.00546875 0.01640625
0 0.740625 0.5859375 0.00703125 0.0203125
0 0.7328125 0.5828125 0.00703125 0.01875
0 0.72734375 0.5828125 0.00703125 0.01875
0 0.71328125 0.5828125 0.0078125 0.01875
0 0.67265625 0.58046875 0.00703125 0.01640625
0 0.04609375 0.6234375 0.0171875 0.0703125
0 0.06171875 0.6234375 0.015625 0.07734375
0 0.07890625 0.6265625 0.0265625 0.090625
0 0.10234375 0.6265625 0.0171875 0.08671875
0 0.20703125 0.6171875 0.01484375 0.0609375
0 0.1890625 0.61796875 0.015625 0.0625
0 0.17734375 0.61640625 0.01875 0.06640625
0 0.15703125 0.62109375 0.0171875 0.05703125
0 0.14765625 0.61640625 0.01328125 0.059375
0 0.7203125 0.6171875 0.0078125 0.05
0 0.96171875 0.7875 0.075 0.4203125
0 0.00859375 0.6953125 0.0171875 0.26171875
0 0.85703125 0.63359375 0.04296875 0.090625
0 0.815625 0.61875 0.01171875 0.05703125
0 0.759375 0.62109375 0.01484375 0.05703125
0 0.84453125 0.58125 0.065625 0.01875
0 0.69453125 0.58125 0.0265625 0.01875
0 0.65078125 0.6015625 0.11484375 0.0515625
0 0.77734375 0.621875 0.0078125 0.0625
0 0.55703125 0.603125 0.01484375 0.05546875
0 0.37734375 0.51640625 0.50703125 0.02578125
0 0.45703125 0.5953125 0.12265625 0.04609375
0 0.08125 0.65 0.02109375 0.02734375
0 0.1625 0.615625 0.02109375 0.0609375
0 0.24296875 0.61171875 0.015625 0.053125
0 0.353125 0.5984375 0.02109375 0.03125
0 0.32578125 0.603125 0.0171875 0.03671875
0 0.30625 0.60390625 0.01171875 0.0421875
0 0.1484375 0.57578125 0.21171875 0.01875
0 0.07265625 0.59609375 0.01171875 0.021875
0 0.0859375 0.6015625 0.01171875 0.0296875