0 0.75 0.5921875 0.18515625 0.81328125
0 0.58203125 0.70703125 0.15078125 0.58203125
0 0.16171875 0.55703125 0.209375 0.88203125
0 0.2 0.60859375 0.12578125 0.7796875
0 0.34296875 0.54296875 0.2671875 0.91171875
0 0.3734375 0.41484375 0.16015625 0.8296875
0 0.49453125 0.73125 0.05390625 0.1234375
0 0.453125 0.6671875 0.0640625 0.11328125
0 0.44375 0.7203125 0.0609375 0.1296875
0 0.64765625 0.7109375 0.05703125 0.18671875
0 0.9390625 0.92578125 0.078125 0.1453125
0 0.959375 0.9125 0.078125 0.171875
0 0.0734375 0.9046875 0.146875 0.1734375
0 0.98984375 0.93515625 0.0171875 0.1234375
0 0.2328125 0.69453125 0.0359375 0.225