0 0.05546875 0.4921875 0.02421875 0.12421875
0 0.07734375 0.5 0.053125 0.14375
0 0.15 0.47578125 0.0375 0.09453125
0 0.171875 0.503125 0.03359375 0.14296875
0 0.178125 0.49765625 0.03046875 0.13671875
0 0.21640625 0.46640625 0.0328125 0.07890625
0 0.2859375 0.47109375 0.03984375 0.0890625
0 0.040625 0.59609375 0.08046875 0.196875
0 0.0453125 0.57734375 0.08828125 0.17578125
0 0.06328125 0.58828125 0.05703125 0.096875
0 0.1171875 0.609375 0.0671875 0.28359375
0 0.146875 0.6546875 0.10078125 0.32578125
0 0.2421875 0.67265625 0.0796875 0.3578125
0 0.31640625 0.70859375 0.11640625 0.415625
0 0.271875 0.52734375 0.03984375 0.11171875
0 0.2609375 0.48203125 0.03125 0.05234375
0 0.2234375 0.52734375 0.05859375 0.12109375
0 0.34140625 0.4921875 0.02734375 0.075
0 0.359375 0.540625 0.0546875 0.184375
0 0.3890625 0.55234375 0.08046875 0.19453125
0 0.37890625 0.515625 0.03046875 0.1296875
0 0.4046875 0.4578125 0.03671875 0.04375
0 0.4375 0.6015625 0.08828125 0.26171875
0 0.44375 0.48671875 0.05 0.08671875
0 0.48203125 0.51875 0.03984375 0.1625
0 0.5484375 0.56640625 0.028125 0.06171875
0 0.58828125 0.61953125 0.05078125 0.103125
0 0.58046875 0.4921875 0.0609375 0.134375
0 0.65390625 0.521875 0.021875 0.13125
0 0.6375 0.521875 0.03671875 0.14140625
0 0.609375 0.52734375 0.02734375 0.13046875
0 0.6765625 0.45703125 0.01640625 0.05390625
0 0.6921875 0.4609375 0.025 0.06640625
0 0.71875 0.4671875 0.03203125 0.0609375
0 0.765625 0.44453125 0.01640625 0.03828125
0 0.77109375 0.4921875 0.046875 0.0875
0 0.74375 0.5015625 0.0609375 0.12421875
0 0.3703125 0.453125 0.02265625 0.0515625
0 0.38828125 0.4515625 0.02421875 0.0390625
0 0.41875 0.4546875 0.02578125 0.059375
0 0.45625 0.4578125 0.015625 0.03828125
0 0.50234375 0.48046875 0.0203125 0.09140625
0 0.51171875 0.47734375 0.01796875 0.08671875
0 0.52109375 0.465625 0.0109375 0.0640625
0 0.5328125 0.4734375 0.02265625 0.09296875
0 0.7984375 0.5796875 0.04375 0.2234375
0 0.84375 0.615625 0.0859375 0.31328125
0 0.91640625 0.5921875 0.08515625 0.27734375
0 0.8453125 0.6796875 0.0359375 0.06328125
0 0.89375 0.52421875 0.03984375 0.06328125
0 0.88984375 0.4984375 0.06640625 0.08046875
0 0.95078125 0.6171875 0.09609375 0.29296875
0 0.253125 0.45703125 0.015625 0.0234375
0 0.53984375 0.48515625 0.02890625 0.07265625
0 0.63125 0.525 0.0296875 0.1171875
0 0.73125 0.4625 0.02421875 0.0515625
0 0.40546875 0.434375 0.1828125 0.0421875
0 0.5453125 0.43515625 0.05234375 0.02890625
0 0.6234375 0.44609375 0.06953125 0.05078125
0 0.965625 0.45859375 0.0671875 0.04140625
0 0.975 0.59921875 0.04921875 0.2453125
0 0.03046875 0.4703125 0.046875 0.08984375
0 0.06015625 0.44375 0.01328125 0.03671875
0 0.09296875 0.4609375 0.03359375 0.06875
0 0.16484375 0.4296875 0.015625 0.0140625
0 0.21015625 0.4359375 0.021875 0.02421875
0 0.2546875 0.43828125 0.0234375 0.03125
0 0.32578125 0.46875 0.02109375 0.02890625
0 0.346875 0.4640625 0.0046875 0.01875
0 0.559375 0.4609375 0.025 0.02421875
0 0.90234375 0.47109375 0.03046875 0.05078125
0 0.86328125 0.4640625 0.028125 0.04609375