0 0.96015625 0.8921875 0.0640625 0.2109375
0 0.97890625 0.89140625 0.0359375 0.21328125
0 0.9625 0.78515625 0.0578125 0.15078125
0 0.896875 0.86015625 0.0578125 0.275
0 0.93515625 0.83046875 0.12734375 0.33515625
0 0.81171875 0.9546875 0.07109375 0.0875
0 0.78046875 0.890625 0.0578125 0.21484375
0 0.8296875 0.84375 0.0625 0.265625
0 0.821875 0.7015625 0.06875 0.11640625
0 0.72734375 0.8640625 0.0765625 0.2671875
0 0.765625 0.74609375 0.06015625 0.16640625
0 0.7578125 0.653125 0.06328125 0.10078125
0 0.69609375 0.77890625 0.05234375 0.29453125
0 0.6484375 0.84609375 0.065625 0.30390625
0 0.5953125 0.82109375 0.06796875 0.296875
0 0.53984375 0.78671875 0.04765625 0.27890625
0 0.4984375 0.75 0.0609375 0.2828125
0 0.453125 0.83515625 0.07265625 0.32578125
0 0.72265625 0.6453125 0.0375 0.1125
0 0.66328125 0.6578125 0.040625 0.1921875
0 0.6046875 0.596875 0.0359375 0.21328125
0 0.57109375 0.6859375 0.0328125 0.225
0 0.196875 0.95234375 0.06796875 0.09140625
0 0.14296875 0.93046875 0.0640625 0.1359375
0 0.11796875 0.9125 0.053125 0.14765625
0 0.0265625 0.89921875 0.053125 0.19765625
0 0.38984375 0.72890625 0.0453125 0.2484375
0 0.3421875 0.6890625 0.05 0.2421875
0 0.309375 0.64375 0.03515625 0.23671875
0 0.2734375 0.6 0.0453125 0.23828125
0 0.240625 0.571875 0.04296875 0.22890625
0 0.0265625 0.6140625 0.053125 0.259375
0 0.0625 0.50546875 0.04296875 0.21328125
0 0.14375 0.5078125 0.04609375 0.209375
0 0.40625 0.4625 0.04609375 0.1140625
0 0.7578125 0.45 0.04609375 0.128125
0 0.72578125 0.4421875 0.02734375 0.14765625
0 0.70078125 0.4328125 0.03828125 0.16875
0 0.6578125 0.39921875 0.0296875 0.06953125
0 0.959375 0.43828125 0.03359375 0.18203125
0 0.984375 0.41953125 0.028125 0.184375
0 0.9328125 0.3828125 0.03046875 0.19609375
0 0.903125 0.39453125 0.0328125 0.18828125
0 0.87421875 0.3625 0.0375 0.178125
0 0.84375 0.36640625 0.0296875 0.1703125
0 0.80390625 0.334375 0.03046875 0.17265625
0 0.82265625 0.33125 0.02734375 0.16640625
0 0.98046875 0.40625 0.02578125 0.184375
0 0.84140625 0.30234375 0.028125 0.07734375
0 0.76796875 0.3296875 0.0421875 0.17421875
0 0.74296875 0.30234375 0.02578125 0.1546875
0 0.7234375 0.27109375 0.02109375 0.14765625
0 0.6953125 0.25546875 0.028125 0.14765625
0 0.63984375 0.2203125 0.03984375 0.1453125
0 0.6203125 0.20625 0.03359375 0.14140625
0 0.6078125 0.19375 0.02265625 0.13203125
0 0.66640625 0.2328125 0.0296875 0.13984375
0 0.575 0.203125 0.02734375 0.13203125
0 0.55703125 0.19765625 0.02265625 0.1203125
0 0.49453125 0.15 0.02109375 0.12578125
0 0.43828125 0.128125 0.0203125 0.1125
0 0.37109375 0.075 0.02109375 0.0953125
0 0.34765625 0.0640625 0.01796875 0.0890625
0 0.4875 0.61796875 0.14140625 0.14375
0 0.2203125 0.33828125 0.440625 0.4203125
0 0.4625 0.35859375 0.0453125 0.38359375
0 0.5203125 0.3859375 0.07578125 0.32578125
0 0.61953125 0.428125 0.1234375 0.3296875
0 0.73125 0.29375 0.0171875 0.121875
0 0.275 0.04296875 0.12734375 0.08515625
0 0.36015625 0.03671875 0.04296875 0.0734375
0 0.40546875 0.06484375 0.0484375 0.1296875
0 0.4375 0.0359375 0.02109375 0.071875
0 0.46640625 0.084375 0.0375 0.16875
0 0.49453125 0.04609375 0.0234375 0.0921875
0 0.928125 0.209375 0.14140625 0.26328125
0 0.80234375 0.13671875 0.11328125 0.2734375
0 0.70703125 0.10078125 0.08046875 0.2015625
0 0.60703125 0.08125 0.121875 0.1625
0 0.5265625 0.1125 0.04296875 0.225
0 0.74296875 0.22578125 0.0078125 0.0484375
0 0.81015625 0.33984375 0.0109375 0.1375
0 0.66953125 0.23359375 0.0234375 0.0640625
0 0.3109375 0.9640625 0.04609375 0.06796875
0 0.09296875 0.98671875 0.03125 0.0234375