0 0.3421875 0.5828125 0.03828125 0.11484375
0 0.3421875 0.6765625 0.021875 0.0640625
0 0.340625 0.6453125 0.02265625 0.06484375
0 0.37578125 0.64296875 0.03828125 0.08359375
0 0.37109375 0.67109375 0.0453125 0.0671875
0 0.40546875 0.6765625 0.046875 0.075
0 0.359375 0.6015625 0.02734375 0.1265625
0 0.37421875 0.5734375 0.02578125 0.0921875
0 0.39296875 0.60859375 0.03046875 0.12265625
0 0.39609375 0.5515625 0.0296875 0.0515625
0 0.4203125 0.60234375 0.03046875 0.1203125
0 0.425 0.58046875 0.03359375 0.12109375
0 0.434375 0.66875 0.02890625 0.0671875
0 0.459375 0.6203125 0.02890625 0.1328125
0 0.4703125 0.57265625 0.03046875 0.08515625
0 0.47421875 0.5578125 0.02109375 0.0546875
0 0.49375 0.565625 0.02421875 0.0859375
0 0.66640625 0.56328125 0.02421875 0.05625
0 0.66953125 0.5234375 0.028125 0.04140625
0 0.68828125 0.56640625 0.03203125 0.08984375
0 0.7125 0.52734375 0.03359375 0.0671875
0 0.71015625 0.6140625 0.05390625 0.1703125
0 0.74921875 0.6171875 0.040625 0.19609375
0 0.6828125 0.67734375 0.05078125 0.1046875
0 0.6953125 0.6953125 0.040625 0.08359375
0 0.71640625 0.7015625 0.0421875 0.08984375
0 0.75703125 0.703125 0.0640625 0.10625
0 0.7703125 0.6796875 0.03046875 0.0640625
0 0.78984375 0.66953125 0.034375 0.0734375
0 0.80390625 0.6390625 0.04609375 0.0734375
0 0.82890625 0.66875 0.05546875 0.09765625
0 0.82578125 0.7265625 0.06640625 0.1109375
0 0.846875 0.7109375 0.08515625 0.14140625
0 0.89765625 0.73359375 0.1015625 0.16015625
0 0.9484375 0.74296875 0.05546875 0.1140625
0 0.9546875 0.78515625 0.07265625 0.1625
0 0.9640625 0.8203125 0.0703125 0.1578125
0 0.76796875 0.5203125 0.02734375 0.0515625
0 0.77734375 0.5984375 0.025 0.13984375
0 0.7921875 0.54140625 0.0171875 0.0296875
0 0.7875 0.590625 0.028125 0.12890625
0 0.825 0.56640625 0.028125 0.0921875
0 0.83359375 0.575 0.03359375 0.10234375
0 0.84375 0.5953125 0.0375 0.1421875
0 0.86796875 0.58828125 0.0484375 0.17109375
0 0.89921875 0.60546875 0.06015625 0.19140625
0 0.93203125 0.5421875 0.0328125 0.1078125
0 0.946875 0.60234375 0.04921875 0.22265625
0 0.971875 0.6109375 0.0546875 0.1984375
0 0.9828125 0.49296875 0.03359375 0.05390625
0 0.40703125 0.5671875 0.0078125 0.0296875
0 0.40546875 0.5421875 0.00546875 0.02109375
0 0.69765625 0.5265625 0.009375 0.01484375
0 0.7046875 0.5140625 0.00546875 0.01484375
0 0.7328125 0.5296875 0.01171875 0.05
0 0.7421875 0.515625 0.009375 0.0140625
0 0.99140625 0.7140625 0.015625 0.075
0 0.765625 0.53359375 0.01328125 0.03515625
0 0.7859375 0.51875 0.015625 0.02734375
0 0.81171875 0.53671875 0.0296875 0.0484375
0 0.88671875 0.5234375 0.01328125 0.0484375
0 0.921875 0.52578125 0.0203125 0.04375
0 0.96015625 0.48671875 0.0109375 0.02109375
0 0.98359375 0.503125 0.021875 0.0234375
0 0.99140625 0.5296875 0.009375 0.03125
0 0.8953125 0.55390625 0.00859375 0.01484375
0 0.8453125 0.51484375 0.0390625 0.025
0 0.2078125 0.6984375 0.26796875 0.43125
0 0.56171875 0.72265625 0.25 0.4421875