0 0.38203125 0.55234375 0.3859375 0.89140625
0 0.6859375 0.53203125 0.28359375 0.9328125
0 0.9390625 0.63984375 0.11875 0.4765625
0 0.9703125 0.59921875 0.0578125 0.15234375
0 0.21953125 0.21328125 0.04375 0.19296875
0 0.1890625 0.68046875 0.03984375 0.1296875
0 0.4328125 0.09375 0.2078125 0.1875
0 0.49296875 0.30234375 0.07109375 0.1578125
0 0.5890625 0.22421875 0.1078125 0.121875
0 0.55625 0.32890625 0.05234375 0.06953125
0 0.5546875 0.47109375 0.1234375 0.1234375
0 0.47109375 0.8703125 0.3625 0.25546875
0 0.825 0.4734375 0.16015625 0.50078125