0 0.27578125 0.825 0.0796875 0.14609375
0 0.32890625 0.8203125 0.0890625 0.1609375
0 0.34921875 0.7625 0.01484375 0.01015625
0 0.38046875 0.7765625 0.0546875 0.0890625
0 0.2875 0.75078125 0.0453125 0.0546875
0 0.44375 0.81796875 0.096875 0.15234375
0 0.42890625 0.74296875 0.03203125 0.03359375
0 0.465625 0.73984375 0.03125 0.0328125
0 0.48515625 0.784375 0.04296875 0.0984375
0 0.525 0.78125 0.0421875 0.09921875
0 0.56015625 0.76171875 0.0109375 0.00859375
0 0.571875 0.7703125 0.0140625 0.021875
0 0.57734375 0.7734375 0.01640625 0.0296875
0 0.58359375 0.77265625 0.01640625 0.03203125
0 0.5953125 0.7734375 0.01484375 0.0296875
0 0.6359375 0.775 0.0140625 0.028125
0 0.71875 0.7984375 0.07578125 0.1265625
0 0.78984375 0.77890625 0.0140625 0.0578125
0 0.78984375 0.765625 0.02421875 0.040625
0 0.32578125 0.74375 0.0703125 0.0140625