0 0.9328125 0.53203125 0.13203125 0.68828125
0 0.89921875 0.55625 0.165625 0.78359375
0 0.82578125 0.5171875 0.1109375 0.74296875
0 0.76875 0.53125 0.15859375 0.64921875
0 0.70859375 0.2875 0.09140625 0.26796875
0 0.5890625 0.29453125 0.07421875 0.30703125
0 0.68671875 0.6703125 0.2625 0.48125
0 0.71171875 0.753125 0.23984375 0.4375
0 0.5390625 0.5171875 0.153125 0.69296875
0 0.45546875 0.66796875 0.21875 0.5234375
0 0.44609375 0.3171875 0.1203125 0.32421875
0 0.3703125 0.51875 0.13046875 0.27265625
0 0.296875 0.665625 0.2296875 0.4875
0 0.33984375 0.3109375 0.1390625 0.35546875
0 0.17265625 0.4828125 0.13515625 0.73671875
0 0.1 0.521875 0.18359375 0.74921875
0 0.99140625 0.3109375 0.015625 0.0328125