0 0.2671875 0.59921875 0.31171875 0.79765625
0 0.5046875 0.5765625 0.4125 0.84296875
0 0.6078125 0.56171875 0.446875 0.87421875
0 0.07890625 0.56484375 0.04609375 0.17890625
0 0.978125 0.5984375 0.040625 0.2328125
0 0.93125 0.596875 0.075 0.22109375
0 0.88515625 0.61015625 0.090625 0.23828125
0 0.8578125 0.5890625 0.0625 0.21796875
0 0.821875 0.615625 0.0890625 0.1890625
0 0.7578125 0.55234375 0.05859375 0.121875
0 0.09765625 0.56015625 0.040625 0.21484375
0 0.14921875 0.18359375 0.2984375 0.17734375
0 0.42265625 0.10546875 0.2328125 0.17265625
0 0.57734375 0.11875 0.07734375 0.05234375
0 0.80546875 0.253125 0.3859375 0.50625