0 0.5109375 0.48046875 0.0234375 0.07578125
0 0.49375 0.4859375 0.01796875 0.03984375
0 0.4703125 0.5 0.0234375 0.053125
0 0.43671875 0.49140625 0.02421875 0.065625
0 0.4359375 0.5046875 0.02734375 0.08828125
0 0.4171875 0.49453125 0.02421875 0.0359375
0 0.4140625 0.4953125 0.040625 0.0609375
0 0.42734375 0.55625 0.05390625 0.12109375
0 0.375 0.59140625 0.03515625 0.14140625
0 0.35234375 0.61875 0.07109375 0.16953125
0 0.3171875 0.67734375 0.05703125 0.20234375
0 0.25546875 0.7390625 0.12109375 0.25234375
0 0.575 0.48515625 0.034375 0.03125
0 0.54296875 0.49140625 0.03671875 0.0421875
0 0.57578125 0.49921875 0.028125 0.04375
0 0.54453125 0.53515625 0.04296875 0.0859375
0 0.58515625 0.5234375 0.04140625 0.0484375
0 0.590625 0.5484375 0.04921875 0.0796875
0 0.55078125 0.665625 0.075 0.19140625
0 0.6109375 0.60625 0.0796875 0.14453125
0 0.640625 0.73125 0.09296875 0.22421875
0 0.50390625 0.50234375 0.0171875 0.046875