0 0.76171875 0.71171875 0.153125 0.4015625
0 0.6578125 0.7109375 0.14296875 0.4234375
0 0.57421875 0.740625 0.15625 0.43125
0 0.4421875 0.753125 0.18671875 0.43125
0 0.3234375 0.74609375 0.196875 0.5046875
0 0.15234375 0.74375 0.19921875 0.5109375
0 0.38984375 0.228125 0.240625 0.428125
0 0.9296875 0.49765625 0.05859375 0.259375
0 0.9171875 0.38984375 0.05546875 0.11640625
0 0.90390625 0.3578125 0.02421875 0.05546875
0 0.87265625 0.509375 0.0859375 0.3390625
0 0.8796875 0.34375 0.04296875 0.0546875
0 0.7875 0.49375 0.06171875 0.1109375
0 0.8234375 0.48828125 0.0671875 0.321875
0 0.7234375 0.45546875 0.0625 0.1265625
0 0.67109375 0.478125 0.065625 0.09296875
0 0.59609375 0.4765625 0.07421875 0.12265625
0 0.7890625 0.37890625 0.0328125 0.05703125
0 0.78125 0.35390625 0.028125 0.04375
0 0.7546875 0.40546875 0.078125 0.165625
0 0.7125 0.3953125 0.06171875 0.09609375
0 0.64609375 0.428125 0.07578125 0.1203125
0 0.66875 0.35625 0.0484375 0.0796875
0 0.6796875 0.3578125 0.025 0.0375
0 0.59609375 0.41953125 0.04375 0.1
0 0.58203125 0.40859375 0.0328125 0.08671875
0 0.6375 0.38203125 0.04296875 0.05
0 0.6359375 0.34296875 0.02421875 0.0375
0 0.61015625 0.36953125 0.03515625 0.06328125
0 0.54375 0.4515625 0.06953125 0.15546875
0 0.553125 0.39609375 0.03125 0.05703125
0 0.49765625 0.48203125 0.06640625 0.11796875
0 0.4390625 0.48828125 0.05859375 0.11015625
0 0.46953125 0.4421875 0.040625 0.0609375
0 0.50078125 0.40390625 0.04140625 0.059375
0 0.3953125 0.48671875 0.06640625 0.13671875
0 0.34609375 0.4859375 0.03671875 0.06328125
0 0.31640625 0.46796875 0.05078125 0.07421875
0 0.2671875 0.48125 0.0640625 0.16171875
0 0.3234375 0.43671875 0.0328125 0.0671875
0 0.34609375 0.4296875 0.02578125 0.05546875
0 0.26015625 0.40078125 0.0484375 0.08046875
0 0.21640625 0.44921875 0.03984375 0.0859375
0 0.165625 0.4296875 0.10703125 0.1359375
0 0.21796875 0.4109375 0.065625 0.09140625
0 0.1765625 0.43359375 0.0625 0.1421875
0 0.08828125 0.45 0.078125 0.17734375
0 0.034375 0.57109375 0.06796875 0.2265625
0 0.1125 0.3921875 0.04140625 0.06171875
0 0.121875 0.39453125 0.028125 0.05859375
0 0.0484375 0.496875 0.0515625 0.22578125
0 0.0234375 0.415625 0.0296875 0.07890625
0 0.015625 0.46015625 0.0296875 0.09296875
0 0.85546875 0.35703125 0.015625 0.0265625
0 0.5640625 0.39453125 0.01171875 0.01953125
0 0.29140625 0.38828125 0.0234375 0.0171875
0 0.13984375 0.4078125 0.01875 0.025
0 0.003125 0.4046875 0.00625 0.021875
0 0.321875 0.40234375 0.01875 0.0203125