0 0.140625 0.61953125 0.071875 0.34296875
0 0.5203125 0.61015625 0.07421875 0.31328125
0 0.95625 0.59453125 0.08515625 0.6703125
0 0.76875 0.63828125 0.06796875 0.42265625
0 0.75859375 0.6234375 0.06484375 0.34453125
0 0.72578125 0.6109375 0.040625 0.31171875
0 0.7140625 0.60390625 0.03984375 0.27578125
0 0.69765625 0.59609375 0.04375 0.24921875
0 0.68671875 0.590625 0.04609375 0.225
0 0.56640625 0.578125 0.04921875 0.1921875
0 0.590625 0.578125 0.03203125 0.14453125
0 0.596875 0.54921875 0.02109375 0.071875
0 0.4765625 0.578125 0.03515625 0.165625
0 0.484375 0.57421875 0.015625 0.15390625
0 0.41796875 0.5703125 0.028125 0.11328125
0 0.4546875 0.5671875 0.028125 0.11015625
0 0.93984375 0.62734375 0.06875 0.425
0 0.88828125 0.61171875 0.0640625 0.3671875
0 0.84140625 0.59765625 0.05703125 0.32421875
0 0.803125 0.57578125 0.0453125 0.28046875
0 0.0140625 0.57890625 0.028125 0.0953125
0 0.009375 0.4171875 0.01875 0.096875
0 0.028125 0.425 0.0203125 0.0953125
0 0.04140625 0.43046875 0.01484375 0.08515625
0 0.10078125 0.4203125 0.021875 0.07890625
0 0.11640625 0.428125 0.02265625 0.1046875
0 0.1515625 0.4296875 0.0171875 0.05390625
0 0.16171875 0.42265625 0.01796875 0.059375
0 0.17734375 0.4125 0.01875 0.025
0 0.19765625 0.42890625 0.01796875 0.0609375
0 0.215625 0.4390625 0.02109375 0.0625
0 0.2390625 0.45078125 0.01796875 0.06875
0 0.2875 0.46015625 0.0171875 0.0671875
0 0.56328125 0.575 0.0328125 0.1640625
0 0.36171875 0.4890625 0.01875 0.025