0 0.98203125 0.6265625 0.034375 0.1328125
0 0.93515625 0.6265625 0.046875 0.1203125
0 0.76328125 0.80234375 0.14375 0.3921875
0 0.74921875 0.60078125 0.02734375 0.03359375
0 0.71640625 0.70078125 0.04921875 0.27109375
0 0.6765625 0.7359375 0.05546875 0.26875
0 0.58984375 0.64453125 0.128125 0.1171875
0 0.59296875 0.6953125 0.096875 0.0421875
0 0.54296875 0.6546875 0.06484375 0.16328125
0 0.4875 0.77265625 0.08359375 0.36171875
0 0.43671875 0.8078125 0.13125 0.3828125
0 0.31953125 0.80703125 0.14375 0.38359375
0 0.36171875 0.665625 0.04921875 0.096875
0 0.30390625 0.65859375 0.015625 0.084375
0 0.36796875 0.64140625 0.04453125 0.09765625
0 0.78671875 0.60625 0.028125 0.08671875
0 0.62578125 0.6171875 0.03828125 0.0828125
0 0.33984375 0.6125 0.02109375 0.02734375
0 0.3828125 0.70859375 0.034375 0.23671875
0 0.4078125 0.634375 0.01796875 0.10546875
0 0.44140625 0.60703125 0.046875 0.07265625
0 0.51015625 0.60859375 0.05234375 0.0828125
0 0.475 0.58203125 0.01640625 0.01953125
0 0.5703125 0.6015625 0.01796875 0.03984375
0 0.67578125 0.5875 0.00625 0.02109375
0 0.01875 0.684375 0.02734375 0.0890625