0 0.03671875 0.78515625 0.0734375 0.259375
0 0.0671875 0.79296875 0.0625 0.128125
0 0.05078125 0.79609375 0.0234375 0.10078125
0 0.11640625 0.78984375 0.084375 0.1953125
0 0.0921875 0.79296875 0.04609375 0.14609375
0 0.14921875 0.7890625 0.0359375 0.1359375
0 0.18046875 0.78828125 0.1265625 0.2375
0 0.2 0.78984375 0.02265625 0.14296875
0 0.23984375 0.7921875 0.07734375 0.178125
0 0.25703125 0.78671875 0.053125 0.121875
0 0.28984375 0.7859375 0.06953125 0.15078125
0 0.31328125 0.78984375 0.03984375 0.13125
0 0.3375 0.7828125 0.09296875 0.2359375
0 0.37578125 0.80703125 0.040625 0.15078125
0 0.396875 0.78828125 0.0390625 0.16171875
0 0.41875 0.78671875 0.040625 0.13125
0 0.50625 0.78203125 0.0609375 0.22265625
0 0.6421875 0.74921875 0.1046875 0.27890625
0 0.615625 0.7796875 0.03046875 0.1875
0 0.68203125 0.78046875 0.0578125 0.14609375
0 0.665625 0.784375 0.0234375 0.1296875
0 0.70234375 0.7859375 0.0375 0.10859375
0 0.73515625 0.78515625 0.053125 0.16796875
0 0.74921875 0.76796875 0.02265625 0.10703125
0 0.7625 0.78671875 0.02265625 0.09765625
0 0.771875 0.78203125 0.03203125 0.109375
0 0.78828125 0.78828125 0.0546875 0.134375
0 0.8078125 0.76484375 0.11640625 0.2515625
0 0.83515625 0.77890625 0.0375 0.13125
0 0.84375 0.76796875 0.015625 0.09453125
0 0.86796875 0.76484375 0.078125 0.196875
0 0.89140625 0.77421875 0.0484375 0.15234375
0 0.91875 0.77890625 0.0359375 0.13125
0 0.93828125 0.7609375 0.121875 0.24375
0 0.97734375 0.77265625 0.04296875 0.15859375
0 0.9875 0.76640625 0.02265625 0.11875
0 0.515625 0.54296875 0.4 0.83515625
0 0.040625 0.7875 0.028125 0.1234375
0 0.08515625 0.80859375 0.0203125 0.1140625
0 0.1390625 0.79375 0.0109375 0.08671875
0 0.1625 0.75546875 0.00859375 0.0625
0 0.22109375 0.77578125 0.03046875 0.13125
0 0.26484375 0.71953125 0.03984375 0.01796875
0 0.26875 0.7921875 0.0125 0.10234375
0 0.3078125 0.71953125 0.03046875 0.01796875
0 0.303125 0.7859375 0.015625 0.09609375
0 0.328125 0.78203125 0.0140625 0.10390625
0 0.43125 0.77265625 0.028125 0.13125
0 0.37578125 0.79609375 0.0140625 0.08828125
0 0.4984375 0.834375 0.01484375 0.078125
0 0.5375 0.78828125 0.05390625 0.1125
0 0.6671875 0.78046875 0.0171875 0.0765625
0 0.628125 0.7765625 0.00859375 0.065625
0 0.6609375 0.7296875 0.0078125 0.02578125
0 0.6921875 0.78671875 0.00859375 0.09453125
0 0.715625 0.79140625 0.0125 0.0734375
0 0.73359375 0.82734375 0.009375 0.04140625
0 0.771875 0.7921875 0.0109375 0.059375
0 0.82109375 0.76171875 0.009375 0.08046875
0 0.8375 0.81953125 0.00859375 0.02265625
0 0.87578125 0.77578125 0.0140625 0.09453125
0 0.90390625 0.7734375 0.0125 0.075
0 0.92734375 0.78046875 0.0203125 0.07890625
0 0.99609375 0.7390625 0.00625 0.03359375