0 0.15859375 0.6421875 0.02109375 0.05234375
0 0.1953125 0.65703125 0.03359375 0.084375
0 0.034375 0.8234375 0.0625 0.35078125
0 0.09765625 0.82265625 0.1109375 0.35234375
0 0.14140625 0.7234375 0.0234375 0.11328125
0 0.21640625 0.7734375 0.06640625 0.2296875
0 0.38828125 0.784375 0.06484375 0.28515625
0 0.48515625 0.7734375 0.04609375 0.19765625
0 0.5171875 0.721875 0.0390625 0.1
0 0.5671875 0.69765625 0.02578125 0.05625
0 0.590625 0.76328125 0.0515625 0.23046875
0 0.54140625 0.87109375 0.11796875 0.2546875
0 0.4859375 0.86796875 0.10703125 0.24765625
0 0.584375 0.85078125 0.0734375 0.24296875
0 0.7109375 0.7875 0.05 0.24375
0 0.79453125 0.7765625 0.06484375 0.2625
0 0.8671875 0.8359375 0.0796875 0.325
0 0.928125 0.8203125 0.09140625 0.35625
0 0.84296875 0.790625 0.040625 0.22109375
0 0.990625 0.79609375 0.0171875 0.271875
0 0.84453125 0.659375 0.04140625 0.08125
0 0.79921875 0.671875 0.03359375 0.06953125
0 0.18046875 0.46953125 0.0625 0.0640625
0 0.18046875 0.57890625 0.03984375 0.08828125
0 0.33515625 0.39140625 0.071875 0.16953125
0 0.328125 0.64765625 0.07734375 0.08828125
0 0.50078125 0.4609375 0.15078125 0.49765625
0 0.68046875 0.3796875 0.08828125 0.2296875
0 0.675 0.6546875 0.078125 0.0796875
0 0.1265625 0.6921875 0.01015625 0.0265625
0 0.50234375 0.80703125 0.03203125 0.09296875
0 0.81796875 0.6015625 0.0953125 0.0828125