0 0.91953125 0.75234375 0.021875 0.08046875
0 0.8 0.7140625 0.00703125 0.021875
0 0.71875 0.715625 0.00625 0.0234375
0 0.7125 0.71640625 0.00703125 0.0234375
0 0.70390625 0.71328125 0.00546875 0.01953125
0 0.70625 0.71328125 0.00546875 0.01953125
0 0.6953125 0.71640625 0.00625 0.025
0 0.6796875 0.715625 0.00859375 0.025
0 0.67890625 0.7125 0.00625 0.01875
0 0.53203125 0.82890625 0.17578125 0.340625
0 0.22109375 0.815625 0.05859375 0.27109375
0 0.1734375 0.8078125 0.05625 0.271875
0 0.3890625 0.7875 0.0359375 0.09140625
0 0.45390625 0.7765625 0.0359375 0.13046875
0 0.5203125 0.73828125 0.025 0.05859375
0 0.6203125 0.76640625 0.03203125 0.11875
0 0.58671875 0.74296875 0.03046875 0.06484375
0 0.08984375 0.7421875 0.00859375 0.03828125
0 0.10625 0.73359375 0.00703125 0.0515625
0 0.04921875 0.73359375 0.0125 0.04453125
0 0.40078125 0.63359375 0.00625 0.01875
0 0.4140625 0.6328125 0.0046875 0.015625
0 0.42578125 0.63203125 0.00703125 0.01484375
0 0.79921875 0.6375 0.00546875 0.01484375
0 0.790625 0.6375 0.00546875 0.0140625
0 0.7828125 0.63984375 0.00625 0.02109375
0 0.75546875 0.63984375 0.00546875 0.01015625
0 0.74375 0.63984375 0.00625 0.01796875
0 0.73515625 0.640625 0.00703125 0.02109375
0 0.7234375 0.6390625 0.00390625 0.009375
0 0.7171875 0.6375 0.00546875 0.0109375
0 0.71015625 0.6375 0.00625 0.0125
0 0.6859375 0.6390625 0.00546875 0.0109375
0 0.68203125 0.6359375 0.00390625 0.015625
0 0.67890625 0.640625 0.0046875 0.015625
0 0.67578125 0.6390625 0.0046875 0.01171875
0 0.66640625 0.64375 0.0046875 0.015625
0 0.6609375 0.63984375 0.0046875 0.01171875
0 0.65234375 0.63828125 0.0046875 0.01171875
0 0.6203125 0.6375 0.00625 0.01640625
0 0.61328125 0.6359375 0.00625 0.015625
0 0.546875 0.63671875 0.0046875 0.0109375
0 0.54296875 0.63515625 0.00546875 0.01171875
0 0.44296875 0.7265625 0.009375 0.02109375
0 0.440625 0.72890625 0.0046875 0.02109375
0 0.96953125 0.71328125 0.034375 0.025
0 0.85859375 0.7359375 0.01484375 0.02578125
0 0.825 0.71640625 0.02265625 0.02578125
0 0.659375 0.71484375 0.01640625 0.0265625
0 0.00859375 0.72421875 0.01640625 0.07421875
0 0.05546875 0.71015625 0.034375 0.04375
0 0.103125 0.6953125 0.0171875 0.015625
0 0.1734375 0.70546875 0.0671875 0.021875
0 0.26796875 0.73125 0.00859375 0.03125
0 0.28984375 0.728125 0.01484375 0.03359375
0 0.32890625 0.72265625 0.0328125 0.05390625
0 0.41015625 0.72890625 0.0109375 0.0328125
0 0.378125 0.7171875 0.0140625 0.00859375
0 0.4515625 0.71953125 0.040625 0.0125
0 0.59921875 0.73515625 0.06875 0.0375
0 0.490625 0.6328125 0.0484375 0.0171875
0 0.4625 0.63359375 0.0046875 0.01640625
0 0.69375 0.63984375 0.00546875 0.00859375
0 0.35 0.6375 0.01171875 0.00703125