0 0.178125 0.89921875 0.1890625 0.196875
0 0.26640625 0.9296875 0.084375 0.13671875
0 0.0734375 0.9515625 0.04296875 0.09296875
0 0.06953125 0.91796875 0.05859375 0.12265625
0 0.021875 0.8890625 0.04296875 0.21796875
0 0.0859375 0.865625 0.046875 0.153125
0 0.11953125 0.853125 0.04453125 0.12734375
0 0.17734375 0.83203125 0.046875 0.12265625
0 0.26484375 0.821875 0.0640625 0.20390625
0 0.2875 0.8390625 0.03671875 0.22890625
0 0.21953125 0.753125 0.0640625 0.11328125
0 0.1984375 0.7265625 0.0375 0.06015625
0 0.3625 0.79140625 0.053125 0.20859375
0 0.31875 0.78046875 0.0546875 0.21796875
0 0.29296875 0.73359375 0.0390625 0.1015625
0 0.44921875 0.8875 0.140625 0.21953125
0 0.54375 0.88515625 0.103125 0.22421875
0 0.4390625 0.83359375 0.09765625 0.18515625
0 0.39453125 0.87265625 0.05234375 0.25
0 0.5 0.846875 0.06015625 0.17578125
0 0.5171875 0.80078125 0.02578125 0.07890625
0 0.47109375 0.759375 0.02890625 0.07421875
0 0.4984375 0.7453125 0.04140625 0.06484375
0 0.6609375 0.89609375 0.13125 0.20390625
0 0.58203125 0.8296875 0.06015625 0.26171875
0 0.5640625 0.72109375 0.0375 0.11328125
0 0.6171875 0.82421875 0.04140625 0.2359375
0 0.61171875 0.72109375 0.02578125 0.10390625
0 0.65859375 0.80546875 0.0703125 0.15703125
0 0.67890625 0.74921875 0.0328125 0.12265625
0 0.703125 0.73984375 0.03359375 0.0671875
0 0.728125 0.87421875 0.0859375 0.24765625
0 0.76171875 0.8578125 0.0625 0.178125
0 0.73515625 0.7375 0.0328125 0.0625
0 0.7515625 0.6953125 0.03359375 0.071875
0 0.72265625 0.71328125 0.02890625 0.07890625
0 0.8265625 0.8984375 0.09375 0.19921875
0 0.88203125 0.8890625 0.0875 0.21796875
0 0.93984375 0.8984375 0.1171875 0.19921875
0 0.97421875 0.85625 0.04921875 0.259375
0 0.9265625 0.76640625 0.040625 0.09296875
0 0.8765625 0.78828125 0.040625 0.15078125
0 0.84609375 0.7859375 0.05234375 0.178125
0 0.91171875 0.73359375 0.015625 0.07421875
0 0.10390625 0.8796875 0.2078125 0.2375
0 0.5375 0.72421875 0.02578125 0.1109375
0 0.56875 0.73828125 0.02109375 0.04609375
0 0.75 0.71328125 0.234375 0.1015625
0 0.9109375 0.7265625 0.05078125 0.08828125
0 0.5375 0.46875 0.103125 0.303125
0 0.278125 0.3890625 0.0484375 0.07421875
0 0.125 0.6015625 0.02890625 0.05078125
0 0.25234375 0.7421875 0.01796875 0.0390625