0 0.15078125 0.43046875 0.15 0.60234375
0 0.50625 0.6359375 0.19765625 0.353125
0 0.61796875 0.415625 0.215625 0.74375
0 0.78125 0.54140625 0.1609375 0.44609375
0 0.009375 0.3921875 0.01875 0.0875
0 0.025 0.396875 0.028125 0.075
0 0.0609375 0.415625 0.02421875 0.0375
0 0.11328125 0.41328125 0.0203125 0.0453125
0 0.0703125 0.38671875 0.05859375 0.09921875
0 0.0359375 0.37421875 0.040625 0.121875
0 0.040625 0.309375 0.05234375 0.0890625
0 0.08984375 0.31953125 0.0484375 0.0921875
0 0.0203125 0.2375 0.02734375 0.06484375
0 0.02421875 0.23359375 0.03359375 0.06796875
0 0.05 0.27734375 0.0453125 0.090625
0 0.06953125 0.26875 0.0296875 0.08828125
0 0.10234375 0.28515625 0.0515625 0.12734375
0 0.10703125 0.23359375 0.04140625 0.07734375
0 0.15390625 0.24375 0.03828125 0.11171875
0 0.0390625 0.1515625 0.05234375 0.10703125
0 0.02109375 0.071875 0.03671875 0.05703125
0 0.025 0.03671875 0.0359375 0.0734375
0 0.071875 0.05546875 0.0546875 0.090625
0 0.10859375 0.1453125 0.04765625 0.1078125
0 0.14609375 0.1671875 0.028125 0.0734375
0 0.1921875 0.09609375 0.0296875 0.0734375
0 0.22109375 0.103125 0.034375 0.0875
0 0.26015625 0.0875 0.02421875 0.06328125
0 0.2296875 0.02890625 0.03984375 0.05703125
0 0.2609375 0.02578125 0.034375 0.0515625
0 0.309375 0.034375 0.0328125 0.06875
0 0.3453125 0.0421875 0.040625 0.08359375
0 0.390625 0.04375 0.0375 0.0875
0 0.309375 0.1109375 0.03203125 0.05
0 0.34765625 0.096875 0.03828125 0.08125
0 0.38515625 0.11171875 0.0453125 0.11171875
0 0.42890625 0.10546875 0.04765625 0.1203125
0 0.46796875 0.09609375 0.0375 0.0859375
0 0.225 0.17890625 0.03203125 0.10234375
0 0.18984375 0.1796875 0.02421875 0.10859375
0 0.2046875 0.26015625 0.03828125 0.11796875
0 0.215625 0.21171875 0.03125 0.08125
0 0.2453125 0.25625 0.04921875 0.1109375
0 0.25 0.209375 0.0421875 0.08046875
0 0.19765625 0.35390625 0.028125 0.0765625
0 0.209375 0.421875 0.078125 0.0359375
0 0.23671875 0.396875 0.04765625 0.084375
0 0.22265625 0.4078125 0.0234375 0.03828125
0 0.23046875 0.35703125 0.05 0.09375
0 0.234375 0.31640625 0.0296875 0.0515625
0 0.28515625 0.4140625 0.03984375 0.05546875
0 0.2796875 0.39453125 0.06171875 0.0921875
0 0.284375 0.34140625 0.0453125 0.07421875
0 0.28828125 0.2671875 0.034375 0.07734375
0 0.29609375 0.2328125 0.034375 0.075
0 0.33828125 0.2296875 0.04296875 0.1171875
0 0.2953125 0.196875 0.04453125 0.07734375
0 0.303125 0.14296875 0.01875 0.0265625
0 0.34765625 0.1703125 0.0375 0.06875
0 0.38515625 0.1671875 0.0359375 0.0765625
0 0.42265625 0.1671875 0.02734375 0.06328125
0 0.46171875 0.178125 0.0375 0.0953125
0 0.49609375 0.17734375 0.03984375 0.1203125
0 0.4796875 0.215625 0.05078125 0.08046875
0 0.4296875 0.21015625 0.05 0.08359375
0 0.38203125 0.21171875 0.0484375 0.071875
0 0.33515625 0.26953125 0.04296875 0.0671875
0 0.33515625 0.3046875 0.04765625 0.0796875
0 0.33046875 0.33515625 0.03671875 0.08359375
0 0.340625 0.403125 0.05390625 0.0734375
0 0.34375 0.4171875 0.034375 0.04921875
0 0.37734375 0.4125 0.04296875 0.0546875
0 0.37734375 0.365625 0.04453125 0.10546875
0 0.38046875 0.3625 0.040625 0.14453125
0 0.3828125 0.28359375 0.0453125 0.1
0 0.42109375 0.415625 0.03203125 0.05078125
0 0.48671875 0.396875 0.0515625 0.09296875
0 0.478125 0.36953125 0.0453125 0.08125
0 0.42734375 0.32578125 0.04296875 0.06328125
0 0.42578125 0.36015625 0.05 0.0953125
0 0.51953125 0.3640625 0.04140625 0.08203125
0 0.47890625 0.3703125 0.04609375 0.0859375
0 0.478125 0.30078125 0.04609375 0.08828125
0 0.41875 0.25546875 0.03671875 0.090625
0 0.43828125 0.29765625 0.04765625 0.12578125
0 0.3796875 0.2515625 0.04375 0.0859375
0 0.4578125 0.26875 0.01875 0.0734375
0 0.4875 0.25703125 0.04453125 0.09453125
0 0.5515625 0.390625 0.03515625 0.11171875
0 0.5375 0.4203125 0.0453125 0.04921875
0 0.58515625 0.42109375 0.05 0.05
0 0.59296875 0.3921875 0.03515625 0.0578125
0 0.58203125 0.3765625 0.025 0.05859375
0 0.57265625 0.3390625 0.03671875 0.1140625
0 0.62734375 0.3078125 0.025 0.0765625
0 0.52890625 0.26640625 0.0515625 0.09609375
0 0.51953125 0.23203125 0.02890625 0.06796875
0 0.55859375 0.25546875 0.02265625 0.07578125
0 0.61796875 0.26328125 0.03828125 0.084375
0 0.60859375 0.225 0.03828125 0.10078125
0 0.57578125 0.17109375 0.0296875 0.06953125
0 0.534375 0.18046875 0.03828125 0.08671875
0 0.55703125 0.1203125 0.02890625 0.071875
0 0.58828125 0.125 0.02265625 0.08828125
0 0.5140625 0.09140625 0.03203125 0.07421875
0 0.5046875 0.075 0.025 0.06171875
0 0.665625 0.1953125 0.03203125 0.1109375
0 0.6921875 0.22421875 0.0484375 0.09453125
0 0.6859375 0.2734375 0.028125 0.06484375
0 0.72734375 0.38671875 0.0515625 0.12421875
0 0.709375 0.40546875 0.0421875 0.0921875
0 0.7203125 0.33984375 0.0375 0.06796875
0 0.71328125 0.2828125 0.0390625 0.103125
0 0.7546875 0.30390625 0.04765625 0.1203125
0 0.80078125 0.29296875 0.05234375 0.08359375
0 0.7359375 0.2328125 0.0390625 0.09609375
0 0.7765625 0.24921875 0.03984375 0.1
0 0.84375 0.4125 0.046875 0.078125
0 0.896875 0.4234375 0.02890625 0.05703125
0 0.94296875 0.4203125 0.04140625 0.065625
0 0.9796875 0.409375 0.03828125 0.0890625
0 0.95859375 0.34921875 0.0421875 0.08125
0 0.953125 0.3421875 0.04921875 0.09453125
0 0.8796875 0.38203125 0.05234375 0.10546875
0 0.9109375 0.32890625 0.04375 0.10078125
0 0.921875 0.29140625 0.05703125 0.10234375
0 0.95859375 0.28359375 0.0296875 0.0796875
0 0.978125 0.28671875 0.0296875 0.06953125
0 0.98203125 0.221875 0.0296875 0.065625
0 0.846875 0.29765625 0.05625 0.11484375
0 0.88203125 0.28359375 0.0328125 0.071875
0 0.88671875 0.2359375 0.02578125 0.03828125
0 0.91953125 0.25 0.03984375 0.0625
0 0.915625 0.22734375 0.0296875 0.0453125
0 0.82265625 0.23671875 0.046875 0.08359375
0 0.81328125 0.20859375 0.03203125 0.06796875
0 0.85 0.21171875 0.03125 0.0734375
0 0.896875 0.21171875 0.03203125 0.07421875
0 0.88203125 0.18984375 0.0453125 0.12421875
0 0.84140625 0.16953125 0.04375 0.08203125
0 0.82734375 0.3703125 0.04609375 0.0921875
0 0.984375 0.14296875 0.0296875 0.10234375
0 0.95234375 0.1375 0.03125 0.10546875
0 0.90625 0.11875 0.028125 0.06953125
0 0.83125 0.11171875 0.03125 0.06328125
0 0.790625 0.11953125 0.04609375 0.1359375
0 0.75 0.1375 0.03203125 0.103125
0 0.7171875 0.13671875 0.03359375 0.096875
0 0.7296875 0.1921875 0.04296875 0.0796875
0 0.66953125 0.11171875 0.03359375 0.071875
0 0.63671875 0.046875 0.0390625 0.08671875
0 0.66171875 0.0703125 0.04140625 0.1171875
0 0.578125 0.04296875 0.03984375 0.0859375
0 0.7390625 0.0484375 0.04296875 0.09609375
0 0.7890625 0.04375 0.0328125 0.075
0 0.85390625 0.034375 0.0453125 0.06875
0 0.88203125 0.0375 0.034375 0.075
0 0.00859375 0.3140625 0.01640625 0.09296875
0 0.00625 0.1859375 0.0125 0.05625
0 0.44609375 0.428125 0.04765625 0.0328125
0 0.9796875 0.43515625 0.03671875 0.03515625
0 0.89765625 0.43828125 0.065625 0.03046875
0 0.6375 0.1109375 0.025 0.05859375
0 0.7171875 0.021875 0.03125 0.04375