0 0.325 0.64921875 0.13359375 0.7
0 0.1625 0.59453125 0.0546875 0.2875
0 0.18984375 0.62578125 0.0390625 0.2953125
0 0.21640625 0.6390625 0.04453125 0.2296875
0 0.23203125 0.659375 0.0375 0.20546875
0 0.43984375 0.63203125 0.03359375 0.16796875
0 0.39453125 0.64453125 0.021875 0.06640625
0 0.46796875 0.63125 0.05 0.196875
0 0.5078125 0.62734375 0.05703125 0.22265625
0 0.5234375 0.62265625 0.03359375 0.1828125
0 0.55234375 0.6265625 0.059375 0.175
0 0.5609375 0.590625 0.03203125 0.11484375
0 0.6453125 0.6625 0.103125 0.35546875
0 0.71484375 0.68125 0.07890625 0.325
0 0.75625 0.653125 0.05 0.3078125
0 0.68671875 0.54375 0.03203125 0.06171875
0 0.80390625 0.6375 0.05546875 0.18984375
0 0.86796875 0.63828125 0.04375 0.21171875
0 0.90859375 0.63984375 0.0453125 0.1921875
0 0.93828125 0.64921875 0.040625 0.19765625
0 0.95546875 0.58984375 0.0125 0.0484375
0 0.95625 0.70078125 0.0828125 0.38125
0 0.34453125 0.70703125 0.090625 0.4828125
0 0.8890625 0.57890625 0.01171875 0.01953125
0 0.84140625 0.603125 0.0203125 0.0515625
0 0.9765625 0.7171875 0.04453125 0.43671875
0 0.5765625 0.16015625 0.0453125 0.146875