0 0.0578125 0.54375 0.09765625 0.44765625
0 0.140625 0.55234375 0.0765625 0.42734375
0 0.22734375 0.5359375 0.0984375 0.45625
0 0.321875 0.403125 0.090625 0.20234375
0 0.4109375 0.41953125 0.09453125 0.26328125
0 0.4984375 0.39296875 0.0875 0.2453125
0 0.5859375 0.4015625 0.08984375 0.2265625
0 0.67265625 0.40390625 0.09921875 0.21328125
0 0.76875 0.4125 0.1015625 0.20546875
0 0.85078125 0.54453125 0.09375 0.44765625
0 0.9359375 0.56484375 0.0828125 0.42109375
0 0.2890625 0.50234375 0.12109375 0.175
0 0.38125 0.60078125 0.1046875 0.3625
0 0.4625 0.6078125 0.0859375 0.359375
0 0.53046875 0.6125 0.0953125 0.34453125
0 0.6078125 0.61171875 0.08359375 0.35625
0 0.69296875 0.6109375 0.09921875 0.36171875
0 0.78671875 0.61015625 0.1359375 0.36328125
0 0.1796875 0.35546875 0.0828125 0.21875
0 0.25390625 0.3234375 0.0765625 0.18046875
0 0.325 0.31640625 0.075 0.13359375
0 0.39375 0.3109375 0.07109375 0.14375
0 0.45625 0.3046875 0.06875 0.15703125
0 0.559375 0.31171875 0.0828125 0.16640625
0 0.6453125 0.31953125 0.08359375 0.18828125
0 0.725 0.3328125 0.08046875 0.2015625
0 0.8 0.31953125 0.07734375 0.18359375
0 0.8703125 0.434375 0.078125 0.403125