0 0.76875 0.91875 0.05078125 0.16015625
0 0.2828125 0.79140625 0.0390625 0.18203125
0 0.1859375 0.76484375 0.03671875 0.19296875
0 0.103125 0.72421875 0.05703125 0.17578125
0 0.48515625 0.80546875 0.03125 0.13359375
0 0.4609375 0.79765625 0.0375 0.11484375
0 0.0546875 0.67578125 0.04765625 0.19765625
0 0.0375 0.675 0.03515625 0.17109375
0 0.0890625 0.67734375 0.03828125 0.20859375
0 0.14375 0.74296875 0.05078125 0.12890625
0 0.1125 0.62734375 0.03046875 0.09609375
0 0.12109375 0.6265625 0.03125 0.11796875
0 0.02109375 0.64765625 0.0125 0.01875
0 0.1328125 0.64140625 0.02421875 0.12109375
0 0.2171875 0.725 0.02421875 0.10234375
0 0.23671875 0.72265625 0.0359375 0.1125
0 0.3375 0.75078125 0.0328125 0.09453125
0 0.278125 0.7421875 0.02265625 0.103125
0 0.31640625 0.74140625 0.0265625 0.04296875
0 0.3265625 0.7140625 0.01796875 0.01328125
0 0.4078125 0.73359375 0.03828125 0.06015625
0 0.471875 0.73046875 0.01796875 0.05625
0 0.49921875 0.72890625 0.01875 0.06171875
0 0.484375 0.72109375 0.01484375 0.03828125
0 0.4546875 0.69296875 0.01640625 0.02734375
0 0.48359375 0.69296875 0.0234375 0.03828125
0 0.9671875 0.81796875 0.01875 0.06484375
0 0.8296875 0.7765625 0.0125 0.05546875
0 0.7078125 0.75078125 0.0171875 0.04765625
0 0.6609375 0.74765625 0.01171875 0.05234375
0 0.59375 0.73359375 0.0140625 0.05625
0 0.60625 0.73671875 0.01171875 0.05859375
0 0.63125 0.74375 0.01484375 0.06015625
0 0.61484375 0.71796875 0.0125 0.01875
0 0.58515625 0.72578125 0.0109375 0.046875
0 0.5859375 0.7 0.01328125 0.025
0 0.59375 0.72734375 0.01484375 0.059375
0 0.65 0.73515625 0.0171875 0.02734375
0 0.5453125 0.715625 0.01328125 0.05234375
0 0.540625 0.69453125 0.01484375 0.04140625
0 0.5671875 0.70546875 0.01015625 0.02421875
0 0.5546875 0.69140625 0.01015625 0.015625
0 0.55625 0.69609375 0.00546875 0.009375
0 0.475 0.640625 0.01171875 0.04765625
0 0.48359375 0.63671875 0.0109375 0.02265625
0 0.4953125 0.64453125 0.00859375 0.02578125
0 0.50625 0.65234375 0.01015625 0.03203125
0 0.1921875 0.603125 0.00859375 0.02265625
0 0.18828125 0.6078125 0.0078125 0.02578125
0 0.159375 0.609375 0.0078125 0.02734375
0 0.16796875 0.6078125 0.0078125 0.03203125
0 0.1796875 0.5984375 0.00625 0.01796875
0 0.17109375 0.60546875 0.009375 0.03203125
0 0.14375 0.60859375 0.009375 0.03125
0 0.653125 0.74375 0.01171875 0.04609375
0 0.6296875 0.73984375 0.00859375 0.05234375
0 0.63125 0.74921875 0.01953125 0.0375
0 0.6328125 0.74609375 0.01796875 0.04453125
0 0.24296875 0.5984375 0.096875 0.034375
0 0.575 0.709375 0.01171875 0.025
0 0.23359375 0.49453125 0.01875 0.0125
0 0.00625 0.64140625 0.0125 0.02890625
0 0.15546875 0.5921875 0.0109375 0.01171875
0 0.1515625 0.609375 0.00859375 0.02890625
0 0.140625 0.59609375 0.00546875 0.015625