0 0.09609375 0.4703125 0.01875 0.125
0 0.12578125 0.67109375 0.0953125 0.48984375
0 0.1640625 0.5796875 0.03984375 0.29765625
0 0.19765625 0.60703125 0.08984375 0.36328125
0 0.22890625 0.5015625 0.03515625 0.14140625
0 0.26796875 0.61171875 0.07421875 0.31796875
0 0.259375 0.5703125 0.05625 0.30390625
0 0.30625 0.46640625 0.03515625 0.13046875
0 0.31015625 0.59140625 0.03125 0.3078125
0 0.3359375 0.6125 0.06484375 0.35625
0 0.35703125 0.46015625 0.06171875 0.1
0 0.38515625 0.60625 0.04765625 0.3265625
0 0.4125 0.5875 0.0421875 0.28359375
0 0.43671875 0.54296875 0.04765625 0.3078125
0 0.46796875 0.596875 0.0515625 0.346875
0 0.50546875 0.5484375 0.0296875 0.2828125
0 0.5234375 0.578125 0.0453125 0.34296875
0 0.53671875 0.59296875 0.0703125 0.36328125
0 0.5625 0.55859375 0.0296875 0.253125
0 0.57890625 0.57734375 0.04375 0.32890625
0 0.61171875 0.5703125 0.06484375 0.37109375
0 0.63671875 0.54765625 0.0296875 0.2578125
0 0.65703125 0.50390625 0.015625 0.21328125
0 0.7015625 0.5765625 0.05546875 0.33046875
0 0.76328125 0.571875 0.05234375 0.33515625
0 0.72421875 0.56328125 0.0515625 0.32265625
0 0.88515625 0.54765625 0.06015625 0.2078125
0 0.97109375 0.52890625 0.04375 0.240625
0 0.98984375 0.51015625 0.01875 0.1875
0 0.4875 0.44375 0.03046875 0.084375
0 0.44765625 0.4390625 0.03125 0.109375
0 0.1078125 0.4640625 0.04375 0.0921875
0 0.759375 0.46953125 0.07734375 0.1265625
0 0.571875 0.45390625 0.06640625 0.06484375
0 0.62109375 0.4234375 0.01875 0.0421875
0 0.54296875 0.67421875 0.0171875 0.02578125
0 0.59140625 0.634375 0.04921875 0.121875
0 0.4875 0.66796875 0.0203125 0.0421875
0 0.515625 0.675 0.0125 0.02421875
0 0.37421875 0.66640625 0.00859375 0.02890625
0 0.2890625 0.66484375 0.028125 0.05703125
0 0.2453125 0.68125 0.02265625 0.07578125
0 0.27421875 0.4609375 0.053125 0.10234375
0 0.165625 0.453125 0.06328125 0.07109375
0 0.3890625 0.4421875 0.04609375 0.05859375
0 0.3171875 0.42734375 0.01796875 0.03671875