0 0.05 0.50078125 0.0234375 0.08828125
0 0.06640625 0.51171875 0.0328125 0.103125
0 0.08046875 0.5046875 0.015625 0.0875
0 0.090625 0.50859375 0.03515625 0.1046875
0 0.10390625 0.49296875 0.02265625 0.0796875
0 0.11484375 0.503125 0.01796875 0.0796875
0 0.1234375 0.4640625 0.0078125 0.0109375
0 0.12734375 0.5109375 0.02734375 0.0859375
0 0.13125 0.46953125 0.01171875 0.028125
0 0.14375 0.5046875 0.01875 0.0765625
0 0.15 0.4671875 0.0109375 0.021875
0 0.15546875 0.46484375 0.0109375 0.0203125
0 0.16015625 0.50703125 0.02421875 0.096875
0 0.153125 0.50859375 0.0140625 0.0859375
0 0.1703125 0.49921875 0.01953125 0.08359375
0 0.17265625 0.45859375 0.0078125 0.01640625
0 0.18046875 0.48984375 0.01796875 0.08359375
0 0.19296875 0.4921875 0.01875 0.07578125
0 0.184375 0.5046875 0.0171875 0.0875
0 0.19375 0.4984375 0.015625 0.08515625
0 0.20859375 0.50390625 0.01796875 0.0796875
0 0.20859375 0.50859375 0.01328125 0.07890625
0 0.2203125 0.503125 0.01953125 0.10078125
0 0.22109375 0.50390625 0.02265625 0.10234375
0 0.23671875 0.51484375 0.028125 0.165625
0 0.24765625 0.50625 0.01015625 0.14453125
0 0.259375 0.46953125 0.03203125 0.12578125
0 0.2765625 0.54140625 0.07109375 0.2515625
0 0.31171875 0.51875 0.03046875 0.2015625
0 0.33046875 0.52890625 0.059375 0.2375
0 0.34609375 0.509375 0.02890625 0.17421875
0 0.3578125 0.49765625 0.01953125 0.1515625
0 0.3484375 0.42265625 0.0109375 0.00703125
0 0.37265625 0.515625 0.0375 0.14609375
0 0.38359375 0.4984375 0.01796875 0.1296875
0 0.3953125 0.4578125 0.025 0.06875
0 0.3984375 0.5359375 0.02890625 0.2109375
0 0.4203125 0.540625 0.0375 0.2296875
0 0.43359375 0.42734375 0.015625 0.03203125
0 0.44453125 0.43125 0.02109375 0.03828125
0 0.44921875 0.6234375 0.09453125 0.3796875
0 0.46796875 0.43984375 0.015625 0.03203125
0 0.4890625 0.4375 0.00859375 0.0203125
0 0.5171875 0.59296875 0.08359375 0.35078125
0 0.52265625 0.54921875 0.065625 0.24296875
0 0.55703125 0.49921875 0.0265625 0.10234375
0 0.5828125 0.55234375 0.05703125 0.24453125
0 0.553125 0.47421875 0.01328125 0.0453125
0 0.59921875 0.44140625 0.02421875 0.06015625
0 0.61484375 0.475 0.03984375 0.11640625
0 0.63515625 0.44453125 0.0140625 0.028125
0 0.65234375 0.68671875 0.11640625 0.48046875
0 0.696875 0.52578125 0.06328125 0.23046875
0 0.746875 0.4984375 0.0515625 0.18828125
0 0.765625 0.44765625 0.0171875 0.04609375
0 0.7796875 0.7140625 0.1796875 0.57109375
0 0.8140625 0.70390625 0.20078125 0.5609375
0 0.8484375 0.4625 0.01875 0.05703125
0 0.86171875 0.471875 0.03671875 0.09921875
0 0.903125 0.61796875 0.09140625 0.39609375
0 0.90625 0.44609375 0.0328125 0.05234375
0 0.93515625 0.45 0.0359375 0.05
0 0.92890625 0.66796875 0.1390625 0.4546875
0 0.08671875 0.471875 0.0609375 0.02265625
0 0.10703125 0.5203125 0.01875 0.0265625
0 0.16328125 0.46640625 0.003125 0.0078125
0 0.29921875 0.45703125 0.009375 0.015625
0 0.365625 0.54296875 0.01015625 0.01953125
0 0.4875 0.5609375 0.0140625 0.015625
0 0.6859375 0.609375 0.03203125 0.02265625
0 0.71328125 0.459375 0.025 0.01484375
0 0.86640625 0.62578125 0.04140625 0.225
0 0.98203125 0.4609375 0.0171875 0.01328125
0 0.8390625 0.4640625 0.0140625 0.015625
0 0.4015625 0.36015625 0.009375 0.02578125
0 0.9578125 0.43046875 0.02265625 0.0421875
0 0.30546875 0.57578125 0.01015625 0.015625