0 0.5421875 0.7109375 0.12109375 0.46484375
0 0.4578125 0.6796875 0.0921875 0.31796875
0 0.3734375 0.71875 0.11015625 0.46015625
0 0.3765625 0.6953125 0.11640625 0.40234375
0 0.25078125 0.69609375 0.1265625 0.43359375
0 0.18515625 0.6796875 0.065625 0.41640625
0 0.12578125 0.70859375 0.0921875 0.4359375
0 0.83828125 0.559375 0.07109375 0.08046875
0 0.8453125 0.28046875 0.10234375 0.13046875
0 0.5921875 0.46640625 0.07109375 0.29140625
0 0.321875 0.44375 0.06640625 0.24296875
0 0.18046875 0.26796875 0.103125 0.25234375