0 0.95703125 0.78125 0.0828125 0.175
0 0.93359375 0.64453125 0.01328125 0.0640625
0 0.9828125 0.6546875 0.0109375 0.059375
0 0.97890625 0.6296875 0.0078125 0.015625
0 0.7765625 0.6796875 0.040625 0.175
0 0.7625 0.71328125 0.02109375 0.1015625
0 0.49765625 0.65546875 0.0203125 0.0875
0 0.49296875 0.71171875 0.03125 0.13125
0 0.46484375 0.675 0.04921875 0.1953125
0 0.40703125 0.68828125 0.0390625 0.18125
0 0.421875 0.64296875 0.0125 0.065625
0 0.32734375 0.6609375 0.01953125 0.08984375
0 0.315625 0.66015625 0.01015625 0.06171875
0 0.32109375 0.66328125 0.00703125 0.05234375
0 0.30859375 0.6609375 0.0171875 0.0921875
0 0.29765625 0.6640625 0.01015625 0.0578125
0 0.28828125 0.66640625 0.0125 0.053125
0 0.28359375 0.67578125 0.00703125 0.03828125
0 0.27578125 0.665625 0.0125 0.05859375
0 0.18046875 0.6734375 0.00859375 0.03203125
0 0.15234375 0.6859375 0.01328125 0.03046875
0 0.14921875 0.68203125 0.01484375 0.0359375
0 0.13671875 0.67734375 0.009375 0.0515625
0 0.12890625 0.6765625 0.0078125 0.04765625
0 0.125 0.67734375 0.00625 0.04453125
0 0.11953125 0.678125 0.01015625 0.05234375
0 0.115625 0.66953125 0.0140625 0.0640625
0 0.096875 0.66796875 0.0078125 0.03671875
0 0.09140625 0.6703125 0.0109375 0.03515625
0 0.0765625 0.678125 0.01484375 0.06328125
0 0.0703125 0.6828125 0.0078125 0.05234375
0 0.075 0.6765625 0.01015625 0.05859375
0 0.06171875 0.6828125 0.01640625 0.08984375
0 0.0546875 0.68125 0.01328125 0.0625
0 0.040625 0.6890625 0.0125 0.0546875
0 0.034375 0.6875 0.01015625 0.05
0 0.0390625 0.659375 0.009375 0.021875
0 0.03203125 0.678125 0.0109375 0.0625
0 0.0203125 0.68203125 0.015625 0.06328125
0 0.00546875 0.66484375 0.0109375 0.01875
0 0.01484375 0.66796875 0.00703125 0.034375
0 0.00390625 0.66015625 0.00703125 0.01875
0 0.02890625 0.51171875 0.0078125 0.02734375
0 0.240625 0.65078125 0.00859375 0.0390625
0 0.17734375 0.65234375 0.009375 0.0328125
0 0.2046875 0.65234375 0.01015625 0.03125
0 0.1421875 0.6421875 0.0046875 0.009375
0 0.09921875 0.64921875 0.00390625 0.00546875
0 0.12734375 0.6546875 0.00234375 0.00546875
0 0.04765625 0.659375 0.00859375 0.0265625
0 0.01015625 0.5140625 0.00546875 0.01484375
0 0.140625 0.58984375 0.0046875 0.01875
0 0.646875 0.54296875 0.00859375 0.021875
0 0.7015625 0.55546875 0.01015625 0.0125
0 0.7578125 0.55234375 0.0140625 0.01875
0 0.59921875 0.56171875 0.00859375 0.015625
0 0.55 0.56640625 0.00859375 0.01640625
0 0.50546875 0.57109375 0.00859375 0.015625
0 0.190625 0.6515625 0.01640625 0.0578125
0 0.13515625 0.60546875 0.0140625 0.0625
0 0.1625 0.59921875 0.0109375 0.0484375
0 0.19296875 0.59921875 0.01640625 0.05546875