0 0.953125 0.7734375 0.04140625 0.09609375
0 0.98828125 0.771875 0.02265625 0.0875
0 0.89140625 0.80078125 0.05625 0.134375
0 0.8578125 0.80546875 0.0890625 0.175
0 0.825 0.796875 0.046875 0.15
0 0.75859375 0.8046875 0.08046875 0.20078125
0 0.79453125 0.809375 0.12109375 0.18515625
0 0.715625 0.834375 0.1 0.2171875
0 0.70546875 0.82734375 0.078125 0.1984375
0 0.65078125 0.84921875 0.109375 0.24921875
0 0.584375 0.86171875 0.1484375 0.275
0 0.53828125 0.74921875 0.0109375 0.009375
0 0.4984375 0.84921875 0.08984375 0.23203125
0 0.42734375 0.85703125 0.1359375 0.2828125
0 0.3109375 0.8546875 0.1140625 0.2296875
0 0.2109375 0.825 0.134375 0.20546875
0 0.35546875 0.765625 0.0328125 0.046875
0 0.2875 0.75703125 0.0453125 0.05078125
0 0.96953125 0.77109375 0.03203125 0.0953125
0 0.64921875 0.75390625 0.03125 0.03046875
0 0.53125 0.75625 0.040625 0.03125
0 0.4734375 0.74921875 0.03671875 0.03359375
0 0.478125 0.91171875 0.0765625 0.059375
0 0.3484375 0.75078125 0.03203125 0.0375
0 0.3875 0.7546875 0.0265625 0.02421875
0 0.259375 0.784375 0.02265625 0.07421875
0 0.015625 0.884375 0.03046875 0.23046875