0 0.14453125 0.65546875 0.00859375 0.04140625
0 0.2546875 0.68984375 0.01015625 0.02265625
0 0.240625 0.67578125 0.0078125 0.0359375
0 0.23125 0.6734375 0.00546875 0.03359375
0 0.24296875 0.7078125 0.01171875 0.02890625
0 0.2546875 0.778125 0.009375 0.01875
0 0.28359375 0.79765625 0.009375 0.0421875
0 0.28671875 0.7921875 0.0078125 0.0359375
0 0.2890625 0.9140625 0.0125 0.0265625
0 0.3140625 0.90078125 0.0125 0.02109375
0 0.3296875 0.8859375 0.01015625 0.02109375
0 0.31640625 0.8828125 0.0078125 0.03125
0 0.3234375 0.88046875 0.00859375 0.0359375
0 0.1671875 0.959375 0.0109375 0.04375
0 0.15703125 0.94765625 0.01328125 0.02734375
0 0.52578125 0.8640625 0.0109375 0.0421875
0 0.528125 0.8609375 0.0109375 0.0390625
0 0.62265625 0.78125 0.0109375 0.03515625
0 0.603125 0.846875 0.009375 0.0359375
0 0.640625 0.93828125 0.01015625 0.0484375
0 0.684375 0.97578125 0.01015625 0.0265625
0 0.7078125 0.97421875 0.0140625 0.03125
0 0.7734375 0.9359375 0.01171875 0.03515625
0 0.80078125 0.9546875 0.0109375 0.02734375
0 0.859375 0.98046875 0.0109375 0.0234375
0 0.9 0.98046875 0.01171875 0.0359375
0 0.62890625 0.67890625 0.00703125 0.0203125
0 0.63046875 0.665625 0.0046875 0.01640625
0 0.6234375 0.67421875 0.00546875 0.01875
0 0.6171875 0.66640625 0.00546875 0.0125
0 0.63359375 0.9484375 0.0125 0.02734375
0 0.6984375 0.9796875 0.00859375 0.0109375
0 0.6765625 0.9890625 0.0140625 0.01875
0 0.65 0.99375 0.0203125 0.01015625
0 0.72890625 0.9953125 0.0078125 0.00625
0 0.8859375 0.9890625 0.021875 0.0203125
0 0.9171875 0.94453125 0.009375 0.03359375
0 0.8734375 0.678125 0.009375 0.03359375
0 0.90390625 0.6859375 0.009375 0.0296875
0 0.46875 0.51640625 0.37578125 0.1046875
0 0.52734375 0.6046875 0.13359375 0.0625
0 0.4671875 0.709375 0.05703125 0.0265625
0 0.47265625 0.75390625 0.034375 0.02734375
0 0.59921875 0.8546875 0.00859375 0.0171875