0 0.696875 0.58984375 0.07578125 0.2546875
0 0.60546875 0.58984375 0.08359375 0.2453125
0 0.65 0.7125 0.10625 0.225
0 0.55546875 0.50234375 0.059375 0.23515625
0 0.46171875 0.6296875 0.0671875 0.28984375
0 0.43125 0.5234375 0.0625 0.2328125
0 0.49375 0.4125 0.05546875 0.18984375
0 0.4328125 0.39375 0.05546875 0.1171875
0 0.3578125 0.41484375 0.05390625 0.1953125
0 0.6359375 0.4359375 0.05546875 0.22265625
0 0.6703125 0.51484375 0.059375 0.2203125
0 0.790625 0.4484375 0.04453125 0.2171875
0 0.70703125 0.37109375 0.034375 0.1875
0 0.740625 0.40234375 0.0359375 0.1953125
0 0.7609375 0.40625 0.0328125 0.1921875
0 0.60625 0.3265625 0.02265625 0.14765625
0 0.55234375 0.3078125 0.0359375 0.1546875
0 0.509375 0.2921875 0.04453125 0.16484375
0 0.58828125 0.3328125 0.0296875 0.1203125
0 0.45625 0.2703125 0.0375 0.0796875
0 0.39921875 0.32890625 0.0375 0.17734375
0 0.42265625 0.32109375 0.0328125 0.1625
0 0.303125 0.34609375 0.04921875 0.17734375
0 0.28046875 0.5265625 0.04609375 0.2421875
0 0.4234375 0.69609375 0.0609375 0.14765625
0 0.7328125 0.92734375 0.065625 0.13984375
0 0.88984375 0.90625 0.02265625 0.0328125
0 0.9171875 0.86875 0.0609375 0.0921875
0 0.7890625 0.7859375 0.0609375 0.1328125
0 0.203125 0.7421875 0.0296875 0.11015625
0 0.246875 0.6859375 0.05078125 0.1421875
0 0.18046875 0.67109375 0.071875 0.1421875
0 0.19453125 0.74765625 0.0609375 0.16484375
0 0.34921875 0.33984375 0.0296875 0.0953125
0 0.46484375 0.0921875 0.02109375 0.0953125
0 0.4390625 0.0671875 0.02265625 0.06484375
0 0.44921875 0.1578125 0.0328125 0.06015625
0 0.76015625 0.86015625 0.0375 0.06484375
0 0.6 0.84765625 0.06875 0.175
0 0.27578125 0.8890625 0.06875 0.2171875
0 0.303125 0.82734375 0.05234375 0.275
0 0.3328125 0.6875 0.0390625 0.075
0 0.3484375 0.77734375 0.04765625 0.21015625
0 0.490625 0.8171875 0.05390625 0.13984375
0 0.35234375 0.9359375 0.05234375 0.12265625
0 0.4125 0.7765625 0.05703125 0.1578125
0 0.66953125 0.1703125 0.03125 0.0796875
0 0.6296875 0.1734375 0.0296875 0.12265625
0 0.6515625 0.32890625 0.04453125 0.17265625
0 0.6921875 0.35859375 0.0296875 0.17734375
0 0.15703125 0.74375 0.05546875 0.1125
0 0.37265625 0.75859375 0.0375 0.0828125
0 0.4265625 0.8984375 0.128125 0.19765625
0 0.528125 0.8921875 0.05234375 0.21015625
0 0.63671875 0.91015625 0.16875 0.175
0 0.871875 0.81484375 0.11484375 0.36484375
0 0.878125 0.41640625 0.12265625 0.4375
0 0.52109375 0.1828125 0.11796875 0.2453125
0 0.6296875 0.2359375 0.0984375 0.12734375
0 0.2625 0.1625 0.2921875 0.325
0 0.4265625 0.1953125 0.0390625 0.1453125
0 0.14375 0.5375 0.28671875 0.4296875
0 0.234375 0.9 0.04609375 0.1953125