0 0.078125 0.64921875 0.15546875 0.29453125
0 0.12890625 0.634375 0.096875 0.2234375
0 0.13984375 0.55390625 0.02734375 0.02109375
0 0.2515625 0.64375 0.1515625 0.27421875
0 0.28515625 0.534375 0.0328125 0.034375
0 0.3734375 0.74609375 0.28046875 0.50546875
0 0.634375 0.73984375 0.3140625 0.51953125
0 0.71796875 0.5921875 0.1125 0.146875
0 0.83203125 0.69453125 0.17890625 0.32265625
0 0.88515625 0.546875 0.06484375 0.06015625
0 0.9203125 0.66875 0.13203125 0.29609375
0 0.95546875 0.70390625 0.0875 0.3390625
0 0.9609375 0.53125 0.05390625 0.03203125
0 0.48984375 0.49140625 0.02734375 0.028125
0 0.0109375 0.5265625 0.021875 0.04375
0 0.034375 0.50625 0.0265625 0.01796875
0 0.1 0.5203125 0.03671875 0.01796875
0 0.125 0.5171875 0.01875 0.01640625
0 0.14375 0.51796875 0.01875 0.0296875
0 0.17109375 0.51484375 0.01875 0.01796875
0 0.19375 0.51875 0.02890625 0.02734375
0 0.20234375 0.51796875 0.015625 0.02890625
0 0.2125 0.53203125 0.021875 0.0375
0 0.221875 0.53203125 0.0125 0.03125
0 0.21640625 0.50859375 0.01953125 0.0234375
0 0.23359375 0.5125 0.028125 0.02109375
0 0.2734375 0.5078125 0.01484375 0.01796875
0 0.2890625 0.51015625 0.02421875 0.021875
0 0.321875 0.5140625 0.02578125 0.02734375
0 0.3125 0.51484375 0.01875 0.015625
0 0.3296875 0.5234375 0.0171875 0.03984375
0 0.34375 0.5171875 0.02421875 0.0265625
0 0.35625 0.509375 0.01796875 0.01796875
0 0.3734375 0.50625 0.015625 0.0125
0 0.6265625 0.50390625 0.0109375 0.0109375
0 0.63671875 0.51171875 0.01484375 0.03125
0 0.646875 0.5125 0.015625 0.0296875
0 0.66484375 0.51171875 0.01796875 0.03203125
0 0.684375 0.509375 0.01875 0.028125
0 0.70390625 0.50859375 0.01171875 0.02109375
0 0.7125 0.50625 0.01171875 0.01171875
0 0.72109375 0.5125 0.01484375 0.0296875
0 0.73671875 0.51171875 0.02421875 0.03203125
0 0.75390625 0.51171875 0.0125 0.0140625
0 0.765625 0.5140625 0.0171875 0.02890625
0 0.7765625 0.5140625 0.0171875 0.028125
0 0.7890625 0.5125 0.01640625 0.0296875
0 0.80390625 0.5140625 0.01484375 0.02734375
0 0.82265625 0.5125 0.01953125 0.0296875
0 0.84609375 0.51484375 0.0203125 0.03046875
0 0.85078125 0.5109375 0.0171875 0.03046875
0 0.87109375 0.51328125 0.01484375 0.0296875
0 0.88125 0.50859375 0.021875 0.021875
0 0.8890625 0.50703125 0.009375 0.0203125
0 0.90546875 0.51015625 0.0171875 0.01796875
0 0.91484375 0.51171875 0.0125 0.021875
0 0.9265625 0.51015625 0.0140625 0.01640625
0 0.934375 0.5046875 0.01484375 0.015625
0 0.95078125 0.50859375 0.00859375 0.01796875
0 0.21015625 0.5046875 0.4203125 0.0375
0 0.9796875 0.51015625 0.0390625 0.0359375
0 0.78671875 0.50234375 0.353125 0.02109375