0 0.25859375 0.71015625 0.31171875 0.57734375
0 0.4546875 0.6609375 0.2203125 0.54140625
0 0.6578125 0.709375 0.39375 0.578125
0 0.85 0.51796875 0.0765625 0.12734375
0 0.940625 0.57890625 0.115625 0.2953125
0 0.934375 0.58671875 0.1296875 0.23203125
0 0.77109375 0.44453125 0.009375 0.02109375
0 0.91796875 0.45078125 0.00859375 0.01875
0 0.909375 0.4546875 0.0109375 0.01328125
0 0.91171875 0.43359375 0.00703125 0.01015625
0 0.65859375 0.45078125 0.0171875 0.0328125
0 0.61484375 0.4546875 0.0171875 0.03671875
0 0.62734375 0.4515625 0.01640625 0.025
0 0.5609375 0.4546875 0.025 0.0484375
0 0.54765625 0.44765625 0.01640625 0.02421875
0 0.5703125 0.45234375 0.01484375 0.0390625
0 0.58125 0.45 0.0171875 0.03671875
0 0.5890625 0.44765625 0.009375 0.02578125
0 0.51171875 0.46015625 0.040625 0.0296875
0 0.5015625 0.44296875 0.01171875 0.02421875
0 0.5234375 0.44140625 0.01171875 0.015625
0 0.5171875 0.43828125 0.01171875 0.01875
0 0.509375 0.4421875 0.01015625 0.02109375
0 0.359375 0.46484375 0.0234375 0.06484375
0 0.22734375 0.46640625 0.0296875 0.02421875
0 0.2046875 0.4453125 0.01484375 0.0265625
0 0.190625 0.42265625 0.009375 0.0140625
0 0.128125 0.4421875 0.01328125 0.028125
0 0.14375 0.44296875 0.0109375 0.009375
0 0.15703125 0.44375 0.01171875 0.01171875
0 0.178125 0.4453125 0.0140625 0.015625
0 0.19140625 0.4453125 0.0125 0.0203125
0 0.18125 0.4375 0.01328125 0.0203125
0 0.16484375 0.434375 0.009375 0.01875
0 0.1578125 0.4359375 0.01171875 0.0203125
0 0.04375 0.4421875 0.00859375 0.01171875
0 0.05546875 0.4453125 0.0109375 0.01796875
0 0.0625 0.44140625 0.00859375 0.009375
0 0.0703125 0.44453125 0.009375 0.01328125
0 0.0796875 0.44375 0.0125 0.01328125
0 0.02890625 0.4171875 0.0078125 0.01015625
0 0.215625 0.4234375 0.00703125 0.0125
0 0.79609375 0.4515625 0.0078125 0.0234375
0 0.49765625 0.43359375 0.009375 0.0125
0 0.3625 0.4296875 0.1046875 0.02421875
0 0.3734375 0.46953125 0.0171875 0.05078125
0 0.2203125 0.4234375 0.00546875 0.0078125
0 0.2421875 0.38359375 0.0921875 0.0078125
0 0.3484375 0.38515625 0.01328125 0.00625
0 0.40078125 0.384375 0.009375 0.00859375
0 0.4921875 0.3859375 0.08984375 0.009375
0 0.584375 0.3875 0.025 0.00703125
0 0.65625 0.3921875 0.0453125 0.0109375
0 0.7359375 0.3921875 0.04375 0.01015625
0 0.78828125 0.39453125 0.03984375 0.00703125
0 0.93359375 0.396875 0.01015625 0.00625
0 0.909375 0.86640625 0.18046875 0.26640625
0 0.38203125 0.93828125 0.2046875 0.09453125