0 0.4890625 0.38203125 0.0890625 0.23359375
0 0.53203125 0.3484375 0.08828125 0.24296875
0 0.63046875 0.3140625 0.08828125 0.1984375
0 0.6890625 0.334375 0.0984375 0.21328125
0 0.7625 0.440625 0.13515625 0.1859375
0 0.7765625 0.50546875 0.1546875 0.22109375
0 0.75 0.61484375 0.13046875 0.159375
0 0.71796875 0.69921875 0.19375 0.1953125
0 0.615625 0.759375 0.0953125 0.15703125
0 0.54375 0.7125 0.12734375 0.1890625
0 0.4578125 0.60703125 0.1265625 0.1453125
0 0.46328125 0.50078125 0.1625 0.12421875