0 0.69140625 0.7484375 0.015625 0.02265625
0 0.6734375 0.73515625 0.0125 0.01796875
0 0.64140625 0.72734375 0.01875 0.025
0 0.6640625 0.75234375 0.0109375 0.01171875
0 0.578125 0.74453125 0.01875 0.02890625
0 0.59140625 0.7203125 0.009375 0.021875
0 0.59296875 0.7203125 0.0125 0.02421875
0 0.55625 0.72578125 0.0078125 0.03671875
0 0.5421875 0.7421875 0.009375 0.03203125
0 0.5109375 0.74609375 0.0109375 0.02421875
0 0.5046875 0.72578125 0.0109375 0.0234375
0 0.4953125 0.74296875 0.01015625 0.028125
0 0.0234375 0.73671875 0.0078125 0.0171875
0 0.03515625 0.740625 0.00859375 0.0234375
0 0.06484375 0.74375 0.0125 0.01953125
0 0.08515625 0.74453125 0.0078125 0.0171875
0 0.12578125 0.73828125 0.0078125 0.01875
0 0.1296875 0.74140625 0.009375 0.01640625
0 0.15390625 0.73984375 0.01875 0.0203125
0 0.14375 0.7390625 0.009375 0.01875
0 0.2109375 0.74296875 0.009375 0.0203125
0 0.26640625 0.74296875 0.00625 0.01875
0 0.27109375 0.7421875 0.0078125 0.021875
0 0.3203125 0.7453125 0.009375 0.0171875
0 0.37109375 0.7484375 0.0109375 0.03515625
0 0.375 0.753125 0.021875 0.0453125
0 0.415625 0.73828125 0.0078125 0.0328125
0 0.421875 0.73515625 0.00546875 0.01328125
0 0.4234375 0.74765625 0.0109375 0.0171875
0 0.42890625 0.74765625 0.01015625 0.01875
0 0.4515625 0.7421875 0.0078125 0.02734375
0 0.4734375 0.74375 0.0125 0.02421875
0 0.4640625 0.728125 0.0078125 0.03125
0 0.4703125 0.7296875 0.00859375 0.02734375
0 0.471875 0.71953125 0.0078125 0.02578125
0 0.47265625 0.73359375 0.0125 0.02734375
0 0.47890625 0.73125 0.0109375 0.02421875
0 0.4859375 0.7234375 0.009375 0.025
0 0.490625 0.71640625 0.00625 0.01953125
0 0.48828125 0.73359375 0.0078125 0.02421875
0 0.48671875 0.7390625 0.0046875 0.02421875
0 0.590625 0.37109375 0.2984375 0.1328125
0 0.01796875 0.74375 0.009375 0.0109375
0 0.16875 0.73671875 0.0109375 0.0140625
0 0.134375 0.74375 0.0046875 0.0078125
0 0.121875 0.74375 0.00234375 0.01015625
0 0.5375 0.721875 0.0125 0.01640625
0 0.58359375 0.7203125 0.0078125 0.02109375
0 0.13984375 0.7375 0.00625 0.0125