0 0.8921875 0.875 0.059375 0.0796875
0 0.92421875 0.8875 0.0765625 0.128125
0 0.90234375 0.86640625 0.03203125 0.09609375
0 0.83515625 0.90625 0.08359375 0.18515625
0 0.73359375 0.89609375 0.046875 0.1890625
0 0.7734375 0.8984375 0.06796875 0.20078125
0 0.64140625 0.9015625 0.12578125 0.19453125
0 0.640625 0.88125 0.17109375 0.23515625
0 0.484375 0.90546875 0.11484375 0.18671875
0 0.53046875 0.90625 0.06484375 0.18515625
0 0.4765625 0.82421875 0.06875 0.1078125
0 0.40078125 0.896875 0.06796875 0.20390625
0 0.20078125 0.88046875 0.1140625 0.2359375
0 0.03125 0.9015625 0.0625 0.19375
0 0.0484375 0.8734375 0.0390625 0.14765625
0 0.30546875 0.9078125 0.059375 0.18203125
0 0.3375 0.92890625 0.02734375 0.140625
0 0.2609375 0.89609375 0.0453125 0.15859375
0 0.27265625 0.83671875 0.04375 0.1125
0 0.36484375 0.9015625 0.03515625 0.1890625
0 0.36796875 0.89921875 0.04375 0.19921875
0 0.3375 0.8328125 0.03671875 0.11015625
0 0.44140625 0.89375 0.03046875 0.18671875
0 0.528125 0.83359375 0.04375 0.084375
0 0.59375 0.85703125 0.0484375 0.11953125
0 0.56328125 0.88046875 0.0359375 0.16484375
0 0.98125 0.91015625 0.0359375 0.1765625
0 0.6796875 0.83046875 0.0328125 0.0484375
0 0.0359375 0.80078125 0.071875 0.08125
0 0.16015625 0.8125 0.0625 0.0953125
0 0.24296875 0.8125 0.034375 0.07109375
0 0.4125 0.8390625 0.225 0.1