0 0.16875 0.71796875 0.03125 0.09765625
0 0.23046875 0.740625 0.03984375 0.1578125
0 0.26328125 0.69140625 0.01171875 0.02265625
0 0.27421875 0.721875 0.02109375 0.09296875
0 0.30546875 0.7640625 0.05234375 0.228125
0 0.33984375 0.7296875 0.03046875 0.12421875
0 0.3515625 0.67421875 0.01484375 0.02109375
0 0.3703125 0.67265625 0.0125 0.01796875
0 0.43046875 0.79140625 0.05390625 0.1828125
0 0.40703125 0.73359375 0.03359375 0.125
0 0.428125 0.67265625 0.01875 0.05703125
0 0.44375 0.6734375 0.02421875 0.05546875
0 0.43046875 0.78828125 0.04375 0.18203125
0 0.478125 0.77421875 0.07265625 0.20390625
0 0.48828125 0.66640625 0.02265625 0.0578125
0 0.5265625 0.70390625 0.01796875 0.12578125
0 0.54765625 0.70859375 0.03203125 0.1328125
0 0.56171875 0.725 0.0359375 0.08984375
0 0.6921875 0.69921875 0.0296875 0.10625
0 0.81171875 0.7125 0.03359375 0.12734375
0 0.84609375 0.72890625 0.02890625 0.10234375
0 0.834375 0.690625 0.02109375 0.03203125
0 0.86328125 0.74140625 0.0140625 0.0796875
0 0.88203125 0.73203125 0.01875 0.09375
0 0.89375 0.72109375 0.015625 0.03125
0 0.90703125 0.73515625 0.0171875 0.071875
0 0.92265625 0.7296875 0.02890625 0.11796875
0 0.94921875 0.7359375 0.028125 0.11171875
0 0.98203125 0.7484375 0.03515625 0.1765625
0 0.6453125 0.43203125 0.046875 0.17421875
0 0.02578125 0.72265625 0.0515625 0.10078125
0 0.14453125 0.71171875 0.0265625 0.0375
0 0.246875 0.72265625 0.0234375 0.1078125
0 0.34375 0.78515625 0.015625 0.021875
0 0.39140625 0.7234375 0.01796875 0.09765625
0 0.4140625 0.68203125 0.01796875 0.04375
0 0.4515625 0.66484375 0.0109375 0.01796875
0 0.571875 0.72265625 0.025 0.08984375
0 0.50703125 0.70390625 0.025 0.115625
0 0.7609375 0.70703125 0.071875 0.125
0 0.09375 0.73359375 0.0359375 0.08046875