0 0.04375 0.6671875 0.01640625 0.0484375
0 0.075 0.665625 0.01640625 0.04296875
0 0.0921875 0.671875 0.0109375 0.02890625
0 0.0859375 0.6703125 0.009375 0.02890625
0 0.109375 0.6640625 0.01171875 0.04140625
0 0.1109375 0.6609375 0.01171875 0.04453125
0 0.1296875 0.65859375 0.01328125 0.04453125
0 0.134375 0.65703125 0.01015625 0.046875
0 0.140625 0.65625 0.0109375 0.0515625
0 0.1515625 0.65390625 0.01484375 0.05
0 0.16484375 0.65390625 0.0125 0.05
0 0.1640625 0.65390625 0.0125 0.05
0 0.18125 0.65234375 0.0140625 0.04296875
0 0.1859375 0.653125 0.01484375 0.04140625
0 0.221875 0.64609375 0.01015625 0.046875
0 0.2828125 0.64140625 0.009375 0.04140625
0 0.409375 0.62578125 0.00703125 0.0234375
0 0.41328125 0.62734375 0.00625 0.0265625
0 0.37734375 0.628125 0.00625 0.01640625
0 0.3828125 0.63046875 0.00703125 0.025
0 0.540625 0.628125 0.00546875 0.025
0 0.54609375 0.628125 0.00625 0.025
0 0.5484375 0.628125 0.0078125 0.028125
0 0.55 0.62734375 0.00625 0.0265625
0 0.5546875 0.61796875 0.00546875 0.01953125
0 0.5640625 0.62265625 0.00546875 0.02890625
0 0.56875 0.62421875 0.00546875 0.0234375
0 0.56953125 0.615625 0.00625 0.01640625
0 0.5796875 0.6234375 0.00703125 0.021875
0 0.58203125 0.62734375 0.00625 0.03203125
0 0.584375 0.62421875 0.00625 0.03203125
0 0.5890625 0.6171875 0.0078125 0.0125
0 0.6046875 0.61484375 0.00546875 0.015625
0 0.61171875 0.596875 0.00625 0.02109375
0 0.625 0.60390625 0.00859375 0.025
0 0.6859375 0.58515625 0.00703125 0.01796875
0 0.684375 0.5796875 0.00703125 0.02109375
0 0.6953125 0.57578125 0.00703125 0.0265625
0 0.71484375 0.57109375 0.00625 0.01953125
0 0.72109375 0.57109375 0.00625 0.021875
0 0.72578125 0.57109375 0.00625 0.01953125
0 0.75 0.56875 0.0078125 0.0234375
0 0.75625 0.5703125 0.0078125 0.02109375
0 0.77734375 0.5671875 0.009375 0.034375
0 0.7765625 0.56953125 0.00703125 0.03046875
0 0.8765625 0.56328125 0.00859375 0.02890625
0 0.8921875 0.5609375 0.00859375 0.03359375
0 0.4609375 0.61328125 0.00859375 0.034375
0 0.4671875 0.61328125 0.00859375 0.034375
0 0.24609375 0.63203125 0.021875 0.028125
0 0.21328125 0.5703125 0.0109375 0.0265625
0 0.38046875 0.62421875 0.0484375 0.02890625
0 0.4703125 0.62734375 0.10859375 0.0375
0 0.58828125 0.58046875 0.1078125 0.028125
0 0.596875 0.615625 0.01171875 0.01640625
0 0.6078125 0.609375 0.00703125 0.021875
0 0.6375 0.603125 0.01328125 0.01953125
0 0.66796875 0.58125 0.0203125 0.04296875
0 0.6890625 0.57578125 0.00703125 0.0234375
0 0.7046875 0.57578125 0.01171875 0.02109375
0 0.79375 0.5703125 0.01640625 0.01796875
0 0.8375 0.565625 0.01015625 0.0265625
0 0.8125 0.56875 0.015625 0.0265625
0 0.85703125 0.565625 0.028125 0.0234375
0 0.9765625 0.53359375 0.0453125 0.028125
0 0.38046875 0.1546875 0.0203125 0.05390625
0 0.5203125 0.5875 0.03125 0.01953125