0 0.11328125 0.596875 0.009375 0.021875
0 0.12890625 0.6015625 0.00546875 0.0203125
0 0.13984375 0.6 0.00703125 0.0203125
0 0.14765625 0.6 0.00625 0.0203125
0 0.1578125 0.596875 0.00546875 0.0140625
0 0.19140625 0.59765625 0.00625 0.01796875
0 0.225 0.60078125 0.0046875 0.01640625
0 0.23125 0.59921875 0.00546875 0.01796875
0 0.2140625 0.53984375 0.00625 0.01796875
0 0.3078125 0.5390625 0.00625 0.0109375
0 0.38671875 0.53828125 0.0046875 0.0140625
0 0.39140625 0.5390625 0.0046875 0.01328125
0 0.42109375 0.53984375 0.00546875 0.0140625
0 0.57109375 0.53515625 0.00625 0.01328125
0 0.584375 0.53984375 0.00546875 0.01171875
0 0.5890625 0.5390625 0.00546875 0.0109375
0 0.659375 0.53984375 0.00546875 0.0140625
0 0.665625 0.5390625 0.00546875 0.015625
0 0.671875 0.53828125 0.00546875 0.0140625
0 0.678125 0.540625 0.00546875 0.01171875
0 0.68984375 0.53828125 0.00625 0.01171875
0 0.69609375 0.53984375 0.00703125 0.009375
0 0.77734375 0.540625 0.00546875 0.0140625
0 0.77109375 0.53984375 0.00625 0.01328125
0 0.70234375 0.53984375 0.0046875 0.01171875
0 0.7984375 0.53984375 0.00546875 0.009375
0 0.346875 0.59921875 0.00625 0.01796875
0 0.35390625 0.59921875 0.00546875 0.01640625
0 0.365625 0.59765625 0.009375 0.0203125
0 0.40625 0.59375 0.00546875 0.0109375
0 0.43828125 0.596875 0.00546875 0.01953125
0 0.540625 0.61484375 0.00703125 0.0265625
0 0.35234375 0.6265625 0.01171875 0.0421875
0 0.35859375 0.6125 0.0078125 0.021875
0 0.38203125 0.6140625 0.009375 0.021875
0 0.3875 0.625 0.01015625 0.05390625
0 0.4515625 0.61953125 0.009375 0.03515625
0 0.45625 0.61796875 0.009375 0.03515625
0 0.30625 0.728125 0.0921875 0.3
0 0.47890625 0.734375 0.06796875 0.29609375
0 0.365625 0.684375 0.04453125 0.1796875
0 0.41796875 0.728125 0.084375 0.3609375
0 0.62421875 0.625 0.01171875 0.0140625
0 0.64453125 0.59765625 0.00703125 0.025
0 0.66875 0.61796875 0.009375 0.02734375
0 0.68671875 0.61484375 0.01015625 0.0265625
0 0.71171875 0.59765625 0.00703125 0.0203125
0 0.72109375 0.6171875 0.00703125 0.03203125
0 0.73515625 0.6171875 0.009375 0.0359375
0 0.7875 0.6203125 0.0125 0.03984375
0 0.8453125 0.5953125 0.00625 0.015625
0 0.84921875 0.61875 0.0171875 0.05
0 0.8875 0.62265625 0.0125 0.05
0 0.8921875 0.6234375 0.0171875 0.04765625
0 0.90703125 0.62265625 0.01328125 0.0515625
0 0.94140625 0.6265625 0.01328125 0.05390625
0 0.94375 0.6234375 0.0234375 0.05546875
0 0.965625 0.6234375 0.02109375 0.06015625
0 0.9859375 0.628125 0.0265625 0.0625
0 0.065625 0.596875 0.06875 0.0140625
0 0.32890625 0.5375 0.021875 0.01171875
0 0.41171875 0.53671875 0.01171875 0.01328125
0 0.5234375 0.53515625 0.0484375 0.01328125
0 0.5546875 0.5375 0.009375 0.00703125
0 0.634375 0.53828125 0.021875 0.01171875
0 0.60703125 0.6140625 0.021875 0.0265625
0 0.434375 0.53203125 0.00078125 0.0015625
0 0.43671875 0.53359375 0.00546875 0.0046875
0 0.42734375 0.5375 0.00234375 0.00859375
0 0.72734375 0.53984375 0.01484375 0.00703125
0 0.7671875 0.5390625 0.00390625 0.00859375
0 0.70859375 0.61484375 0.01015625 0.03125
0 0.1859375 0.83125 0.17734375 0.09140625