0 0.709375 0.86953125 0.0671875 0.25625
0 0.70546875 0.71015625 0.028125 0.0984375
0 0.81953125 0.6875 0.0140625 0.04375
0 0.640625 0.7 0.03203125 0.09609375
0 0.6125 0.72890625 0.028125 0.12578125
0 0.628125 0.70703125 0.015625 0.06875
0 0.565625 0.759375 0.03984375 0.21953125
0 0.53203125 0.790625 0.05 0.24921875
0 0.50234375 0.82265625 0.0375 0.1671875
0 0.47421875 0.77421875 0.06015625 0.26796875
0 0.496875 0.71171875 0.0359375 0.1234375
0 0.44375 0.74453125 0.01640625 0.1078125
0 0.434375 0.7046875 0.01171875 0.02734375
0 0.4078125 0.72734375 0.0359375 0.16484375
0 0.36171875 0.74921875 0.03359375 0.1625
0 0.38125 0.74375 0.0125 0.08203125
0 0.34609375 0.7234375 0.0125 0.06875
0 0.334375 0.7234375 0.0125 0.0734375
0 0.32109375 0.70625 0.0140625 0.0296875
0 0.3046875 0.74375 0.0296875 0.128125
0 0.27578125 0.7390625 0.03203125 0.1375
0 0.03203125 0.73359375 0.03125 0.14453125
0 0.00625 0.75390625 0.0125 0.1953125
0 0.0140625 0.71640625 0.01796875 0.128125
0 0.38203125 0.70234375 0.0203125 0.04609375
0 0.11640625 0.7578125 0.11484375 0.23828125
0 0.659375 0.80546875 0.10390625 0.384375
0 0.4578125 0.675 0.02578125 0.059375
0 0.53828125 0.67734375 0.0421875 0.06875
0 0.50546875 0.68046875 0.02421875 0.04375
0 0.015625 0.72421875 0.0125 0.11640625
0 0.5453125 0.81328125 0.03125 0.084375