0 0.02109375 0.90546875 0.0421875 0.1859375
0 0.0671875 0.915625 0.04921875 0.165625
0 0.11328125 0.92890625 0.0453125 0.1390625
0 0.09921875 0.8625 0.0171875 0.13125
0 0.17734375 0.85078125 0.01875 0.0953125
0 0.16171875 0.83984375 0.01875 0.0609375
0 0.15546875 0.9125 0.034375 0.171875
0 0.1640625 0.934375 0.03671875 0.128125
0 0.221875 0.915625 0.0421875 0.165625
0 0.2640625 0.8984375 0.02265625 0.19375
0 0.31015625 0.91484375 0.03203125 0.1671875
0 0.3203125 0.86015625 0.01171875 0.0578125
0 0.2875 0.89765625 0.01875 0.0890625
0 0.3375 0.9171875 0.0234375 0.1625
0 0.3453125 0.8546875 0.01171875 0.0625
0 0.35546875 0.88046875 0.01328125 0.1109375
0 0.37421875 0.90859375 0.0359375 0.1796875
0 0.4078125 0.8734375 0.01640625 0.121875
0 0.44296875 0.865625 0.025 0.184375
0 0.4625 0.903125 0.02734375 0.190625
0 0.484375 0.9078125 0.02421875 0.18125
0 0.509375 0.921875 0.021875 0.153125
0 0.52890625 0.91875 0.0515625 0.159375
0 0.54921875 0.85625 0.0203125 0.059375
0 0.55703125 0.91953125 0.02265625 0.1578125
0 0.57734375 0.91484375 0.04453125 0.1671875
0 0.59921875 0.80625 0.021875 0.1125
0 0.61328125 0.9265625 0.034375 0.14375
0 0.6296875 0.8203125 0.01796875 0.09375
0 0.63359375 0.76953125 0.0203125 0.0953125
0 0.634375 0.9078125 0.02109375 0.146875
0 0.675 0.77890625 0.02734375 0.0828125
0 0.6734375 0.81875 0.0171875 0.103125
0 0.65 0.909375 0.03671875 0.178125
0 0.6859375 0.9375 0.06015625 0.121875
0 0.67734375 0.88203125 0.03671875 0.1359375
0 0.7015625 0.871875 0.01875 0.165625
0 0.71171875 0.79609375 0.01171875 0.0453125
0 0.7140625 0.8640625 0.01015625 0.153125
0 0.72109375 0.840625 0.01171875 0.075
0 0.734375 0.903125 0.03984375 0.190625
0 0.76484375 0.925 0.0328125 0.146875
0 0.78515625 0.8578125 0.0203125 0.11875
0 0.79375 0.9546875 0.0484375 0.0875
0 0.8 0.84453125 0.01640625 0.0828125
0 0.815625 0.884375 0.01875 0.171875
0 0.82734375 0.8984375 0.02734375 0.175
0 0.8828125 0.9125 0.02890625 0.171875
0 0.88515625 0.834375 0.02734375 0.159375
0 0.9125 0.81484375 0.021875 0.1171875
0 0.9109375 0.8984375 0.0375 0.134375
0 0.92265625 0.95 0.046875 0.096875
0 0.9421875 0.92109375 0.0328125 0.1546875
0 0.965625 0.82109375 0.03046875 0.1765625
0 0.98984375 0.840625 0.01953125 0.1875
0 0.08125 0.8453125 0.01953125 0.075
0 0.1359375 0.83671875 0.028125 0.0859375
0 0.290625 0.87578125 0.009375 0.0359375
0 0.28046875 0.853125 0.00390625 0.040625
0 0.18515625 0.8296875 0.0078125 0.075
0 0.20859375 0.85703125 0.01875 0.0609375
0 0.2421875 0.84140625 0.02890625 0.0265625
0 0.24453125 0.87109375 0.02109375 0.0328125
0 0.33359375 0.859375 0.00703125 0.028125
0 0.3734375 0.828125 0.015625 0.05625
0 0.55859375 0.98125 0.009375 0.034375
0 0.58515625 0.85234375 0.0109375 0.0546875
0 0.60234375 0.8734375 0.00859375 0.0625
0 0.6171875 0.8375 0.0109375 0.078125
0 0.62734375 0.86484375 0.009375 0.0296875
0 0.6359375 0.82734375 0.009375 0.0171875
0 0.64375 0.859375 0.0046875 0.0625
0 0.6484375 0.81875 0.0125 0.01875
0 0.6578125 0.79453125 0.0078125 0.0671875
0 0.68671875 0.8609375 0.01640625 0.046875
0 0.7078125 0.840625 0.00625 0.05
0 0.73046875 0.803125 0.009375 0.01875
0 0.75859375 0.8265625 0.04453125 0.071875
0 0.75390625 0.88046875 0.01171875 0.0359375
0 0.7765625 0.88515625 0.00546875 0.0453125
0 0.7890625 0.8078125 0.01328125 0.04375
0 0.80625 0.83046875 0.0046875 0.0515625
0 0.81171875 0.81640625 0.00625 0.0265625
0 0.82421875 0.796875 0.0203125 0.015625
0 0.85546875 0.8953125 0.0328125 0.20625
0 0.83515625 0.87109375 0.0078125 0.1296875
0 0.82890625 0.86015625 0.00390625 0.0203125
0 0.9 0.79375 0.01328125 0.046875
0 0.93203125 0.80703125 0.021875 0.0703125
0 0.92734375 0.86328125 0.01171875 0.0421875
0 0.9828125 0.8921875 0.0109375 0.1
0 0.94921875 0.8515625 0.01328125 0.109375
0 0.8015625 0.8015625 0.0078125 0.0125
0 0.515625 0.50390625 0.03046875 0.2453125
0 0.0015625 0.8703125 0.00234375 0.065625
0 0.41875 0.8375 0.009375 0.028125