0 0.928125 0.909375 0.04296875 0.1234375
0 0.97890625 0.86171875 0.01796875 0.05546875
0 0.95078125 0.85546875 0.02421875 0.0609375
0 0.9046875 0.84765625 0.01328125 0.05234375
0 0.91015625 0.84296875 0.00703125 0.0359375
0 0.9171875 0.8328125 0.00859375 0.02734375
0 0.9328125 0.83515625 0.01171875 0.04296875
0 0.92578125 0.83125 0.00859375 0.0390625
0 0.9796875 0.8265625 0.00703125 0.03046875
0 0.9890625 0.828125 0.0078125 0.028125
0 0.98515625 0.8265625 0.01015625 0.0296875
0 0.96953125 0.8265625 0.009375 0.0296875
0 0.99453125 0.82578125 0.0078125 0.03046875
0 0.9546875 0.82734375 0.0078125 0.0265625
0 0.89296875 0.828125 0.00859375 0.03359375
0 0.9 0.8234375 0.00625 0.02109375
0 0.91171875 0.81953125 0.0078125 0.015625
0 0.9171875 0.81640625 0.00546875 0.01015625
0 0.9375 0.8265625 0.00625 0.03125
0 0.94140625 0.828125 0.00625 0.03125
0 0.94453125 0.81328125 0.00546875 0.01015625
0 0.96484375 0.82578125 0.00703125 0.0328125
0 0.86640625 0.8484375 0.01640625 0.05078125
0 0.85625 0.85 0.01484375 0.04921875
0 0.85625 0.82734375 0.00859375 0.02578125
0 0.86171875 0.821875 0.00703125 0.015625
0 0.853125 0.82265625 0.00546875 0.02890625
0 0.83359375 0.825 0.0078125 0.028125
0 0.83046875 0.83203125 0.0109375 0.034375
0 0.8203125 0.8328125 0.01171875 0.03203125
0 0.81328125 0.840625 0.009375 0.0359375
0 0.79375 0.85390625 0.01484375 0.046875
0 0.79296875 0.8484375 0.0109375 0.04375
0 0.79765625 0.83515625 0.0078125 0.0203125
0 0.8015625 0.83984375 0.00546875 0.04375
0 0.79921875 0.8484375 0.01015625 0.0421875
0 0.78046875 0.84140625 0.0109375 0.03828125
0 0.78515625 0.84140625 0.009375 0.0359375
0 0.775 0.8359375 0.0078125 0.03828125
0 0.7828125 0.821875 0.00546875 0.01171875
0 0.78828125 0.821875 0.00546875 0.01484375
0 0.76328125 0.8546875 0.0109375 0.0421875
0 0.75078125 0.85546875 0.0125 0.040625
0 0.7421875 0.840625 0.009375 0.0171875
0 0.734375 0.840625 0.00703125 0.01484375
0 0.76796875 0.834375 0.01015625 0.03828125
0 0.76015625 0.8359375 0.00859375 0.034375
0 0.71015625 0.83515625 0.01015625 0.0359375
0 0.70234375 0.84609375 0.00859375 0.04140625
0 0.70625 0.8375 0.00546875 0.03125
0 0.69453125 0.846875 0.00703125 0.0390625
0 0.68984375 0.8515625 0.00859375 0.04375
0 0.68203125 0.85390625 0.01328125 0.03984375
0 0.6515625 0.84375 0.01015625 0.0359375
0 0.64765625 0.8359375 0.00625 0.03203125
0 0.63984375 0.8421875 0.01015625 0.03359375
0 0.63203125 0.8625 0.0125 0.02421875
0 0.6328125 0.8421875 0.00546875 0.03125
0 0.6390625 0.83671875 0.0078125 0.02890625
0 0.628125 0.840625 0.00859375 0.034375
0 0.62109375 0.828125 0.00546875 0.02265625
0 0.62265625 0.84296875 0.00703125 0.01796875
0 0.61328125 0.84375 0.01015625 0.01875
0 0.60078125 0.83046875 0.0046875 0.028125
0 0.596875 0.83046875 0.00390625 0.028125
0 0.5953125 0.83203125 0.0046875 0.0265625
0 0.590625 0.83125 0.0078125 0.02734375
0 0.59296875 0.8296875 0.0046875 0.02734375
0 0.57578125 0.84921875 0.01171875 0.03125
0 0.58125 0.8234375 0.00625 0.01328125
0 0.57734375 0.8265625 0.00546875 0.0234375
0 0.58359375 0.83125 0.003125 0.0265625
0 0.565625 0.8515625 0.0109375 0.03671875
0 0.56875 0.8234375 0.00546875 0.01484375
0 0.56015625 0.82578125 0.00703125 0.01953125
0 0.56171875 0.8296875 0.00546875 0.0125
0 0.553125 0.83046875 0.00625 0.01875
0 0.55 0.83203125 0.0078125 0.021875
0 0.53984375 0.8328125 0.00546875 0.0109375
0 0.534375 0.83203125 0.00859375 0.01328125
0 0.52890625 0.828125 0.00390625 0.0078125
0 0.553125 0.83046875 0.00625 0.01953125
0 0.49140625 0.8359375 0.00546875 0.0203125
0 0.46796875 0.83359375 0.00859375 0.0296875
0 0.453125 0.8328125 0.01015625 0.02421875
0 0.440625 0.8234375 0.00546875 0.0109375
0 0.446875 0.81953125 0.003125 0.003125
0 0.4296875 0.84453125 0.01015625 0.03828125
0 0.409375 0.8484375 0.01171875 0.034375
0 0.4 0.84765625 0.01171875 0.03359375
0 0.3703125 0.84453125 0.01484375 0.0375
0 0.37265625 0.83984375 0.01015625 0.034375
0 0.375 0.821875 0.0078125 0.0171875
0 0.36953125 0.821875 0.00703125 0.01328125
0 0.29765625 0.82265625 0.00703125 0.01328125
0 0.2703125 0.82421875 0.0078125 0.015625
0 0.25390625 0.83359375 0.01015625 0.0375
0 0.2453125 0.83125 0.0078125 0.03125
0 0.20546875 0.8265625 0.00703125 0.02578125
0 0.17734375 0.828125 0.0078125 0.03125
0 0.17109375 0.825 0.01171875 0.0234375
0 0.15703125 0.82578125 0.00859375 0.028125
0 0.16171875 0.82578125 0.00546875 0.028125
0 0.14765625 0.8265625 0.009375 0.03046875
0 0.15078125 0.8234375 0.00546875 0.0234375
0 0.14453125 0.81796875 0.00390625 0.0125
0 0.140625 0.8203125 0.00625 0.0203125
0 0.1375 0.82421875 0.00546875 0.02890625
0 0.13046875 0.8296875 0.01171875 0.034375
0 0.11640625 0.834375 0.01015625 0.02109375
0 0.12265625 0.82421875 0.00546875 0.02578125
0 0.12890625 0.81796875 0.00703125 0.01640625
0 0.134375 0.81796875 0.00546875 0.01640625
0 0.11640625 0.81796875 0.00546875 0.0171875
0 0.1078125 0.82421875 0.009375 0.03515625
0 0.11328125 0.81640625 0.0046875 0.0140625
0 0.1046875 0.8140625 0.00546875 0.0109375
0 0.09765625 0.821875 0.0078125 0.03125
0 0.09453125 0.82265625 0.00546875 0.02734375
0 0.08984375 0.821875 0.00859375 0.03203125
0 0.084375 0.82109375 0.0046875 0.03046875
0 0.08203125 0.825 0.00703125 0.025
0 0.071875 0.82421875 0.01015625 0.03203125
0 0.0640625 0.8203125 0.0078125 0.03359375
0 0.06015625 0.8203125 0.00859375 0.0328125
0 0.0515625 0.81953125 0.00703125 0.0328125
0 0.05625 0.81015625 0.00546875 0.0109375
0 0.03984375 0.82421875 0.01015625 0.03125
0 0.03125 0.81328125 0.0078125 0.015625
0 0.0171875 0.821875 0.0125 0.0296875
0 0.01875 0.81171875 0.0078125 0.0203125
0 0.02109375 0.8203125 0.0078125 0.03046875
0 0.00859375 0.81875 0.00703125 0.02265625
0 0.01328125 0.8140625 0.0046875 0.0125
0 0.003125 0.8203125 0.00625 0.03125
0 0.0046875 0.8109375 0.00390625 0.0171875
0 0.18359375 0.82109375 0.00703125 0.02109375
0 0.4296875 0.81953125 0.0109375 0.01015625
0 0.40625 0.821875 0.00859375 0.0109375
0 0.38359375 0.82578125 0.009375 0.01953125
0 0.26640625 0.81640625 0.028125 0.0109375
0 0.225 0.81640625 0.028125 0.0171875
0 0.1671875 0.8109375 0.02265625 0.009375
0 0.9859375 0.8109375 0.02734375 0.01640625
0 0.69453125 0.6578125 0.02265625 0.025
0 0.52109375 0.65078125 0.0109375 0.01796875
0 0.28203125 0.65390625 0.0453125 0.03125
0 0.33515625 0.6578125 0.01328125 0.02109375
0 0.21484375 0.65078125 0.01796875 0.0125
0 0.16796875 0.65390625 0.06015625 0.03203125
0 0.22890625 0.83984375 0.01328125 0.01015625
0 0.9625 0.7921875 0.0078125 0.0140625