0 0.95546875 0.6109375 0.0875 0.66328125
0 0.86875 0.68359375 0.1546875 0.5359375
0 0.67109375 0.73984375 0.153125 0.51796875
0 0.525 0.72890625 0.16015625 0.53984375
0 0.42578125 0.821875 0.078125 0.3546875
0 0.4625 0.8921875 0.040625 0.21328125
0 0.59296875 0.84296875 0.0546875 0.29921875
0 0.7359375 0.80234375 0.1015625 0.221875
0 0.80703125 0.78515625 0.065625 0.228125
0 0.3109375 0.79921875 0.09375 0.39921875
0 0.26796875 0.8328125 0.059375 0.33203125
0 0.1328125 0.825 0.103125 0.34765625
0 0.2140625 0.909375 0.059375 0.17890625
0 0.259375 0.95078125 0.02109375 0.0953125
0 0.36015625 0.94296875 0.02109375 0.1125
0 0.6 0.82734375 0.08125 0.2875
0 0.83984375 0.78046875 0.0515625 0.2140625
0 0.390625 0.915625 0.03671875 0.16640625
0 0.04921875 0.959375 0.0984375 0.07890625
0 0.18203125 0.9375 0.03203125 0.121875
0 0.4875 0.9296875 0.034375 0.1375
0 0.7265625 0.8203125 0.025 0.1796875
0 0.83359375 0.8453125 0.01171875 0.07109375
0 0.37421875 0.9484375 0.025 0.10078125
0 0.40859375 0.9375 0.0328125 0.1234375
0 0.621875 0.88046875 0.03671875 0.17421875