0 0.7015625 0.69609375 0.10546875 0.23671875
0 0.63828125 0.68984375 0.07578125 0.22578125
0 0.61171875 0.68203125 0.090625 0.20859375
0 0.55234375 0.70703125 0.1046875 0.2109375
0 0.521875 0.69296875 0.03671875 0.2046875
0 0.48203125 0.696875 0.08359375 0.22890625
0 0.51328125 0.59453125 0.0671875 0.05859375
0 0.4578125 0.59453125 0.05625 0.05625
0 0.42109375 0.696875 0.10703125 0.2390625
0 0.371875 0.69609375 0.08203125 0.2171875
0 0.33984375 0.70703125 0.0921875 0.2234375
0 0.30234375 0.68828125 0.0546875 0.2328125
0 0.240625 0.71328125 0.1046875 0.225
0 0.21171875 0.69296875 0.08984375 0.23203125
0 0.22109375 0.49765625 0.0234375 0.028125
0 0.50078125 0.77109375 0.01484375 0.02109375