0 0.10703125 0.9234375 0.0421875 0.07578125
0 0.01328125 0.85078125 0.00859375 0.01953125
0 0.01640625 0.87109375 0.01875 0.06015625
0 0.025 0.8734375 0.01953125 0.071875
0 0.046875 0.88515625 0.025 0.07578125
0 0.06875 0.8796875 0.01953125 0.0796875
0 0.0828125 0.8796875 0.015625 0.0765625
0 0.09375 0.85546875 0.01171875 0.02109375
0 0.09453125 0.8453125 0.01171875 0.0171875
0 0.1015625 0.88203125 0.02734375 0.06875
0 0.13359375 0.884375 0.0171875 0.06640625
0 0.15 0.88203125 0.01953125 0.071875
0 0.165625 0.8765625 0.0140625 0.0640625
0 0.17421875 0.88125 0.01875 0.07421875
0 0.125 0.87734375 0.0140625 0.05703125
0 0.2 0.87421875 0.0203125 0.071875
0 0.2125 0.87734375 0.0234375 0.06796875
0 0.26640625 0.875 0.01875 0.06484375
0 0.28671875 0.86875 0.01640625 0.053125
0 0.33203125 0.8859375 0.03125 0.1
0 0.36953125 0.91171875 0.0359375 0.06796875
0 0.50390625 0.871875 0.01953125 0.06640625
0 0.54765625 0.86875 0.01875 0.0625
0 0.57578125 0.9328125 0.04765625 0.09765625
0 0.196875 0.84765625 0.0109375 0.02109375
0 0.27890625 0.8734375 0.0125 0.06015625
0 0.0046875 0.8640625 0.00859375 0.0484375
0 0.02421875 0.90390625 0.021875 0.03125
0 0.0484375 0.8515625 0.03046875 0.01796875
0 0.04765625 0.8265625 0.01953125 0.0171875
0 0.11484375 0.8796875 0.00859375 0.04296875
0 0.13984375 0.84453125 0.075 0.0171875
0 0.1875 0.8609375 0.01171875 0.04296875
0 0.2296875 0.8515625 0.0515625 0.03125
0 0.24609375 0.8875 0.01953125 0.04296875
0 0.134375 0.69375 0.2453125 0.0609375
0 0.3546875 0.56796875 0.18046875 0.12265625
0 0.52421875 0.85 0.028125 0.02890625
0 0.775 0.834375 0.44375 0.046875
0 0.346875 0.9734375 0.07109375 0.0375
0 0.565625 0.97109375 0.06328125 0.02578125
0 0.29609375 0.85625 0.00859375 0.0171875
0 0.2625 0.85390625 0.00703125 0.01796875
0 0.03984375 0.8765625 0.00859375 0.0375