0 0.67109375 0.9453125 0.015625 0.08671875
0 0.55 0.9421875 0.02109375 0.0734375
0 0.65546875 0.93203125 0.01796875 0.0703125
0 0.60625 0.89453125 0.021875 0.06640625
0 0.5953125 0.87109375 0.01796875 0.06484375
0 0.57265625 0.93515625 0.02109375 0.08046875
0 0.5375 0.9078125 0.02578125 0.07578125
0 0.57109375 0.896875 0.01796875 0.06875
0 0.58203125 0.88671875 0.0125 0.065625
0 0.58203125 0.846875 0.015625 0.03671875
0 0.58671875 0.8125 0.015625 0.0546875
0 0.57421875 0.8171875 0.01171875 0.05703125
0 0.56796875 0.825 0.01875 0.07109375
0 0.5546875 0.825 0.01796875 0.05703125
0 0.54765625 0.85546875 0.0234375 0.0703125
0 0.51015625 0.82265625 0.0203125 0.0625
0 0.490625 0.87578125 0.02109375 0.065625
0 0.4921875 0.8296875 0.01328125 0.03515625
0 0.48515625 0.83671875 0.009375 0.05703125
0 0.478125 0.8421875 0.015625 0.05078125
0 0.4703125 0.82734375 0.01328125 0.05703125
0 0.471875 0.85859375 0.0125 0.034375
0 0.47421875 0.89453125 0.021875 0.065625
0 0.4125 0.96015625 0.02265625 0.07421875
0 0.403125 0.9703125 0.021875 0.05625
0 0.3921875 0.95078125 0.0203125 0.0734375
0 0.3796875 0.96484375 0.02421875 0.06875
0 0.36640625 0.95234375 0.021875 0.08515625
0 0.35078125 0.94296875 0.02265625 0.08046875
0 0.328125 0.94921875 0.02890625 0.078125
0 0.309375 0.93203125 0.0234375 0.08046875
0 0.26171875 0.96953125 0.0265625 0.06015625
0 0.26640625 0.93203125 0.02734375 0.075
0 0.240625 0.946875 0.03203125 0.07890625
0 0.21796875 0.9296875 0.01484375 0.0203125
0 0.21484375 0.88125 0.02109375 0.06953125
0 0.228125 0.8609375 0.015625 0.06328125
0 0.2328125 0.8421875 0.021875 0.065625
0 0.10546875 0.82578125 0.02421875 0.075
0 0.07421875 0.840625 0.01484375 0.0625
0 0.06875 0.81640625 0.015625 0.06796875
0 0.02109375 0.6609375 0.015625 0.04921875
0 0.0078125 0.65703125 0.015625 0.04609375
0 0.0109375 0.64375 0.0125 0.03984375
0 0.003125 0.62578125 0.00625 0.03515625
0 0.0046875 0.60703125 0.009375 0.03125
0 0.0203125 0.6203125 0.01171875 0.04140625
0 0.0265625 0.61953125 0.0125 0.0421875
0 0.03671875 0.6078125 0.01015625 0.03984375
0 0.05625 0.55 0.0078125 0.025
0 0.06875 0.54140625 0.009375 0.01875
0 0.0859375 0.5109375 0.009375 0.02421875
0 0.01796875 0.334375 0.0046875 0.00703125
0 0.03828125 0.33203125 0.00546875 0.0078125
0 0.0453125 0.33203125 0.00625 0.009375
0 0.12734375 0.33203125 0.00546875 0.00546875
0 0.1328125 0.334375 0.0046875 0.015625
0 0.13671875 0.33515625 0.00625 0.015625
0 0.1453125 0.33046875 0.00390625 0.00625
0 0.56171875 0.3375 0.003125 0.00859375
0 0.56484375 0.33828125 0.00390625 0.01171875
0 0.56875 0.3375 0.003125 0.00703125
0 0.60859375 0.33984375 0.00390625 0.01328125
0 0.6125 0.340625 0.00390625 0.015625
0 0.61640625 0.33828125 0.0046875 0.0078125
0 0.625 0.3390625 0.00390625 0.0078125
0 0.628125 0.3375 0.003125 0.0078125
0 0.63203125 0.3390625 0.003125 0.01171875
0 0.63515625 0.34140625 0.00390625 0.01328125
0 0.63984375 0.33984375 0.003125 0.0078125
0 0.92890625 0.35 0.00625 0.01875
0 0.93515625 0.34765625 0.00859375 0.0125
0 0.9609375 0.3484375 0.00625 0.01328125
0 0.9671875 0.3484375 0.009375 0.01171875
0 0.97578125 0.35234375 0.009375 0.01875
0 0.98359375 0.35 0.00625 0.01640625
0 0.84296875 0.5296875 0.00859375 0.01875
0 0.759375 0.52421875 0.00703125 0.0140625
0 0.759375 0.53046875 0.0046875 0.01171875
0 0.75546875 0.54453125 0.00546875 0.02421875
0 0.75234375 0.540625 0.0078125 0.028125
0 0.75 0.53828125 0.00546875 0.025
0 0.74375 0.5375 0.009375 0.025
0 0.73671875 0.52421875 0.0046875 0.01015625
0 0.7328125 0.51953125 0.00625 0.01171875
0 0.7265625 0.5140625 0.0078125 0.01796875
0 0.71875 0.51328125 0.0078125 0.015625
0 0.95390625 0.69375 0.01796875 0.05078125
0 0.97109375 0.70078125 0.01640625 0.05
0 0.9359375 0.7828125 0.0171875 0.0625
0 0.946875 0.79140625 0.021875 0.06328125
0 0.95234375 0.76328125 0.009375 0.01640625
0 0.97578125 0.825 0.028125 0.071875
0 0.921875 0.828125 0.0234375 0.06484375
0 0.9390625 0.8625 0.02265625 0.07109375
0 0.8828125 0.853125 0.02734375 0.075
0 0.9203125 0.8828125 0.01875 0.06328125
0 0.90625 0.9046875 0.021875 0.0421875
0 0.90390625 0.89609375 0.0265625 0.06484375
0 0.86015625 0.925 0.02421875 0.0796875
0 0.85703125 0.90859375 0.02265625 0.0765625
0 0.825 0.95234375 0.01953125 0.0328125
0 0.796875 0.94921875 0.0203125 0.05703125
0 0.75546875 0.93203125 0.028125 0.07890625
0 0.7796875 0.9046875 0.02578125 0.0828125
0 0.79453125 0.89609375 0.01953125 0.06875
0 0.51640625 0.8765625 0.034375 0.04375
0 0.49375 0.921875 0.0546875 0.046875
0 0.5171875 0.971875 0.096875 0.0546875
0 0.57109375 0.99453125 0.0109375 0.0078125
0 0.528125 0.94140625 0.0140625 0.00859375
0 0.559375 0.93359375 0.0125 0.02421875
0 0.31796875 0.98515625 0.109375 0.02890625
0 0.22578125 0.81796875 0.009375 0.01953125
0 0.040625 0.5546875 0.00703125 0.0265625
0 0.1140625 0.51484375 0.015625 0.0171875
0 0.0890625 0.5234375 0.0203125 0.03125
0 0.00234375 0.33203125 0.00390625 0.009375
0 0.040625 0.33046875 0.00546875 0.01171875
0 0.08359375 0.33125 0.0078125 0.009375
0 0.0953125 0.33203125 0.0046875 0.00703125
0 0.10234375 0.33125 0.003125 0.0078125
0 0.1515625 0.33046875 0.00625 0.0078125
0 0.31484375 0.3359375 0.01328125 0.01796875
0 0.45703125 0.33671875 0.034375 0.0171875
0 0.58125 0.3375 0.01953125 0.01015625
0 0.5984375 0.34140625 0.015625 0.01796875
0 0.659375 0.3375 0.03828125 0.01328125
0 0.7140625 0.33984375 0.021875 0.0109375
0 0.74140625 0.3390625 0.00703125 0.01171875
0 0.81875 0.340625 0.0078125 0.0125
0 0.85390625 0.3421875 0.009375 0.0109375
0 0.79375 0.3421875 0.0109375 0.0125
0 0.9015625 0.3453125 0.0109375 0.0125
0 0.946875 0.3453125 0.0109375 0.01875
0 0.9890625 0.3484375 0.0078125 0.01484375
0 0.86640625 0.5703125 0.015625 0.01875
0 0.80546875 0.521875 0.009375 0.0171875
0 0.721875 0.515625 0.00546875 0.015625
0 0.9953125 0.81484375 0.00625 0.0640625
0 0.925 0.909375 0.0140625 0.025