0 0.81953125 0.81015625 0.0984375 0.28671875
0 0.87890625 0.77265625 0.0671875 0.2453125
0 0.90703125 0.75390625 0.05859375 0.23515625
0 0.7796875 0.74140625 0.04609375 0.196875
0 0.8265625 0.746875 0.0515625 0.153125
0 0.815625 0.66328125 0.02109375 0.0265625
0 0.675 0.690625 0.025 0.08828125
0 0.70625 0.7015625 0.0296875 0.1203125
0 0.69140625 0.71015625 0.0203125 0.053125
0 0.5484375 0.6859375 0.02265625 0.08515625
0 0.596875 0.6796875 0.0265625 0.08671875
0 0.62890625 0.66484375 0.025 0.06640625
0 0.646875 0.665625 0.0140625 0.06171875
0 0.66796875 0.678125 0.01640625 0.0796875
0 0.6953125 0.64921875 0.01875 0.028125
0 0.6765625 0.6484375 0.0140625 0.03359375
0 0.24921875 0.64453125 0.0109375 0.028125
0 0.2609375 0.6453125 0.0140625 0.0296875
0 0.5921875 0.58671875 0.01484375 0.04296875
0 0.5390625 0.5890625 0.02890625 0.03203125
0 0.56328125 0.5875 0.0140625 0.04140625
0 0.578125 0.584375 0.0109375 0.03203125