0 0.45234375 0.8296875 0.05390625 0.22421875
0 0.43515625 0.80390625 0.0328125 0.18125
0 0.49453125 0.77109375 0.040625 0.153125
0 0.5375 0.77890625 0.02890625 0.1203125
0 0.56328125 0.77421875 0.0296875 0.13203125
0 0.3859375 0.859375 0.0578125 0.27890625
0 0.384375 0.84140625 0.05 0.25859375
0 0.334375 0.8171875 0.046875 0.20234375
0 0.359375 0.7921875 0.03828125 0.184375
0 0.27734375 0.85703125 0.08203125 0.26640625
0 0.26953125 0.79296875 0.0453125 0.18671875
0 0.3 0.78515625 0.02578125 0.1359375
0 0.12421875 0.8625 0.0890625 0.271875
0 0.15078125 0.80390625 0.0390625 0.21875
0 0.08515625 0.81796875 0.0421875 0.23359375
0 0.04375 0.840625 0.0828125 0.31328125
0 0.025 0.69453125 0.034375 0.05078125
0 0.85078125 0.80078125 0.02421875 0.07890625
0 0.58515625 0.75859375 0.009375 0.0375
0 0.00703125 0.71875 0.0140625 0.05078125
0 0.525 0.92265625 0.11796875 0.02421875
0 0.4796875 0.96484375 0.1453125 0.065625
0 0.1359375 0.965625 0.2359375 0.065625