0 0.39375 0.75546875 0.0109375 0.06328125
0 0.3125 0.7359375 0.01484375 0.034375
0 0.209375 0.73984375 0.01015625 0.03203125
0 0.2453125 0.746875 0.0125 0.05390625
0 0.28359375 0.7578125 0.0171875 0.084375
0 0.196875 0.73828125 0.009375 0.03046875
0 0.18046875 0.72890625 0.00625 0.0171875
0 0.18671875 0.7296875 0.00859375 0.0203125
0 0.1859375 0.7203125 0.00859375 0.015625
0 0.4078125 0.715625 0.0203125 0.0671875
0 0.31171875 0.73203125 0.0046875 0.009375
0 0.3140625 0.703125 0.01015625 0.03203125
0 0.34453125 0.6984375 0.0453125 0.09140625
0 0.27265625 0.68984375 0.01953125 0.08515625
0 0.2953125 0.71640625 0.0140625 0.0328125
0 0.246875 0.70390625 0.03046875 0.04921875
0 0.2171875 0.725 0.02890625 0.05
0 0.5875 0.6796875 0.0875 0.14921875
0 0.140625 0.67578125 0.0453125 0.12578125
0 0.04765625 0.63046875 0.0921875 0.29453125
0 0.2078125 0.78203125 0.0515625 0.059375