0 0.7171875 0.6265625 0.090625 0.24296875
0 0.6453125 0.67578125 0.04921875 0.109375
0 0.5703125 0.690625 0.0453125 0.1171875
0 0.5546875 0.6859375 0.02578125 0.12421875
0 0.83671875 0.5890625 0.03125 0.0375
0 0.9046875 0.6140625 0.015625 0.03359375
0 0.146875 0.678125 0.03984375 0.10546875
0 0.03046875 0.56796875 0.01875 0.075
0 0.675 0.69765625 0.03203125 0.09609375
0 0.853125 0.6078125 0.0109375 0.0296875
0 0.88671875 0.62734375 0.01328125 0.009375
0 0.56484375 0.6265625 0.01015625 0.02421875