0 0.840625 0.97734375 0.034375 0.04375
0 0.81015625 0.8875 0.04375 0.19453125
0 0.76640625 0.88671875 0.0578125 0.184375
0 0.7265625 0.88515625 0.0453125 0.18046875
0 0.72734375 0.78515625 0.0375 0.08671875
0 0.7359375 0.75703125 0.04296875 0.08125
0 0.69375 0.78984375 0.03515625 0.146875
0 0.6953125 0.78203125 0.02734375 0.13359375
0 0.6828125 0.72421875 0.0203125 0.0484375
0 0.665625 0.8015625 0.03984375 0.15390625
0 0.675 0.790625 0.02578125 0.1375
0 0.6734375 0.71171875 0.01875 0.03515625
0 0.6234375 0.78359375 0.02578125 0.1421875
0 0.63984375 0.775 0.021875 0.1359375
0 0.6390625 0.70703125 0.0265625 0.046875
0 0.60625 0.7703125 0.0296875 0.13359375
0 0.5921875 0.76328125 0.02421875 0.140625
0 0.6125 0.703125 0.02265625 0.04375
0 0.6421875 0.68984375 0.01875 0.03203125
0 0.63125 0.6890625 0.01484375 0.034375
0 0.6265625 0.6828125 0.0125 0.03671875
0 0.6078125 0.6890625 0.02265625 0.04140625
0 0.6109375 0.66328125 0.01875 0.03671875
0 0.59453125 0.67734375 0.021875 0.0390625
0 0.5859375 0.74140625 0.01640625 0.109375
0 0.565625 0.778125 0.03046875 0.13359375
0 0.57109375 0.740625 0.03125 0.12578125
0 0.5828125 0.6890625 0.0140625 0.03203125
0 0.5390625 0.76953125 0.03203125 0.13515625
0 0.5515625 0.759375 0.02578125 0.121875
0 0.559375 0.7015625 0.01796875 0.04609375
0 0.5609375 0.6796875 0.0203125 0.03515625
0 0.57265625 0.66640625 0.015625 0.0296875
0 0.5546875 0.6796875 0.01796875 0.04609375
0 0.5375 0.6984375 0.009375 0.015625
0 0.5265625 0.76171875 0.01796875 0.11171875
0 0.5046875 0.76875 0.03203125 0.13515625
0 0.5609375 0.65703125 0.01015625 0.02734375
0 0.5296875 0.6875 0.02265625 0.04609375
0 0.5375 0.6828125 0.01328125 0.05546875
0 0.53515625 0.65390625 0.0078125 0.00703125
0 0.54296875 0.678125 0.0140625 0.06015625
0 0.546875 0.65234375 0.00859375 0.02265625
0 0.51875 0.690625 0.01953125 0.04921875
0 0.515625 0.66875 0.01171875 0.03671875
0 0.5171875 0.66171875 0.0234375 0.03203125
0 0.4828125 0.7734375 0.03046875 0.13515625
0 0.4953125 0.71640625 0.01875 0.0375
0 0.4546875 0.78125 0.03046875 0.1234375
0 0.48984375 0.66484375 0.0140625 0.0421875
0 0.50625 0.6953125 0.01015625 0.01875
0 0.4984375 0.6921875 0.01015625 0.0203125
0 0.48125 0.69375 0.01640625 0.0328125
0 0.46875 0.759375 0.02265625 0.1265625
0 0.45 0.72421875 0.0171875 0.03671875
0 0.43125 0.7765625 0.0296875 0.1375
0 0.4234375 0.76796875 0.01796875 0.1265625
0 0.44921875 0.71171875 0.0203125 0.03984375
0 0.4765625 0.68203125 0.01953125 0.03671875
0 0.41796875 0.7546875 0.021875 0.13515625
0 0.4140625 0.69375 0.01875 0.03671875
0 0.434375 0.69375 0.01875 0.03515625
0 0.4421875 0.6890625 0.01484375 0.03515625
0 0.44375 0.671875 0.01640625 0.0375
0 0.4546875 0.675 0.01875 0.0421875
0 0.4625 0.66640625 0.01328125 0.03203125
0 0.4546875 0.675 0.02109375 0.04140625
0 0.4375 0.66171875 0.01328125 0.02734375
0 0.4296875 0.6734375 0.0171875 0.034375
0 0.40390625 0.7734375 0.025 0.13359375
0 0.38125 0.7765625 0.03984375 0.1328125
0 0.3515625 0.77578125 0.03984375 0.1375
0 0.325 0.77734375 0.03359375 0.13125
0 0.3453125 0.71875 0.01875 0.03515625
0 0.365625 0.7328125 0.01328125 0.03515625
0 0.31328125 0.76640625 0.0375 0.14921875
0 0.39375 0.7125 0.01953125 0.03515625
0 0.3984375 0.70546875 0.01328125 0.0328125
0 0.21875 0.91875 0.06484375 0.1609375
0 0.12890625 0.9109375 0.0578125 0.17578125
0 0.178125 0.85546875 0.03984375 0.178125
0 0.2296875 0.796875 0.04765625 0.1546875
0 0.2671875 0.80234375 0.03359375 0.14921875
0 0.259375 0.7765625 0.03671875 0.1515625
0 0.2796875 0.75859375 0.02421875 0.1265625
0 0.29375 0.74296875 0.02265625 0.12578125
0 0.3046875 0.76015625 0.02109375 0.12578125
0 0.3625 0.70234375 0.01484375 0.0328125
0 0.371875 0.7171875 0.0171875 0.06015625
0 0.3421875 0.70390625 0.01484375 0.03671875
0 0.309375 0.70078125 0.01796875 0.04375
0 0.30625 0.69375 0.0125 0.03984375
0 0.325 0.66796875 0.01640625 0.03984375
0 0.3296875 0.66171875 0.0109375 0.0203125
0 0.340625 0.66796875 0.0140625 0.028125
0 0.34921875 0.67734375 0.015625 0.053125
0 0.359375 0.6671875 0.0140625 0.02578125
0 0.359375 0.6796875 0.01796875 0.0328125
0 0.371875 0.671875 0.01640625 0.03515625
0 0.378125 0.6609375 0.01875 0.02578125
0 0.4140625 0.66953125 0.01796875 0.02109375
0 0.390625 0.6515625 0.01875 0.03203125
0 0.42109375 0.65859375 0.0140625 0.0421875
0 0.4203125 0.66484375 0.01328125 0.0234375
0 0.43359375 0.6390625 0.009375 0.02109375
0 0.4234375 0.640625 0.01796875 0.03203125
0 0.41015625 0.6421875 0.0140625 0.03671875
0 0.2828125 0.64921875 0.0140625 0.05859375
0 0.29375 0.6609375 0.01875 0.04453125
0 0.30625 0.659375 0.01796875 0.0484375
0 0.31640625 0.64453125 0.0171875 0.04453125
0 0.3453125 0.65 0.01640625 0.034375
0 0.3625 0.6546875 0.01796875 0.03671875
0 0.3609375 0.6328125 0.01171875 0.028125
0 0.37421875 0.63671875 0.0109375 0.03984375
0 0.3859375 0.63359375 0.01796875 0.053125
0 0.4015625 0.6375 0.01484375 0.04140625
0 0.37265625 0.61640625 0.0125 0.03515625
0 0.38515625 0.6140625 0.015625 0.0234375
0 0.3953125 0.61640625 0.0109375 0.0328125
0 0.40625 0.61484375 0.0125 0.02265625
0 0.415625 0.621875 0.0125 0.0390625
0 0.4421875 0.62421875 0.01484375 0.05078125
0 0.4765625 0.63046875 0.0171875 0.0421875
0 0.490625 0.634375 0.015625 0.05390625
0 0.509375 0.6421875 0.01484375 0.03671875
0 0.5234375 0.646875 0.015625 0.0484375
0 0.5078125 0.6234375 0.01015625 0.03046875
0 0.5234375 0.625 0.01328125 0.02578125
0 0.53828125 0.6234375 0.0171875 0.0515625
0 0.52421875 0.61171875 0.0125 0.025
0 0.503125 0.6109375 0.01171875 0.0421875
0 0.48984375 0.60703125 0.0125 0.03203125
0 0.48203125 0.6046875 0.0109375 0.02578125
0 0.46953125 0.62421875 0.0109375 0.0484375
0 0.4796875 0.61171875 0.00859375 0.01875
0 0.4578125 0.61796875 0.0125 0.046875
0 0.465625 0.61640625 0.01015625 0.04375
0 0.45 0.61640625 0.01171875 0.04375
0 0.4390625 0.60703125 0.01171875 0.0234375
0 0.43125 0.6140625 0.00859375 0.04140625
0 0.346875 0.60546875 0.0078125 0.04375
0 0.3421875 0.59921875 0.00703125 0.028125
0 0.3609375 0.60390625 0.00859375 0.0421875
0 0.3703125 0.60234375 0.009375 0.0375
0 0.3921875 0.59765625 0.01015625 0.028125
0 0.4015625 0.60234375 0.00859375 0.0375
0 0.65546875 0.775 0.01875 0.14296875
0 0.54453125 0.7 0.009375 0.01640625
0 0.51875 0.709375 0.0203125 0.03046875
0 0.5515625 0.65078125 0.00546875 0.01640625
0 0.50703125 0.67578125 0.0140625 0.03671875
0 0.4890625 0.70390625 0.0140625 0.02734375
0 0.475 0.6828125 0.01640625 0.0765625
0 0.45625 0.68671875 0.02109375 0.03203125
0 0.265625 0.7078125 0.01796875 0.034375
0 0.3265625 0.68828125 0.04453125 0.04921875
0 0.29765625 0.68984375 0.0109375 0.01796875
0 0.39375 0.6796875 0.04375 0.075
0 0.48046875 0.571875 0.2171875 0.12578125
0 0.5953125 0.5484375 0.00859375 0.02734375
0 0.621875 0.5484375 0.0171875 0.025
0 0.64765625 0.5453125 0.034375 0.028125
0 0.7046875 0.5515625 0.07109375 0.0296875
0 0.81015625 0.55703125 0.0109375 0.02578125
0 0.76328125 0.546875 0.0296875 0.03203125
0 0.8828125 0.55390625 0.02890625 0.02265625
0 0.9515625 0.553125 0.09453125 0.02734375
0 0.2875 0.5390625 0.16171875 0.0625
0 0.09453125 0.5421875 0.0265625 0.034375
0 0.05546875 0.5625 0.01875 0.01875
0 0.0203125 0.5359375 0.03984375 0.028125
0 0.0625 0.5375 0.02734375 0.02734375
0 0.134375 0.5390625 0.04609375 0.01875
0 0.18984375 0.559375 0.0171875 0.02109375
0 0.1765625 0.53203125 0.02265625 0.01796875