0 0.8953125 0.95078125 0.06484375 0.096875
0 0.903125 0.91328125 0.05859375 0.0515625
0 0.45078125 0.93125 0.06953125 0.12421875
0 0.68359375 0.8296875 0.05078125 0.09375
0 0.65 0.82578125 0.0453125 0.096875
0 0.58671875 0.775 0.040625 0.08515625
0 0.5921875 0.7390625 0.02890625 0.0328125
0 0.18984375 0.9765625 0.04296875 0.0453125
0 0.1734375 0.9578125 0.05859375 0.08203125
0 0.21796875 0.7328125 0.0375 0.0734375
0 0.1890625 0.66875 0.02734375 0.04609375
0 0.48671875 0.58203125 0.021875 0.0453125
0 0.1 0.77421875 0.071875 0.08515625
0 0.09765625 0.6609375 0.0734375 0.1015625
0 0.3296875 0.6265625 0.0171875 0.04375
0 0.4390625 0.61640625 0.0203125 0.03125
0 0.503125 0.6546875 0.07578125 0.1
0 0.59375 0.6171875 0.02421875 0.0328125
0 0.6734375 0.59453125 0.025 0.03828125
0 0.9390625 0.7046875 0.03828125 0.053125
0 0.94140625 0.4296875 0.02265625 0.0484375
0 0.01015625 0.6609375 0.0203125 0.03828125
0 0.078125 0.50859375 0.01953125 0.0296875
0 0.00625 0.52265625 0.01171875 0.03515625
0 0.2796875 0.69609375 0.02265625 0.06875
0 0.68671875 0.6875 0.0296875 0.084375
0 0.69765625 0.61640625 0.02265625 0.04296875