0 0.0203125 0.51484375 0.03984375 0.64609375
0 0.07421875 0.521875 0.0796875 0.61171875
0 0.1578125 0.496875 0.07890625 0.59765625
0 0.18203125 0.5171875 0.0890625 0.60625
0 0.24921875 0.5296875 0.08515625 0.59609375
0 0.3140625 0.51875 0.08125 0.565625
0 0.37421875 0.5203125 0.090625 0.5921875
0 0.4421875 0.534375 0.078125 0.54765625
0 0.521875 0.49375 0.09921875 0.63984375
0 0.5625 0.47421875 0.04375 0.515625
0 0.59765625 0.5109375 0.0828125 0.58203125
0 0.6625 0.53515625 0.0921875 0.59375
0 0.73359375 0.5359375 0.08125 0.6078125
0 0.790625 0.55078125 0.07890625 0.5578125
0 0.85390625 0.54375 0.0890625 0.6203125
0 0.91171875 0.5546875 0.09609375 0.6296875
0 0.96953125 0.49765625 0.06015625 0.4640625
0 0.91796875 0.81015625 0.1609375 0.3765625
0 0.4453125 0.9078125 0.88359375 0.16796875