0 0.37578125 0.70703125 0.07734375 0.178125
0 0.2703125 0.71328125 0.146875 0.21015625
0 0.1984375 0.6703125 0.02734375 0.0671875
0 0.196875 0.665625 0.0203125 0.0671875
0 0.56484375 0.54375 0.009375 0.02109375
0 0.5578125 0.53828125 0.0046875 0.00703125
0 0.55390625 0.54765625 0.00859375 0.01328125
0 0.4703125 0.54140625 0.0078125 0.01953125
0 0.37109375 0.5328125 0.0078125 0.02578125
0 0.36484375 0.53125 0.009375 0.02734375
0 0.296875 0.5328125 0.00625 0.01953125
0 0.234375 0.5234375 0.0078125 0.03671875
0 0.2390625 0.52265625 0.01328125 0.03984375
0 0.2296875 0.515625 0.00625 0.02265625
0 0.2125 0.51484375 0.00625 0.02109375
0 0.2109375 0.5375 0.00546875 0.0125
0 0.2171875 0.521875 0.01171875 0.04140625
0 0.21953125 0.53515625 0.0140625 0.028125
0 0.23828125 0.48359375 0.00625 0.01796875
0 0.1796875 0.5046875 0.009375 0.02578125
0 0.1796875 0.53359375 0.01015625 0.02578125
0 0.16171875 0.52109375 0.00703125 0.02265625
0 0.15390625 0.5203125 0.00546875 0.01796875
0 0.159375 0.51171875 0.00703125 0.021875
0 0.61640625 0.3609375 0.00859375 0.021875
0 0.14609375 0.51328125 0.00703125 0.02265625
0 0.15390625 0.53515625 0.00859375 0.02421875
0 0.14375 0.534375 0.0078125 0.025
0 0.11328125 0.5203125 0.00703125 0.009375
0 0.10703125 0.52265625 0.0078125 0.02578125
0 0.0859375 0.52890625 0.0140625 0.05234375
0 0.0921875 0.49609375 0.00625 0.01953125
0 0.0953125 0.4921875 0.00546875 0.01796875
0 0.0421875 0.53828125 0.00859375 0.01484375
0 0.02578125 0.5359375 0.00859375 0.02421875
0 0.03671875 0.52265625 0.00625 0.02109375
0 0.03125 0.5109375 0.00625 0.021875
0 0.0359375 0.5078125 0.00625 0.02578125
0 0.01796875 0.5078125 0.00546875 0.01953125
0 0.02421875 0.49921875 0.00625 0.01171875
0 0.02578125 0.496875 0.00546875 0.01015625
0 0.07578125 0.5 0.00859375 0.02109375
0 0.0625 0.49609375 0.00625 0.01484375
0 0.065625 0.50078125 0.00625 0.02109375
0 0.0953125 0.5140625 0.00625 0.021875
0 0.32265625 0.53828125 0.015625 0.009375
0 0.171875 0.5109375 0.015625 0.01171875
0 0.18671875 0.40390625 0.028125 0.01015625
0 0.07421875 0.4671875 0.11796875 0.04453125
0 0.15234375 0.48125 0.040625 0.0375
0 0.17734375 0.4859375 0.00390625 0.00703125
0 0.23984375 0.365625 0.04765625 0.021875
0 0.19375 0.465625 0.01875 0.0375
0 0.6015625 0.5421875 0.01796875 0.028125
0 0.58125 0.5453125 0.0171875 0.01796875
0 0.00859375 0.471875 0.0171875 0.03125
0 0.171875 0.5265625 0.015625 0.021875
0 0.14140625 0.51875 0.0078125 0.02890625
0 0.12734375 0.525 0.021875 0.03984375
0 0.10546875 0.51015625 0.01015625 0.01640625
0 0.071875 0.52578125 0.02265625 0.03515625
0 0.04765625 0.50859375 0.0203125 0.02421875
0 0.05234375 0.53203125 0.01875 0.025
0 0.0078125 0.53046875 0.015625 0.0359375
0 0.02421875 0.51171875 0.0078125 0.01796875
0 0.0359375 0.50859375 0.00546875 0.01015625
0 0.021875 0.540625 0.009375 0.01484375