0 0.96796875 0.8921875 0.0546875 0.0875
0 0.98359375 0.875 0.02578125 0.05
0 0.940625 0.88203125 0.01875 0.0265625
0 0.93359375 0.86875 0.01484375 0.02421875
0 0.91640625 0.8734375 0.02109375 0.02421875
0 0.9171875 0.9 0.059375 0.05
0 0.86953125 0.87890625 0.01484375 0.0625
0 0.9140625 0.87734375 0.04609375 0.02578125
0 0.85078125 0.87890625 0.03125 0.06171875
0 0.8171875 0.89453125 0.0640625 0.08359375
0 0.78203125 0.890625 0.0328125 0.0703125
0 0.77265625 0.88984375 0.03046875 0.06796875
0 0.7421875 0.88984375 0.03515625 0.07578125
0 0.73671875 0.88671875 0.0265625 0.0703125
0 0.696875 0.88671875 0.04375 0.07734375
0 0.6640625 0.8640625 0.0125 0.02109375
0 0.6390625 0.89140625 0.04296875 0.0921875
0 0.603125 0.8875 0.0578125 0.09609375
0 0.56796875 0.89140625 0.03515625 0.0875
0 0.5625 0.87734375 0.0234375 0.05078125
0 0.53203125 0.87578125 0.028125 0.05234375
0 0.55546875 0.87421875 0.02578125 0.05390625
0 0.54296875 0.8765625 0.0125 0.0359375
0 0.52109375 0.8734375 0.01484375 0.0453125
0 0.4953125 0.89140625 0.0359375 0.07734375
0 0.52265625 0.87109375 0.01875 0.04453125
0 0.515625 0.8671875 0.01640625 0.05
0 0.4859375 0.88359375 0.04296875 0.08671875
0 0.4375 0.8890625 0.06640625 0.0921875
0 0.4015625 0.88828125 0.0359375 0.07734375
0 0.3828125 0.8828125 0.03359375 0.08125
0 0.38125 0.84609375 0.0234375 0.01875
0 0.36328125 0.8953125 0.05703125 0.08046875
0 0.3421875 0.8609375 0.02421875 0.02734375
0 0.3 0.88828125 0.0578125 0.096875
0 0.32421875 0.8953125 0.0328125 0.08515625
0 0.05546875 0.896875 0.09375 0.07734375
0 0.025 0.896875 0.05 0.07890625
0 0.0171875 0.85234375 0.028125 0.05234375
0 0.0421875 0.8453125 0.04609375 0.0390625
0 0.06875 0.840625 0.02578125 0.021875
0 0.103125 0.87734375 0.0421875 0.0515625
0 0.15 0.890625 0.0625 0.07265625
0 0.1734375 0.8890625 0.0453125 0.071875
0 0.2078125 0.89140625 0.04375 0.08828125
0 0.23203125 0.88125 0.01171875 0.01328125
0 0.2484375 0.8984375 0.04375 0.05
0 0.25 0.87578125 0.0359375 0.05
0 0.259375 0.85390625 0.01484375 0.00703125
0 0.99375 0.865625 0.01015625 0.02265625
0 0.72265625 0.8953125 0.00703125 0.02578125
0 0.56640625 0.85078125 0.0140625 0.0109375
0 0.5078125 0.85625 0.01875 0.02734375
0 0.4625 0.87578125 0.03515625 0.07734375
0 0.425 0.84296875 0.0140625 0.00859375
0 0.4 0.846875 0.01015625 0.01640625
0 0.35859375 0.85546875 0.0125 0.01015625
0 0.27734375 0.8703125 0.028125 0.04453125