0 0.06171875 0.49375 0.0125 0.0203125
0 0.01015625 0.49296875 0.0140625 0.0234375
0 0.00546875 0.55390625 0.0109375 0.034375
0 0.021875 0.55 0.0171875 0.04375
0 0.0109375 0.62421875 0.021875 0.1109375
0 0.01484375 0.58203125 0.0203125 0.0453125
0 0.03359375 0.621875 0.02890625 0.11953125
0 0.0296875 0.61875 0.0203125 0.11640625
0 0.03125 0.5546875 0.0171875 0.03828125
0 0.05 0.5921875 0.01640625 0.1
0 0.07109375 0.5390625 0.01796875 0.03671875
0 0.0578125 0.64453125 0.03125 0.07265625
0 0.21171875 0.49296875 0.0140625 0.02265625
0 0.246875 0.50078125 0.009375 0.0203125
0 0.253125 0.49765625 0.00859375 0.0171875
0 0.27109375 0.521875 0.01328125 0.021875
0 0.37421875 0.5 0.01484375 0.06171875
0 0.4015625 0.4984375 0.009375 0.0453125
0 0.5078125 0.4953125 0.01015625 0.04765625
0 0.52578125 0.4859375 0.00625 0.009375
0 0.57109375 0.4984375 0.01015625 0.04609375
0 0.5796875 0.48125 0.0109375 0.01484375
0 0.60859375 0.47734375 0.0140625 0.021875
0 0.6328125 0.4765625 0.009375 0.021875
0 0.64140625 0.478125 0.01015625 0.01796875
0 0.64609375 0.47265625 0.00390625 0.009375
0 0.66015625 0.4953125 0.01171875 0.06171875
0 0.6890625 0.484375 0.009375 0.04609375
0 0.72265625 0.4875 0.01328125 0.03984375
0 0.73828125 0.4984375 0.0140625 0.0296875
0 0.7515625 0.5 0.0140625 0.03671875
0 0.77734375 0.48828125 0.01875 0.04453125
0 0.7890625 0.4921875 0.0234375 0.06015625
0 0.8078125 0.4953125 0.0109375 0.04140625
0 0.8171875 0.49765625 0.01640625 0.0390625
0 0.825 0.45234375 0.015625 0.06171875
0 0.8265625 0.4484375 0.0171875 0.06640625
0 0.8203125 0.47265625 0.00625 0.01875
0 0.8390625 0.446875 0.01484375 0.0515625
0 0.8546875 0.4515625 0.01953125 0.0890625
0 0.84140625 0.48984375 0.02265625 0.05703125
0 0.9140625 0.42109375 0.01328125 0.02890625
0 0.91875 0.4796875 0.01875 0.01875
0 0.9640625 0.4578125 0.015625 0.05625
0 0.97421875 0.47109375 0.015625 0.04296875
0 0.98671875 0.48125 0.0203125 0.06953125
0 0.98828125 0.59375 0.02265625 0.1734375
0 0.96796875 0.5984375 0.03203125 0.16328125
0 0.97578125 0.50625 0.021875 0.05546875
0 0.9703125 0.5015625 0.00859375 0.021875
0 0.965625 0.5140625 0.02578125 0.0625
0 0.953125 0.57421875 0.01484375 0.12734375
0 0.9359375 0.5765625 0.04609375 0.1453125
0 0.91953125 0.6515625 0.06484375 0.09765625
0 0.9171875 0.6515625 0.06015625 0.0984375
0 0.88828125 0.653125 0.0609375 0.090625
0 0.9375 0.50859375 0.02421875 0.05703125
0 0.9296875 0.5125 0.0265625 0.04609375
0 0.93984375 0.49921875 0.009375 0.02265625
0 0.9171875 0.5 0.01328125 0.0296875
0 0.91015625 0.521875 0.01171875 0.03125
0 0.89765625 0.54375 0.021875 0.134375
0 0.88984375 0.51484375 0.01875 0.0390625
0 0.8828125 0.58828125 0.034375 0.165625
0 0.8671875 0.59296875 0.0265625 0.159375
0 0.86875 0.51953125 0.01953125 0.06328125
0 0.86015625 0.51953125 0.0125 0.0671875
0 0.85234375 0.5828125 0.0203125 0.15546875
0 0.8390625 0.59609375 0.03515625 0.16484375
0 0.80625 0.65078125 0.0625 0.09609375
0 0.78828125 0.65 0.05234375 0.09140625
0 0.8140625 0.571875 0.0328125 0.11171875
0 0.82109375 0.5234375 0.02734375 0.07578125
0 0.79921875 0.5484375 0.0296875 0.11875
0 0.7765625 0.58671875 0.02265625 0.16484375
0 0.7578125 0.59140625 0.03203125 0.17890625
0 0.75078125 0.6109375 0.0203125 0.1640625
0 0.74375 0.515625 0.01640625 0.0328125
0 0.7328125 0.52265625 0.025 0.06484375
0 0.73125 0.621875 0.03671875 0.15390625
0 0.71953125 0.61328125 0.0265625 0.16171875
0 0.72265625 0.54609375 0.025 0.0828125
0 0.7015625 0.6125 0.02578125 0.15859375
0 0.69140625 0.5921875 0.0390625 0.1796875
0 0.68984375 0.5390625 0.009375 0.01953125
0 0.68671875 0.53125 0.01484375 0.05234375
0 0.65859375 0.6140625 0.02734375 0.16484375
0 0.66171875 0.58671875 0.02265625 0.140625
0 0.63984375 0.60625 0.0390625 0.1640625
0 0.6453125 0.5296875 0.01328125 0.0234375
0 0.6296875 0.515625 0.015625 0.0265625
0 0.62109375 0.515625 0.01328125 0.03125
0 0.64296875 0.5140625 0.01171875 0.01875
0 0.65 0.51328125 0.01171875 0.0203125
0 0.6203125 0.609375 0.02265625 0.1609375
0 0.59765625 0.56328125 0.01953125 0.1125
0 0.5859375 0.51796875 0.01875 0.0453125
0 0.61015625 0.615625 0.01953125 0.14296875
0 0.590625 0.59140625 0.02578125 0.15703125
0 0.57578125 0.6140625 0.03125 0.1546875
0 0.55390625 0.6125 0.0328125 0.1515625
0 0.5640625 0.51484375 0.028125 0.05859375
0 0.540625 0.60625 0.028125 0.159375
0 0.51328125 0.61484375 0.0234375 0.13984375
0 0.51796875 0.59609375 0.02890625 0.1640625
0 0.54921875 0.5296875 0.0125 0.03828125
0 0.53515625 0.58125 0.015625 0.1359375
0 0.525 0.51953125 0.01796875 0.03125
0 0.4890625 0.60234375 0.0203125 0.15078125
0 0.47890625 0.55078125 0.0125 0.0546875
0 0.46328125 0.615625 0.02578125 0.13828125
0 0.47265625 0.5546875 0.0140625 0.034375
0 0.47734375 0.51484375 0.0140625 0.015625
0 0.45390625 0.61328125 0.02109375 0.140625
0 0.4296875 0.6125 0.040625 0.1453125
0 0.446875 0.60078125 0.01875 0.1484375
0 0.45625 0.52421875 0.01328125 0.01171875
0 0.4453125 0.52109375 0.0234375 0.03828125
0 0.43984375 0.52890625 0.01875 0.06796875
0 0.415625 0.6 0.02578125 0.14921875
0 0.425 0.53515625 0.01328125 0.03046875
0 0.41484375 0.53046875 0.009375 0.01796875
0 0.4015625 0.54140625 0.01953125 0.05078125
0 0.3953125 0.61484375 0.03671875 0.13828125
0 0.384375 0.58203125 0.02109375 0.1140625
0 0.3625 0.52421875 0.009375 0.0328125
0 0.365625 0.5875 0.01796875 0.1
0 0.35078125 0.6140625 0.03046875 0.14296875
0 0.3390625 0.5859375 0.04140625 0.159375
0 0.33046875 0.59765625 0.01953125 0.13359375
0 0.31953125 0.58671875 0.01953125 0.1390625
0 0.29140625 0.6109375 0.04921875 0.14375
0 0.3078125 0.5953125 0.02734375 0.1390625
0 0.31171875 0.5453125 0.0109375 0.0171875
0 0.30390625 0.5265625 0.0109375 0.0234375
0 0.29296875 0.528125 0.01328125 0.03828125
0 0.28046875 0.546875 0.015625 0.0390625
0 0.28671875 0.578125 0.0171875 0.06640625
0 0.2734375 0.628125 0.03046875 0.0703125
0 0.265625 0.578125 0.02578125 0.08125
0 0.246875 0.63984375 0.03984375 0.05625
0 0.25859375 0.5734375 0.02265625 0.10390625
0 0.24375 0.57890625 0.015625 0.0890625
0 0.22890625 0.5921875 0.02109375 0.12890625
0 0.2296875 0.54375 0.02265625 0.03984375
0 0.21328125 0.615625 0.0265625 0.1359375
0 0.19609375 0.61015625 0.03671875 0.13828125
0 0.2 0.55234375 0.00703125 0.02109375
0 0.1890625 0.5890625 0.01484375 0.10078125
0 0.17578125 0.61015625 0.03359375 0.1328125
0 0.14609375 0.6125 0.025 0.13203125
0 0.153125 0.60234375 0.0265625 0.1171875
0 0.128125 0.621875 0.02421875 0.1234375
0 0.13125 0.615625 0.01875 0.12265625
0 0.1125 0.61328125 0.021875 0.134375
0 0.115625 0.55390625 0.01953125 0.04375
0 0.0984375 0.55703125 0.01875 0.04296875
0 0.1 0.54609375 0.015625 0.034375
0 0.08984375 0.61484375 0.021875 0.1359375
0 0.1 0.615625 0.015625 0.1203125
0 0.0828125 0.61484375 0.0125 0.12265625
0 0.0734375 0.61953125 0.0234375 0.12265625
0 0.06171875 0.584375 0.01796875 0.07734375
0 0.0625 0.54609375 0.01640625 0.02578125
0 0.07265625 0.54921875 0.0109375 0.015625
0 0.00390625 0.490625 0.00703125 0.01796875
0 0.003125 0.53359375 0.00625 0.0078125
0 0.0125 0.54375 0.00390625 0.0203125
0 0.04140625 0.54296875 0.01171875 0.02578125
0 0.125 0.7515625 0.24375 0.12890625
0 0.28984375 0.76953125 0.0859375 0.13203125
0 0.34921875 0.7796875 0.040625 0.15859375
0 0.68515625 0.79765625 0.62734375 0.19453125
0 0.28125 0.521875 0.00546875 0.015625
0 0.79375 0.465625 0.00625 0.015625
0 0.9953125 0.49921875 0.00625 0.0140625
0 0.62734375 0.53203125 0.00546875 0.0109375
0 0.52421875 0.5265625 0.01484375 0.015625
0 0.465625 0.53359375 0.00703125 0.0125
0 0.4578125 0.53671875 0.009375 0.01953125
0 0.2734375 0.5328125 0.01015625 0.0203125
0 0.20078125 0.6625 0.01171875 0.01796875
0 0.178125 0.5546875 0.0046875 0.02265625
0 0.171875 0.5421875 0.00703125 0.00546875
0 0.1171875 0.559375 0.00390625 0.015625
0 0.02890625 0.5328125 0.0109375 0.01328125