0 0.88203125 0.38203125 0.06171875 0.1765625
0 0.94765625 0.528125 0.10234375 0.42109375
0 0.9546875 0.39765625 0.0890625 0.3109375
0 0.69921875 0.5578125 0.20625 0.72421875
0 0.7734375 0.38984375 0.0390625 0.21015625
0 0.68515625 0.31171875 0.03359375 0.05390625
0 0.58984375 0.50859375 0.15234375 0.5703125
0 0.509375 0.31796875 0.0359375 0.10625
0 0.43671875 0.33359375 0.03203125 0.0625
0 0.42265625 0.3328125 0.0546875 0.103125
0 0.471875 0.6109375 0.25 0.775
0 0.146875 0.60703125 0.21953125 0.73359375
0 0.24140625 0.36328125 0.0875 0.24296875
0 0.34609375 0.47421875 0.1453125 0.51640625