0 0.09140625 0.74140625 0.03828125 0.17734375
0 0.12890625 0.73359375 0.06640625 0.19609375
0 0.28203125 0.696875 0.021875 0.040625
0 0.353125 0.69453125 0.0140625 0.06015625
0 0.37109375 0.69453125 0.01953125 0.075
0 0.45546875 0.6890625 0.01875 0.065625
0 0.46796875 0.67734375 0.01171875 0.03046875
0 0.47421875 0.671875 0.0109375 0.0234375
0 0.4859375 0.671875 0.009375 0.046875
0 0.49140625 0.66640625 0.0125 0.05
0 0.478125 0.6765625 0.0109375 0.040625
0 0.7515625 0.7375 0.059375 0.21484375
0 0.0265625 0.740625 0.03984375 0.19296875
0 0.503125 0.66796875 0.0140625 0.040625
0 0.5203125 0.66875 0.015625 0.040625
0 0.50625 0.35 0.07421875 0.096875