0 0.94140625 0.68359375 0.03203125 0.0765625
0 0.959375 0.696875 0.01171875 0.0421875
0 0.95390625 0.696875 0.0109375 0.05078125
0 0.915625 0.68359375 0.0265625 0.0765625
0 0.90390625 0.69921875 0.0078125 0.0453125
0 0.88984375 0.696875 0.0140625 0.04765625
0 0.86953125 0.70234375 0.0234375 0.0375
0 0.87265625 0.68515625 0.0078125 0.0140625
0 0.853125 0.696875 0.0171875 0.05
0 0.84140625 0.69765625 0.01484375 0.0421875
0 0.8375 0.70859375 0.0109375 0.05546875
0 0.82578125 0.6984375 0.0125 0.0453125
0 0.81875 0.70234375 0.0078125 0.0421875
0 0.80859375 0.70078125 0.0109375 0.03984375
0 0.78984375 0.70078125 0.00859375 0.0421875
0 0.778125 0.703125 0.009375 0.0375
0 0.77734375 0.7 0.0078125 0.0421875
0 0.76875 0.7046875 0.01015625 0.04296875
0 0.76328125 0.703125 0.01015625 0.0359375
0 0.75078125 0.696875 0.01015625 0.02578125
0 0.759375 0.70859375 0.0140625 0.0296875
0 0.7578125 0.703125 0.00859375 0.04140625
0 0.7453125 0.7046875 0.0078125 0.03984375
0 0.7375 0.70703125 0.009375 0.03671875
0 0.7375 0.70234375 0.0109375 0.046875
0 0.7296875 0.7046875 0.01328125 0.04453125
0 0.715625 0.70703125 0.0109375 0.0375
0 0.6828125 0.7515625 0.0421875 0.203125
0 0.6546875 0.76015625 0.03515625 0.20703125
0 0.66171875 0.75078125 0.04296875 0.19765625
0 0.6203125 0.76484375 0.04609375 0.19921875
0 0.53125 0.77421875 0.0390625 0.1921875
0 0.28828125 0.79765625 0.04765625 0.078125
0 0.178125 0.86953125 0.09453125 0.25859375
0 0.1375 0.76640625 0.021875 0.20546875
0 0.21640625 0.72890625 0.0171875 0.05546875
0 0.23828125 0.7203125 0.015625 0.05078125
0 0.3609375 0.73984375 0.02734375 0.11328125
0 0.33671875 0.74375 0.02734375 0.1078125
0 0.27890625 0.73515625 0.021875 0.08984375
0 0.29140625 0.72734375 0.01875 0.0765625
0 0.3859375 0.690625 0.01328125 0.01875
0 0.4078125 0.6984375 0.0109375 0.04296875
0 0.44453125 0.69453125 0.0171875 0.053125
0 0.43359375 0.69375 0.00859375 0.02109375
0 0.465625 0.70078125 0.01640625 0.0625
0 0.484375 0.71640625 0.01953125 0.0859375
0 0.48359375 0.70859375 0.0171875 0.07421875
0 0.5046875 0.6921875 0.01875 0.03984375
0 0.5375 0.690625 0.01171875 0.04296875
0 0.56328125 0.7109375 0.0109375 0.04296875
0 0.55390625 0.70703125 0.0171875 0.05
0 0.5625 0.7015625 0.01171875 0.05859375
0 0.56875 0.7046875 0.015625 0.05546875
0 0.2375 0.7015625 0.01171875 0.034375
0 0.30546875 0.78203125 0.021875 0.0796875
0 0.30078125 0.73359375 0.01640625 0.0796875
0 0.3828125 0.7078125 0.00859375 0.046875
0 0.45234375 0.70703125 0.00625 0.02578125
0 0.4546875 0.70390625 0.0046875 0.028125
0 0.4625 0.70078125 0.0078125 0.0421875
0 0.859375 0.6921875 0.009375 0.0265625
0 0.83125 0.70078125 0.00859375 0.0390625
0 0.75390625 0.6890625 0.0046875 0.01015625
0 0.725 0.71328125 0.00546875 0.02421875
0 0.7046875 0.7015625 0.015625 0.04296875
0 0.21953125 0.70390625 0.0078125 0.0140625
0 0.36640625 0.69765625 0.01015625 0.0265625
0 0.41953125 0.69921875 0.02578125 0.05078125
0 0.5171875 0.69609375 0.0125 0.03671875
0 0.60859375 0.6953125 0.0796875 0.046875
0 0.54453125 0.68828125 0.01875 0.04140625
0 0.33984375 0.70703125 0.02734375 0.0375
0 0.75625 0.6859375 0.009375 0.02109375
0 0.3125 0.64921875 0.02578125 0.06796875
0 0.47109375 0.69453125 0.0046875 0.03984375