0 0.2953125 0.7828125 0.0578125 0.25
0 0.7078125 0.80390625 0.05859375 0.28359375
0 0.6875 0.78671875 0.0609375 0.26171875
0 0.73984375 0.703125 0.01484375 0.03203125
0 0.49453125 0.703125 0.02265625 0.096875
0 0.503125 0.690625 0.02265625 0.1015625
0 0.528125 0.7015625 0.025 0.10703125
0 0.5453125 0.71328125 0.03046875 0.08671875
0 0.55 0.7015625 0.01640625 0.096875
0 0.559375 0.696875 0.0125 0.11875
0 0.01796875 0.89140625 0.0359375 0.2140625
0 0.3796875 0.63671875 0.08515625 0.3390625
0 0.6265625 0.67578125 0.0671875 0.27578125
0 0.81875 0.72890625 0.06953125 0.31875
0 0.4875 0.66796875 0.0265625 0.05
0 0.5390625 0.6578125 0.021875 0.03515625
0 0.51640625 0.57890625 0.0328125 0.125