0 0.96953125 0.74375 0.059375 0.2703125
0 0.9484375 0.65546875 0.04296875 0.140625
0 0.9203125 0.75390625 0.06484375 0.31953125
0 0.878125 0.7796875 0.1125 0.35546875
0 0.84609375 0.63828125 0.0328125 0.04609375
0 0.88125 0.81640625 0.15625 0.365625
0 0.79140625 0.77890625 0.08515625 0.4
0 0.7265625 0.76484375 0.0625 0.26640625
0 0.7078125 0.72890625 0.059375 0.2796875
0 0.6484375 0.67109375 0.1015625 0.14921875
0 0.70234375 0.88203125 0.10234375 0.1859375
0 0.6078125 0.61171875 0.028125 0.1
0 0.60546875 0.621875 0.0203125 0.1109375
0 0.546875 0.62421875 0.0328125 0.13125
0 0.53359375 0.62421875 0.0171875 0.11953125
0 0.496875 0.646875 0.03359375 0.125
0 0.503125 0.61953125 0.015625 0.1046875
0 0.459375 0.71171875 0.05703125 0.22578125
0 0.46640625 0.60390625 0.021875 0.0640625
0 0.415625 0.6421875 0.02734375 0.11796875
0 0.421875 0.63984375 0.034375 0.13671875
0 0.39296875 0.6171875 0.02734375 0.0734375
0 0.3765625 0.590625 0.01484375 0.025
0 0.34921875 0.609375 0.02265625 0.0640625
0 0.33515625 0.590625 0.0125 0.021875
0 0.3109375 0.6546875 0.0265625 0.12578125
0 0.315625 0.60625 0.02890625 0.05703125
0 0.29609375 0.62265625 0.01640625 0.05859375
0 0.371875 0.784375 0.07109375 0.3265625
0 0.33984375 0.76640625 0.046875 0.228125
0 0.33203125 0.74609375 0.046875 0.22578125
0 0.29375 0.75078125 0.03984375 0.2296875
0 0.265625 0.75625 0.0609375 0.26171875
0 0.21328125 0.76328125 0.06015625 0.2359375
0 0.17109375 0.765625 0.07265625 0.28046875
0 0.078125 0.7875 0.05703125 0.29375
0 0.01328125 0.78515625 0.0265625 0.28359375
0 0.271875 0.60703125 0.0234375 0.04609375
0 0.25 0.603125 0.03984375 0.053125
0 0.2140625 0.6265625 0.03984375 0.07578125
0 0.134375 0.60859375 0.02265625 0.03984375
0 0.06953125 0.61171875 0.0359375 0.03984375
0 0.05859375 0.6046875 0.021875 0.04609375
0 0.0484375 0.61328125 0.01484375 0.03359375
0 0.315625 0.67265625 0.025 0.09140625
0 0.23515625 0.59609375 0.0171875 0.0359375
0 0.37109375 0.75078125 0.059375 0.284375
0 0.25 0.63828125 0.02734375 0.0734375
0 0.803125 0.87890625 0.02578125 0.08203125
0 0.434375 0.640625 0.02421875 0.1359375
0 0.4015625 0.596875 0.021875 0.053125
0 0.36640625 0.59453125 0.02578125 0.03828125
0 0.31875 0.596875 0.06171875 0.046875
0 0.2296875 0.621875 0.01171875 0.07578125
0 0.315625 0.921875 0.07890625 0.0390625
0 0.57890625 0.89140625 0.071875 0.028125