0 0.853125 0.6703125 0.17109375 0.53046875
0 0.79921875 0.66015625 0.07109375 0.5046875
0 0.76953125 0.66484375 0.0875 0.496875
0 0.678125 0.65 0.128125 0.546875
0 0.54375 0.67265625 0.18359375 0.546875
0 0.378125 0.65625 0.15546875 0.55546875
0 0.259375 0.65859375 0.1875 0.528125
0 0.434375 0.6625 0.0734375 0.51875
0 0.62578125 0.45078125 0.07734375 0.115625
0 0.6375 0.6734375 0.07734375 0.50625
0 0.2625 0.67578125 0.10546875 0.51328125
0 0.603125 0.46640625 0.046875 0.06484375
0 0.9765625 0.38046875 0.0453125 0.121875
0 0.97578125 0.32890625 0.04609375 0.1453125
0 0.9828125 0.21015625 0.03203125 0.34453125
0 0.91484375 0.52578125 0.0984375 0.19765625
0 0.94609375 0.48203125 0.08515625 0.22734375
0 0.90859375 0.39453125 0.0578125 0.090625
0 0.90546875 0.359375 0.07109375 0.17890625
0 0.89375 0.2859375 0.059375 0.19609375
0 0.89609375 0.1609375 0.075 0.2359375
0 0.84921875 0.37890625 0.05546875 0.1421875
0 0.825 0.3421875 0.0421875 0.125
0 0.82109375 0.24375 0.07421875 0.12890625
0 0.83671875 0.153125 0.06953125 0.22421875
0 0.7046875 0.35859375 0.08515625 0.165625
0 0.7765625 0.34453125 0.078125 0.17578125
0 0.765625 0.24453125 0.0484375 0.10546875
0 0.7671875 0.13671875 0.075 0.1703125
0 0.7125 0.26796875 0.07890625 0.18203125
0 0.7109375 0.19296875 0.08203125 0.11015625
0 0.71328125 0.121875 0.05546875 0.146875
0 0.71328125 0.06875 0.0828125 0.1375
0 0.6265625 0.10390625 0.06875 0.2078125
0 0.66015625 0.11875 0.04296875 0.1203125
0 0.6328125 0.246875 0.0640625 0.30390625
0 0.67734375 0.2015625 0.05 0.1953125
0 0.5046875 0.0890625 0.05859375 0.17734375
0 0.5671875 0.0703125 0.02734375 0.08515625
0 0.5890625 0.2578125 0.1109375 0.3375
0 0.5203125 0.24140625 0.084375 0.15703125
0 0.54609375 0.3046875 0.053125 0.11171875
0 0.4640625 0.08515625 0.0671875 0.1703125
0 0.4578125 0.26640625 0.0921875 0.24765625
0 0.41015625 0.35390625 0.0640625 0.13671875
0 0.478125 0.6390625 0.0921875 0.53359375
0 0.38359375 0.0328125 0.046875 0.06328125
0 0.4203125 0.146875 0.084375 0.23203125
0 0.34921875 0.04921875 0.0578125 0.0953125
0 0.36796875 0.265625 0.084375 0.27265625
0 0.33359375 0.1390625 0.0671875 0.17265625
0 0.3375 0.39140625 0.034375 0.053125
0 0.2640625 0.09921875 0.0671875 0.19765625
0 0.30859375 0.0828125 0.05625 0.165625
0 0.25546875 0.13359375 0.09296875 0.2671875
0 0.29140625 0.21953125 0.0578125 0.1453125
0 0.25859375 0.2984375 0.06953125 0.1953125
0 0.146875 0.046875 0.128125 0.09375
0 0.17109375 0.11796875 0.0703125 0.15390625
0 0.1265625 0.14765625 0.078125 0.13359375
0 0.21953125 0.20078125 0.065625 0.140625
0 0.190625 0.28203125 0.06953125 0.22421875
0 0.2953125 0.41953125 0.03515625 0.06484375
0 0.271875 0.32109375 0.12890625 0.22265625
0 0.06171875 0.18125 0.0640625 0.24765625
0 0.0296875 0.1796875 0.059375 0.17734375
0 0.04296875 0.33515625 0.0765625 0.353125
0 0.121875 0.2203125 0.08203125 0.1609375
0 0.11015625 0.3453125 0.10625 0.17734375
0 0.0890625 0.55546875 0.07421875 0.14921875
0 0.1390625 0.55234375 0.0671875 0.1625
0 0.1 0.4875 0.109375 0.1890625
0 0.1515625 0.3765625 0.0890625 0.15546875
0 0.69375 0.65546875 0.16484375 0.5421875
0 0.39375 0.43046875 0.03984375 0.0484375
0 0.309375 0.45703125 0.0375 0.06015625
0 0.57734375 0.85859375 0.36875 0.12734375
0 0.5390625 0.3515625 0.1265625 0.1453125
0 0.1890625 0.07109375 0.0765625 0.1421875
0 0.20625 0.40546875 0.0328125 0.03671875