0 0.02890625 0.8078125 0.0234375 0.0671875
0 0.025 0.78203125 0.01328125 0.02109375
0 0.08984375 0.85703125 0.0734375 0.16484375
0 0.13046875 0.79375 0.03515625 0.05546875
0 0.13515625 0.84765625 0.06875 0.140625
0 0.16640625 0.884375 0.234375 0.22890625
0 0.27265625 0.78046875 0.03046875 0.04765625
0 0.3 0.8046875 0.03515625 0.0703125
0 0.3109375 0.8859375 0.09296875 0.22578125
0 0.38828125 0.91484375 0.0859375 0.16640625
0 0.43359375 0.89609375 0.05 0.20390625
0 0.4828125 0.87734375 0.0609375 0.2421875
0 0.51875 0.86953125 0.040625 0.2125
0 0.53828125 0.8640625 0.028125 0.16640625
0 0.54296875 0.86328125 0.04140625 0.175
0 0.5609375 0.8375 0.02421875 0.103125
0 0.5890625 0.81640625 0.0328125 0.0671875
0 0.3765625 0.83515625 0.0453125 0.12421875
0 0.4171875 0.815625 0.03515625 0.05546875
0 0.609375 0.884375 0.12109375 0.22890625
0 0.71328125 0.90703125 0.0859375 0.1828125
0 0.925 0.8734375 0.1234375 0.25
0 0.67265625 0.89921875 0.046875 0.19765625
0 0.7 0.82734375 0.028125 0.0734375
0 0.64296875 0.81796875 0.02578125 0.040625
0 0.68125 0.8140625 0.0171875 0.05546875
0 0.465625 0.478125 0.12265625 0.11953125
0 0.21171875 0.6921875 0.084375 0.184375
0 0.81171875 0.70859375 0.0453125 0.12890625
0 0.01171875 0.94296875 0.0234375 0.1109375
0 0.03828125 0.79296875 0.0109375 0.04375
0 0.0828125 0.78203125 0.0625 0.0703125
0 0.23984375 0.828125 0.028125 0.08828125
0 0.4125 0.775 0.12109375 0.0375
0 0.3515625 0.85625 0.0171875 0.12421875
0 0.39921875 0.81484375 0.0296875 0.040625
0 0.453125 0.84609375 0.0234375 0.1046875
0 0.4984375 0.771875 0.01953125 0.05390625
0 0.52421875 0.846875 0.01484375 0.175
0 0.53515625 0.9765625 0.07578125 0.03125
0 0.98828125 0.89765625 0.02109375 0.1453125
0 0.88203125 0.82109375 0.021875 0.0734375
0 0.8 0.82890625 0.0171875 0.02109375
0 0.77265625 0.8 0.01328125 0.02109375
0 0.646875 0.81015625 0.0171875 0.0421875
0 0.678125 0.80546875 0.03515625 0.065625
0 0.625 0.7453125 0.0609375 0.08515625
0 0.29453125 0.7390625 0.07734375 0.109375