0 0.91015625 0.72265625 0.17734375 0.40546875
0 0.640625 0.55078125 0.20703125 0.7140625
0 0.3921875 0.578125 0.16953125 0.659375
0 0.075 0.38828125 0.121875 0.41328125
0 0.17578125 0.40703125 0.12578125 0.36015625
0 0.27890625 0.40546875 0.09609375 0.38203125
0 0.31875 0.44140625 0.08046875 0.44140625
0 0.43203125 0.33125 0.10078125 0.23125
0 0.21953125 0.32734375 0.05390625 0.24453125
0 0.18046875 0.22890625 0.01796875 0.01640625
0 0.203125 0.24765625 0.025 0.0453125
0 0.19296875 0.22265625 0.0203125 0.04609375
0 0.24921875 0.24296875 0.0359375 0.0671875
0 0.31171875 0.2515625 0.0234375 0.0453125
0 0.325 0.23515625 0.021875 0.0453125
0 0.3546875 0.240625 0.03046875 0.0609375
0 0.41328125 0.22890625 0.075 0.0796875
0 0.465625 0.34453125 0.06640625 0.2828125
0 0.5 0.34140625 0.0578125 0.26640625
0 0.534375 0.35234375 0.05234375 0.24296875
0 0.79140625 0.2875 0.01640625 0.059375
0 0.8109375 0.27421875 0.0203125 0.046875
0 0.84296875 0.28203125 0.01171875 0.0640625
0 0.840625 0.28046875 0.0203125 0.0640625
0 0.85625 0.2859375 0.01640625 0.06171875
0 0.8515625 0.28203125 0.0109375 0.05546875
0 0.27265625 0.22421875 0.00859375 0.01328125
0 0.30625 0.22734375 0.01484375 0.00859375
0 0.32734375 0.22265625 0.0109375 0.01328125
0 0.33828125 0.21015625 0.01171875 0.0125
0 0.840625 0.27890625 0.00859375 0.059375