0 0.0578125 0.82265625 0.115625 0.3515625
0 0.1125 0.38671875 0.01953125 0.11640625
0 0.0734375 0.4421875 0.04609375 0.115625
0 0.0484375 0.634375 0.06640625 0.28203125
0 0.08515625 0.5109375 0.03671875 0.121875
0 0.0703125 0.66484375 0.06796875 0.1484375
0 0.11875 0.73359375 0.05546875 0.3265625
0 0.1640625 0.7578125 0.06015625 0.36796875
0 0.10625 0.45234375 0.0203125 0.06796875
0 0.14765625 0.50703125 0.03984375 0.1359375
0 0.1734375 0.5890625 0.0453125 0.165625
0 0.21953125 0.58203125 0.06015625 0.1453125
0 0.2 0.4734375 0.03046875 0.071875
0 0.16015625 0.384375 0.01875 0.08359375
0 0.2421875 0.41640625 0.02265625 0.1234375
0 0.25703125 0.384375 0.028125 0.07109375
0 0.2546875 0.43671875 0.02578125 0.07578125
0 0.2609375 0.30703125 0.01484375 0.0484375
0 0.27890625 0.3921875 0.02265625 0.06015625
0 0.29609375 0.40859375 0.03203125 0.0859375
0 0.38203125 0.28046875 0.01328125 0.0453125
0 0.31953125 0.73046875 0.06875 0.24140625
0 0.3703125 0.75078125 0.0546875 0.2203125
0 0.378125 0.70390625 0.09453125 0.3453125
0 0.43203125 0.66640625 0.0625 0.31171875
0 0.4390625 0.5671875 0.07265625 0.18203125
0 0.41015625 0.29453125 0.01171875 0.0296875
0 0.3890625 0.28125 0.01328125 0.05546875
0 0.27265625 0.53984375 0.05859375 0.14609375
0 0.2921875 0.3234375 0.02109375 0.07109375
0 0.39140625 0.4046875 0.025 0.13125
0 0.3953125 0.42265625 0.01953125 0.115625
0 0.40390625 0.41484375 0.04609375 0.09609375
0 0.41796875 0.4453125 0.04296875 0.09296875
0 0.3703125 0.4859375 0.0265625 0.09375
0 0.32890625 0.51484375 0.06484375 0.121875
0 0.43671875 0.30390625 0.02109375 0.046875
0 0.403125 0.296875 0.0171875 0.08125
0 0.41484375 0.2671875 0.01328125 0.025
0 0.44375 0.27421875 0.01640625 0.06171875
0 0.428125 0.290625 0.0140625 0.0484375
0 0.44765625 0.41328125 0.034375 0.09609375
0 0.4765625 0.43125 0.02109375 0.07421875
0 0.484375 0.41875 0.01796875 0.0703125
0 0.48046875 0.54609375 0.025 0.1859375
0 0.4921875 0.56953125 0.04296875 0.1515625
0 0.5234375 0.584375 0.06953125 0.11796875
0 0.51953125 0.49609375 0.03515625 0.109375
0 0.5375 0.47265625 0.02265625 0.1234375
0 0.51640625 0.259375 0.01640625 0.0390625
0 0.51796875 0.29296875 0.01953125 0.07109375
0 0.53359375 0.26875 0.01484375 0.0234375
0 0.5484375 0.27109375 0.01484375 0.034375
0 0.48125 0.31640625 0.02109375 0.0453125
0 0.49296875 0.3046875 0.015625 0.028125
0 0.5046875 0.34609375 0.02578125 0.04609375
0 0.52421875 0.38671875 0.03203125 0.10078125
0 0.54765625 0.34140625 0.01640625 0.040625
0 0.56171875 0.4046875 0.03046875 0.1
0 0.571875 0.37578125 0.02421875 0.10390625
0 0.5015625 0.3109375 0.01484375 0.04140625
0 0.528125 0.3859375 0.02890625 0.11015625
0 0.59453125 0.61640625 0.04921875 0.16953125
0 0.52890625 0.90390625 0.08828125 0.18984375
0 0.63203125 0.87109375 0.08203125 0.25546875
0 0.59453125 0.91796875 0.09375 0.16171875
0 0.684375 0.80703125 0.08046875 0.384375
0 0.7453125 0.8890625 0.1015625 0.2203125
0 0.9296875 0.88203125 0.13984375 0.203125
0 0.8734375 0.86484375 0.13984375 0.2109375
0 0.66328125 0.2890625 0.01953125 0.07421875
0 0.66484375 0.32421875 0.00859375 0.040625
0 0.66328125 0.371875 0.0203125 0.0734375
0 0.634375 0.45859375 0.02890625 0.153125
0 0.61015625 0.425 0.03203125 0.08359375
0 0.6078125 0.43203125 0.0359375 0.09609375
0 0.6421875 0.37109375 0.01796875 0.103125
0 0.68515625 0.6640625 0.08828125 0.215625
0 0.67578125 0.28359375 0.01171875 0.0359375
0 0.68671875 0.3421875 0.02421875 0.08828125
0 0.6953125 0.3359375 0.015625 0.065625
0 0.71796875 0.36875 0.028125 0.06640625
0 0.684375 0.2828125 0.01171875 0.05859375
0 0.69921875 0.30703125 0.015625 0.040625
0 0.69765625 0.29375 0.01953125 0.03671875
0 0.71015625 0.29296875 0.0171875 0.0703125
0 0.72578125 0.275 0.015625 0.04453125
0 0.74453125 0.315625 0.01484375 0.0296875
0 0.73046875 0.3140625 0.01640625 0.071875
0 0.7359375 0.28046875 0.01328125 0.03515625
0 0.7671875 0.296875 0.01171875 0.0859375
0 0.77421875 0.303125 0.0203125 0.06796875
0 0.7875 0.29140625 0.01171875 0.05390625
0 0.79765625 0.31328125 0.021875 0.04609375
0 0.7640625 0.375 0.02421875 0.08125
0 0.7484375 0.39453125 0.02265625 0.071875
0 0.728125 0.4390625 0.02890625 0.078125
0 0.746875 0.453125 0.03203125 0.05859375
0 0.76015625 0.44609375 0.021875 0.06875
0 0.69296875 0.54140625 0.059375 0.19140625
0 0.809375 0.5296875 0.05234375 0.0890625
0 0.7828125 0.63359375 0.0609375 0.1484375
0 0.84765625 0.625 0.08125 0.13515625
0 0.81484375 0.309375 0.02109375 0.05390625
0 0.78046875 0.38125 0.02109375 0.1265625
0 0.79375 0.34296875 0.0171875 0.06171875
0 0.80703125 0.36875 0.0265625 0.09375
0 0.8453125 0.32265625 0.0171875 0.05078125
0 0.83828125 0.3859375 0.02109375 0.10390625
0 0.81015625 0.440625 0.02734375 0.109375
0 0.83828125 0.46953125 0.04296875 0.12109375
0 0.9140625 0.47109375 0.03984375 0.18359375
0 0.85703125 0.28515625 0.01953125 0.03671875
0 0.86171875 0.32109375 0.01328125 0.06953125
0 0.86875 0.29375 0.01484375 0.03984375
0 0.88046875 0.334375 0.0171875 0.04375
0 0.890625 0.31953125 0.01484375 0.07109375
0 0.86796875 0.278125 0.01328125 0.028125
0 0.92109375 0.365625 0.025 0.05703125
0 0.9890625 0.28046875 0.01484375 0.03359375
0 0.9828125 0.315625 0.01484375 0.08359375
0 0.96796875 0.29375 0.02265625 0.0484375
0 0.9640625 0.29765625 0.0171875 0.07109375
0 0.95234375 0.328125 0.01953125 0.09140625
0 0.95078125 0.31875 0.02109375 0.08671875
0 0.3609375 0.43359375 0.0234375 0.04375
0 0.32578125 0.4765625 0.03359375 0.078125
0 0.45234375 0.2921875 0.0140625 0.06015625
0 0.46015625 0.275 0.01640625 0.071875
0 0.97578125 0.325 0.015625 0.040625
0 0.53046875 0.478125 0.03125 0.11640625
0 0.10234375 0.31171875 0.01328125 0.03046875
0 0.18515625 0.384375 0.0375 0.096875
0 0.21796875 0.4234375 0.02734375 0.1609375
0 0.23828125 0.296875 0.021875 0.04921875
0 0.33046875 0.2859375 0.071875 0.078125
0 0.3875 0.3265625 0.01484375 0.02578125
0 0.45703125 0.23671875 0.0171875 0.02109375
0 0.54140625 0.28359375 0.02265625 0.02890625
0 0.6234375 0.97421875 0.05078125 0.04921875
0 0.984375 0.76640625 0.03046875 0.18671875
0 0.64921875 0.25546875 0.009375 0.0140625
0 0.80546875 0.50859375 0.10078125 0.1359375
0 0.825 0.2890625 0.04140625 0.1359375
0 0.88203125 0.2875 0.01171875 0.03046875
0 0.9140625 0.328125 0.02734375 0.11015625
0 0.01015625 0.92890625 0.0203125 0.1390625