0 0.0296875 0.6109375 0.059375 0.30859375
0 0.2515625 0.51953125 0.02421875 0.0421875
0 0.6609375 0.49296875 0.03046875 0.0765625
0 0.6421875 0.7546875 0.10078125 0.48671875
0 0.684375 0.49375 0.02578125 0.05703125
0 0.67890625 0.55625 0.02890625 0.15078125
0 0.70234375 0.58125 0.040625 0.246875
0 0.71171875 0.5796875 0.05625 0.209375
0 0.72890625 0.7515625 0.0921875 0.47734375
0 0.784375 0.7390625 0.10703125 0.52109375
0 0.9140625 0.490625 0.03671875 0.06328125
0 0.1015625 0.65625 0.065625 0.415625
0 0.9140625 0.834375 0.0375 0.04140625
0 0.98515625 0.84765625 0.02890625 0.01875
0 0.97734375 0.409375 0.04453125 0.2828125
0 0.91796875 0.403125 0.046875 0.10625
0 0.79609375 0.4703125 0.0125 0.0140625
0 0.828125 0.48671875 0.01875 0.03359375
0 0.828125 0.41796875 0.01796875 0.0484375
0 0.70859375 0.42265625 0.06875 0.17421875
0 0.7578125 0.44765625 0.0265625 0.21796875
0 0.4046875 0.42734375 0.303125 0.56328125
0 0.225 0.41875 0.0609375 0.15234375
0 0.171875 0.625 0.0609375 0.22734375
0 0.11484375 0.35078125 0.090625 0.3140625
0 0.125 0.75078125 0.028125 0.0625
0 0.1203125 0.5234375 0.015625 0.025