0 0.17109375 0.78125 0.0109375 0.046875
0 0.178125 0.7859375 0.01328125 0.0484375
0 0.21875 0.7640625 0.0125 0.046875
0 0.23515625 0.76875 0.01015625 0.0375
0 0.240625 0.77578125 0.0109375 0.03515625
0 0.25546875 0.75703125 0.0109375 0.03515625
0 0.2625 0.75703125 0.00859375 0.03515625
0 0.26875 0.75234375 0.0109375 0.0375
0 0.28125 0.75390625 0.0109375 0.04453125
0 0.4578125 0.37265625 0.05078125 0.15234375
0 0.83671875 0.83359375 0.0109375 0.046875
0 0.83515625 0.8734375 0.01875 0.07421875
0 0.8296875 0.8875 0.0171875 0.06484375
0 0.84453125 0.8828125 0.02265625 0.0671875
0 0.8609375 0.84296875 0.01484375 0.0390625
0 0.8625 0.87265625 0.01640625 0.06171875
0 0.9390625 0.828125 0.0125 0.03203125
0 0.80078125 0.9078125 0.01640625 0.06875
0 0.82109375 0.92578125 0.02265625 0.07109375
0 0.85 0.94609375 0.0234375 0.078125
0 0.8625 0.95 0.01484375 0.06328125
0 0.8703125 0.93984375 0.01640625 0.06171875
0 0.88046875 0.93515625 0.01484375 0.059375
0 0.86640625 0.9234375 0.01640625 0.0671875
0 0.8796875 0.9234375 0.01953125 0.078125
0 0.89921875 0.940625 0.0171875 0.07421875
0 0.9078125 0.90390625 0.01484375 0.06484375
0 0.92109375 0.92578125 0.01640625 0.078125
0 0.92578125 0.8921875 0.01484375 0.0671875
0 0.93828125 0.9015625 0.01875 0.02578125
0 0.9359375 0.971875 0.0234375 0.05234375
0 0.92421875 0.98046875 0.0296875 0.03515625
0 0.8953125 0.98046875 0.02578125 0.03515625
0 0.08671875 0.6953125 0.0125 0.03515625
0 0.00703125 0.64765625 0.01328125 0.05234375
0 0.1953125 0.77109375 0.0359375 0.059375
0 0.34609375 0.79765625 0.08828125 0.0875
0 0.4734375 0.5046875 0.0796875 0.07109375
0 0.446875 0.6875 0.12265625 0.0484375
0 0.92890625 0.67578125 0.140625 0.06328125
0 0.9078125 0.93046875 0.01640625 0.06171875
0 0.84296875 0.9765625 0.08359375 0.04296875
0 0.6640625 0.809375 0.0359375 0.06171875
0 0.89765625 0.459375 0.02109375 0.0390625
0 0.04296875 0.6515625 0.0234375 0.0671875
0 0.16015625 0.75078125 0.0078125 0.0296875
0 0.6046875 0.66015625 0.046875 0.03203125
0 0.6671875 0.65546875 0.0421875 0.02265625