0 0.1953125 0.728125 0.0484375 0.2921875
0 0.2265625 0.70390625 0.0484375 0.26953125
0 0.26875 0.6640625 0.04921875 0.23671875
0 0.2953125 0.7609375 0.08515625 0.38515625
0 0.3203125 0.70078125 0.0359375 0.24296875
0 0.334375 0.70078125 0.04453125 0.30703125
0 0.37890625 0.75234375 0.1046875 0.45234375
0 0.353125 0.70234375 0.03984375 0.315625
0 0.4484375 0.7046875 0.08359375 0.34765625
0 0.5515625 0.73125 0.07265625 0.421875
0 0.41328125 0.58359375 0.0265625 0.03515625
0 0.47109375 0.65546875 0.0265625 0.1484375
0 0.321875 0.60234375 0.0234375 0.053125
0 0.2421875 0.59765625 0.01484375 0.0328125