0 0.92421875 0.0375 0.03203125 0.0671875
0 0.1203125 0.29609375 0.04375 0.10234375
0 0.96640625 0.89765625 0.0640625 0.2015625
0 0.92890625 0.9296875 0.08984375 0.1359375
0 0.85390625 0.9421875 0.084375 0.11171875
0 0.871875 0.809375 0.05625 0.046875
0 0.821875 0.8421875 0.0921875 0.24921875
0 0.74921875 0.8734375 0.09375 0.19140625
0 0.725 0.80859375 0.09375 0.25859375
0 0.903125 0.6890625 0.065625 0.2203125
0 0.85234375 0.66953125 0.071875 0.18046875
0 0.934375 0.54921875 0.05234375 0.14453125
0 0.79296875 0.6515625 0.06171875 0.15390625
0 0.77734375 0.7359375 0.0421875 0.1625
0 0.71328125 0.696875 0.0578125 0.16015625
0 0.74609375 0.6328125 0.03984375 0.084375
0 0.77109375 0.56328125 0.0421875 0.15625
0 0.753125 0.58828125 0.04609375 0.09765625
0 0.7359375 0.56875 0.0359375 0.0734375
0 0.70234375 0.628125 0.04765625 0.1734375
0 0.67109375 0.70390625 0.05390625 0.2046875
0 0.646875 0.7359375 0.06171875 0.246875
0 0.5703125 0.71484375 0.08828125 0.16484375
0 0.459375 0.8171875 0.08984375 0.28046875
0 0.48203125 0.68828125 0.05625 0.13359375
0 0.5390625 0.72578125 0.05 0.16953125
0 0.60625 0.634375 0.06015625 0.10234375
0 0.653125 0.63046875 0.0421875 0.0671875
0 0.67734375 0.57109375 0.0421875 0.1
0 0.646875 0.5734375 0.0421875 0.14453125
0 0.6171875 0.58125 0.04609375 0.084375
0 0.42578125 0.70703125 0.0921875 0.2296875
0 0.51171875 0.66171875 0.05234375 0.1734375
0 0.546875 0.62265625 0.0578125 0.078125
0 0.51796875 0.56484375 0.04765625 0.11328125
0 0.5453125 0.6078125 0.05390625 0.15625
0 0.346875 0.68671875 0.0703125 0.24296875
0 0.3203125 0.6546875 0.071875 0.240625
0 0.31328125 0.56015625 0.0703125 0.08203125
0 0.27109375 0.70625 0.078125 0.2140625
0 0.384375 0.55546875 0.0640625 0.14453125
0 0.484375 0.49921875 0.05625 0.10234375
0 0.45390625 0.4921875 0.04375 0.1515625
0 0.4203125 0.496875 0.03984375 0.16484375
0 0.38515625 0.4578125 0.05390625 0.12265625
0 0.32265625 0.48671875 0.05 0.1625
0 0.27265625 0.49765625 0.0578125 0.17578125
0 0.2140625 0.47421875 0.05625 0.11171875
0 0.21015625 0.5671875 0.04765625 0.06875
0 0.1640625 0.60234375 0.06015625 0.1046875
0 0.09375 0.62890625 0.0640625 0.17578125
0 0.06015625 0.58125 0.06015625 0.21796875
0 0.03125 0.54453125 0.0421875 0.1984375
0 0.08671875 0.51015625 0.034375 0.09765625
0 0.15390625 0.5375 0.05234375 0.1046875
0 0.18515625 0.51015625 0.04609375 0.0625
0 0.12109375 0.51796875 0.05390625 0.1578125
0 0.15703125 0.47578125 0.034375 0.0734375
0 0.0359375 0.415625 0.03984375 0.06875
0 0.1453125 0.3953125 0.0421875 0.0515625
0 0.14609375 0.4 0.04375 0.109375
0 0.12578125 0.3609375 0.04375 0.08046875
0 0.10234375 0.3953125 0.0359375 0.1
0 0.06328125 0.38046875 0.05390625 0.09375
0 0.0546875 0.46875 0.03828125 0.09140625
0 0.12578125 0.42109375 0.028125 0.03984375
0 0.17890625 0.35078125 0.0296875 0.0421875
0 0.1859375 0.375 0.05625 0.08203125
0 0.19375 0.3984375 0.04765625 0.04921875
0 0.1953125 0.4328125 0.0578125 0.08671875
0 0.23515625 0.4328125 0.04609375 0.06875
0 0.253125 0.40625 0.04609375 0.0734375
0 0.221875 0.37890625 0.03984375 0.04453125
0 0.21328125 0.35 0.04609375 0.0890625
0 0.246875 0.3515625 0.0421875 0.0890625
0 0.30078125 0.34296875 0.034375 0.04921875
0 0.3296875 0.36328125 0.0359375 0.0890625
0 0.29609375 0.38046875 0.04765625 0.0671875
0 0.29375 0.425 0.028125 0.04453125
0 0.33671875 0.40390625 0.0421875 0.0515625
0 0.34375 0.44453125 0.04765625 0.15390625
0 0.3640625 0.4078125 0.03984375 0.07109375
0 0.34921875 0.3640625 0.05 0.0421875
0 0.37109375 0.31875 0.0421875 0.04921875
0 0.3828125 0.3734375 0.034375 0.09140625
0 0.41171875 0.32734375 0.03984375 0.07109375
0 0.44765625 0.38203125 0.03203125 0.06875
0 0.42734375 0.415625 0.03828125 0.0734375
0 0.4640625 0.40625 0.028125 0.0515625
0 0.48828125 0.4453125 0.04765625 0.1515625
0 0.49921875 0.415625 0.01796875 0.02421875
0 0.43984375 0.3296875 0.03203125 0.07578125
0 0.59296875 0.51328125 0.05390625 0.09140625
0 0.565625 0.56015625 0.03984375 0.09609375
0 0.18828125 0.57578125 0.04765625 0.14453125
0 0.153125 0.54140625 0.05 0.115625
0 0.63828125 0.5859375 0.0359375 0.03984375
0 0.24609375 0.58828125 0.03203125 0.053125
0 0.01328125 0.4625 0.02578125 0.23828125
0 0.125 0.32265625 0.00234375 0.0046875
0 0.0828125 0.375 0.01796875 0.0375
0 0.09375 0.48125 0.04765625 0.07578125
0 0.384375 0.31953125 0.015625 0.02890625
0 0.5171875 0.465625 0.04609375 0.08046875
0 0.52578125 0.37421875 0.05625 0.0578125
0 0.21484375 0.5265625 0.021875 0.015625