0 0.0765625 0.49296875 0.1125 0.40703125
0 0.16328125 0.59140625 0.0953125 0.41328125
0 0.27265625 0.66875 0.20859375 0.5640625
0 0.03984375 0.3078125 0.03984375 0.11328125
0 0.0453125 0.2703125 0.02265625 0.059375
0 0.134375 0.371875 0.040625 0.15546875
0 0.1796875 0.5140625 0.09296875 0.35234375
0 0.21484375 0.38671875 0.05234375 0.13828125
0 0.1390625 0.30078125 0.0296875 0.0546875
0 0.15703125 0.26875 0.03359375 0.06796875
0 0.15703125 0.3140625 0.02890625 0.06875
0 0.171875 0.31875 0.04609375 0.078125
0 0.18359375 0.3296875 0.0375 0.04296875
0 0.18984375 0.2734375 0.021875 0.025
0 0.21171875 0.26953125 0.0203125 0.04375
0 0.22109375 0.30625 0.034375 0.0796875
0 0.23359375 0.28046875 0.021875 0.04609375
0 0.24375 0.278125 0.0203125 0.040625
0 0.24765625 0.3234375 0.040625 0.06015625
0 0.2640625 0.396875 0.1109375 0.21171875
0 0.2671875 0.27734375 0.034375 0.0515625
0 0.2640625 0.30859375 0.028125 0.075
0 0.30859375 0.35859375 0.04375 0.13671875
0 0.3625 0.521875 0.07734375 0.33515625
0 0.3171875 0.3140625 0.02265625 0.06328125
0 0.33828125 0.30234375 0.02890625 0.08125
0 0.34609375 0.3578125 0.046875 0.103125
0 0.3640625 0.2875 0.02578125 0.05703125
0 0.38828125 0.33984375 0.0421875 0.13671875
0 0.4046875 0.33984375 0.025 0.10859375
0 0.4125 0.35 0.02890625 0.125
0 0.41484375 0.29609375 0.01328125 0.04765625
0 0.42265625 0.49765625 0.05625 0.30078125
0 0.46796875 0.54453125 0.1265625 0.40546875
0 0.5328125 0.44765625 0.053125 0.16875
0 0.528125 0.6625 0.13828125 0.503125
0 0.646875 0.6375 0.0953125 0.4109375
0 0.73359375 0.6703125 0.1421875 0.45546875
0 0.81484375 0.5375 0.08125 0.24921875
0 0.77265625 0.42578125 0.04765625 0.08515625
0 0.78046875 0.41171875 0.059375 0.10390625
0 0.81328125 0.3734375 0.04453125 0.13125
0 0.8015625 0.34609375 0.0453125 0.084375
0 0.80078125 0.315625 0.02578125 0.04296875
0 0.76640625 0.365625 0.02421875 0.06875
0 0.734375 0.4046875 0.05625 0.16328125
0 0.7640625 0.321875 0.028125 0.05390625
0 0.68828125 0.440625 0.0421875 0.221875
0 0.71796875 0.40859375 0.065625 0.26015625
0 0.028125 0.45859375 0.05546875 0.409375
0 0.09375 0.28828125 0.0765625 0.08984375
0 0.06015625 0.35078125 0.01015625 0.0359375
0 0.20390625 0.28828125 0.01953125 0.04140625
0 0.26953125 0.2484375 0.03125 0.07890625
0 0.27890625 0.30390625 0.01796875 0.02109375
0 0.4578125 0.3328125 0.04296875 0.15390625
0 0.4765625 0.0953125 0.04375 0.10703125
0 0.59765625 0.0875 0.1796875 0.175
0 0.8796875 0.1109375 0.16484375 0.17734375
0 0.58515625 0.34296875 0.18984375 0.303125
0 0.90703125 0.56171875 0.18515625 0.60703125
0 0.81171875 0.22890625 0.21953125 0.05859375
0 0.69296875 0.33671875 0.02578125 0.06171875
0 0.70546875 0.496875 0.01953125 0.0484375