0 0.496875 0.821875 0.1703125 0.35234375
0 0.71171875 0.84140625 0.203125 0.3140625
0 0.87578125 0.75546875 0.121875 0.29921875
0 0.9453125 0.81484375 0.1078125 0.3671875
0 0.915625 0.57578125 0.16640625 0.30078125
0 0.81484375 0.53828125 0.10078125 0.365625
0 0.4078125 0.86796875 0.03671875 0.18359375
0 0.56171875 0.7640625 0.075 0.27421875
0 0.64765625 0.77734375 0.07109375 0.253125
0 0.58125 0.753125 0.04765625 0.21484375
0 0.62265625 0.71796875 0.046875 0.1734375
0 0.58671875 0.67734375 0.03671875 0.115625
0 0.6125 0.72109375 0.03125 0.1703125
0 0.53671875 0.66328125 0.02109375 0.0546875
0 0.40625 0.67421875 0.03203125 0.13046875
0 0.46171875 0.6171875 0.025 0.09296875
0 0.146875 0.9359375 0.0484375 0.12578125
0 0.16640625 0.81171875 0.05625 0.15390625
0 0.203125 0.7796875 0.04609375 0.140625
0 0.16171875 0.7359375 0.0328125 0.0625
0 0.1453125 0.69296875 0.03046875 0.09921875
0 0.17109375 0.70703125 0.04609375 0.1078125
0 0.16640625 0.65 0.04296875 0.0625
0 0.2046875 0.65546875 0.03984375 0.1203125
0 0.23984375 0.73046875 0.05546875 0.1484375
0 0.27265625 0.709375 0.0359375 0.13046875
0 0.2421875 0.68046875 0.03671875 0.1109375
0 0.2328125 0.63125 0.02109375 0.06484375
0 0.2921875 0.6703125 0.040625 0.10546875
0 0.09296875 0.68203125 0.05 0.13515625
0 0.0703125 0.5984375 0.0203125 0.04765625
0 0.23359375 0.58515625 0.02421875 0.0796875
0 0.275 0.5921875 0.03984375 0.10546875
0 0.3234375 0.61484375 0.0359375 0.10390625
0 0.31875 0.57109375 0.0203125 0.04296875
0 0.27265625 0.53671875 0.01640625 0.04609375
0 0.28984375 0.52890625 0.0171875 0.03828125
0 0.30703125 0.52109375 0.0171875 0.053125
0 0.46015625 0.53125 0.0171875 0.07890625
0 0.47265625 0.53828125 0.01875 0.07578125
0 0.45390625 0.48984375 0.0171875 0.04296875
0 0.5 0.5203125 0.0171875 0.07734375
0 0.50859375 0.5109375 0.015625 0.07421875
0 0.525 0.5140625 0.0171875 0.07734375
0 0.53359375 0.51796875 0.01875 0.08125
0 0.50859375 0.47578125 0.0109375 0.0296875
0 0.528125 0.46796875 0.01328125 0.05625
0 0.58203125 0.5546875 0.02265625 0.09296875
0 0.56953125 0.54453125 0.01484375 0.084375
0 0.621875 0.51796875 0.02109375 0.07578125
0 0.6296875 0.5140625 0.0265625 0.07734375
0 0.871875 0.37578125 0.10703125 0.259375
0 0.83984375 0.2859375 0.08984375 0.20703125
0 0.8140625 0.22265625 0.06796875 0.18828125
0 0.7515625 0.1890625 0.06015625 0.24140625
0 0.7765625 0.146875 0.05234375 0.225
0 0.8203125 0.10390625 0.03046875 0.06484375
0 0.86171875 0.12890625 0.04296875 0.12421875
0 0.88359375 0.13828125 0.0546875 0.20859375
0 0.41015625 0.20546875 0.03671875 0.1203125
0 0.46484375 0.15703125 0.028125 0.059375
0 0.4890625 0.15703125 0.02109375 0.053125
0 0.50703125 0.15546875 0.0265625 0.05
0 0.121875 0.5609375 0.08671875 0.07890625
0 0.37890625 0.48046875 0.0671875 0.15
0 0.290625 0.46796875 0.01640625 0.0328125
0 0.47890625 0.43984375 0.0421875 0.0890625
0 0.5359375 0.41640625 0.03125 0.03828125
0 0.58046875 0.45625 0.06015625 0.11875
0 0.634375 0.46875 0.03046875 0.06640625
0 0.671875 0.54140625 0.03046875 0.1671875
0 0.94453125 0.134375 0.10703125 0.20625
0 0.53515625 0.19296875 0.0328125 0.1359375
0 0.484375 0.15859375 0.01328125 0.0265625
0 0.38046875 0.21640625 0.01953125 0.10703125