0 0.08828125 0.82578125 0.0359375 0.13359375
0 0.16875 0.8015625 0.0453125 0.075
0 0.19609375 0.81171875 0.0265625 0.0859375
0 0.20625 0.79765625 0.0265625 0.0703125
0 0.25078125 0.81875 0.03125 0.08359375
0 0.28359375 0.81015625 0.028125 0.09609375
0 0.23828125 0.80546875 0.021875 0.08125
0 0.03671875 0.88125 0.0734375 0.23515625
0 0.0671875 0.78125 0.0234375 0.03515625
0 0.11171875 0.79921875 0.01484375 0.015625
0 0.2703125 0.78984375 0.00625 0.0203125
0 0.3296875 0.8109375 0.02265625 0.06796875
0 0.31953125 0.784375 0.00859375 0.0171875
0 0.34921875 0.76875 0.0046875 0.01796875
0 0.3453125 0.77109375 0.00625 0.0171875
0 0.43125 0.8578125 0.075 0.23671875
0 0.4046875 0.86171875 0.0328125 0.1890625
0 0.3796875 0.81328125 0.0171875 0.07734375
0 0.3671875 0.77890625 0.0078125 0.02265625
0 0.371875 0.81171875 0.01484375 0.071875
0 0.50859375 0.83125 0.0359375 0.125
0 0.4625 0.80234375 0.0109375 0.04609375
0 0.39921875 0.75859375 0.00859375 0.02890625
0 0.4125 0.7578125 0.0078125 0.0328125
0 0.42421875 0.759375 0.00703125 0.02578125
0 0.4859375 0.80703125 0.0203125 0.06796875
0 0.52265625 0.8046875 0.01640625 0.0703125
0 0.4953125 0.7625 0.015625 0.0265625
0 0.50625 0.76640625 0.009375 0.02890625
0 0.515625 0.76875 0.009375 0.03046875
0 0.5265625 0.76328125 0.0109375 0.03515625
0 0.51484375 0.75234375 0.00859375 0.01953125
0 0.53984375 0.75234375 0.009375 0.015625
0 0.53671875 0.7890625 0.01484375 0.03125
0 0.5453125 0.8203125 0.0296875 0.1015625
0 0.640625 0.84453125 0.04296875 0.16015625
0 0.60390625 0.7921875 0.0359375 0.05703125
0 0.56953125 0.8375 0.03046875 0.11875
0 0.57421875 0.76875 0.0140625 0.0203125
0 0.56171875 0.76328125 0.0125 0.015625
0 0.675 0.80859375 0.02265625 0.065625
0 0.753125 0.83828125 0.04375 0.146875
0 0.6921875 0.76171875 0.00859375 0.028125
0 0.8359375 0.8515625 0.05859375 0.2171875
0 0.88984375 0.8484375 0.0578125 0.17734375
0 0.88984375 0.846875 0.05859375 0.1828125
0 0.91796875 0.8375 0.046875 0.14765625
0 0.97265625 0.8578125 0.053125 0.17734375
0 0.628125 0.78203125 0.01875 0.03359375
0 0.49453125 0.80546875 0.0109375 0.06640625
0 0.27421875 0.8015625 0.0109375 0.0390625
0 0.1390625 0.8 0.021875 0.0125
0 0.2625 0.78359375 0.01171875 0.01796875
0 0.2765625 0.7703125 0.00859375 0.015625
0 0.278125 0.85390625 0.03984375 0.0109375
0 0.31484375 0.8515625 0.0359375 0.0109375
0 0.47734375 0.9421875 0.05390625 0.04140625
0 0.415625 0.94453125 0.01640625 0.0203125
0 0.459375 0.9171875 0.0171875 0.009375
0 0.40703125 0.75703125 0.00703125 0.02265625
0 0.41875 0.7609375 0.00703125 0.028125
0 0.4734375 0.76171875 0.034375 0.028125
0 0.47265625 0.79375 0.0140625 0.0390625
0 0.45078125 0.7796875 0.0125 0.01796875
0 0.5609375 0.78984375 0.0109375 0.015625
0 0.584375 0.79765625 0.00859375 0.0265625
0 0.95390625 0.7875 0.0171875 0.0265625
0 0.98515625 0.79140625 0.01875 0.0265625
0 0.73671875 0.7671875 0.01484375 0.021875
0 0.93359375 0.7859375 0.021875 0.03046875
0 0.8609375 0.79296875 0.0171875 0.03515625
0 0.81875 0.7828125 0.01953125 0.028125
0 0.596875 0.78515625 0.01640625 0.04140625
0 0.25078125 0.7671875 0.02421875 0.0171875
0 0.2203125 0.7796875 0.03046875 0.04375
0 0.0984375 0.790625 0.01640625 0.03515625
0 0.0625 0.7890625 0.015625 0.0390625
0 0.040625 0.7734375 0.0203125 0.0265625
0 0.01015625 0.7859375 0.0203125 0.040625