0 0.9390625 0.5765625 0.06171875 0.275
0 0.984375 0.50546875 0.02890625 0.096875
0 0.965625 0.5765625 0.03125 0.221875
0 0.88671875 0.6265625 0.0296875 0.1859375
0 0.9078125 0.615625 0.02578125 0.146875
0 0.86875 0.6265625 0.0234375 0.15
0 0.890625 0.50546875 0.0375 0.0859375
0 0.871875 0.4796875 0.0328125 0.07890625
0 0.89453125 0.46328125 0.0203125 0.04609375
0 0.840625 0.584375 0.04609375 0.2515625
0 0.8 0.67265625 0.05546875 0.315625
0 0.803125 0.51953125 0.04296875 0.13046875
0 0.7953125 0.4828125 0.0265625 0.06796875
0 0.834375 0.425 0.02578125 0.08046875
0 0.75859375 0.5828125 0.046875 0.28203125
0 0.7828125 0.4703125 0.0203125 0.03203125
0 0.73125 0.54921875 0.0453125 0.24296875
0 0.690625 0.55546875 0.03515625 0.2
0 0.709375 0.47578125 0.0265625 0.059375
0 0.7046875 0.46953125 0.02109375 0.06640625
0 0.64921875 0.6875 0.0984375 0.621875
0 0.609375 0.65859375 0.07890625 0.58046875
0 0.5859375 0.65 0.0421875 0.4390625
0 0.54609375 0.62265625 0.0609375 0.4234375
0 0.36875 0.6109375 0.11953125 0.625
0 0.3453125 0.56171875 0.065625 0.5375
0 0.009375 0.55078125 0.01875 0.23203125
0 0.0359375 0.525 0.06171875 0.28359375
0 0.06015625 0.59140625 0.06875 0.178125
0 0.0921875 0.51875 0.046875 0.21796875
0 0.1078125 0.46015625 0.02734375 0.10390625
0 0.1390625 0.5109375 0.05390625 0.171875
0 0.1453125 0.5078125 0.0375 0.15703125
0 0.19375 0.50234375 0.0515625 0.17109375
0 0.196875 0.50234375 0.03671875 0.159375
0 0.24375 0.559375 0.05 0.2484375
0 0.240625 0.43984375 0.03359375 0.07109375
0 0.2671875 0.5484375 0.0296875 0.221875
0 0.278125 0.45078125 0.02109375 0.04609375
0 0.29453125 0.55078125 0.0484375 0.2484375
0 0.31328125 0.534375 0.0265625 0.2484375
0 0.390625 0.5265625 0.02109375 0.1640625
0 0.40078125 0.528125 0.028125 0.1765625
0 0.4125 0.634375 0.03671875 0.08046875
0 0.4421875 0.63203125 0.03984375 0.09140625
0 0.428125 0.521875 0.046875 0.17890625
0 0.4625 0.5390625 0.0375 0.203125
0 0.4859375 0.5890625 0.01796875 0.04140625
0 0.50546875 0.5125 0.0359375 0.146875
0 0.4953125 0.4609375 0.02421875 0.08046875
0 0.5296875 0.48671875 0.0234375 0.0625
0 0.5484375 0.41875 0.02890625 0.05390625
0 0.578125 0.41953125 0.0109375 0.028125
0 0.57109375 0.44921875 0.0296875 0.0625
0 0.990625 0.590625 0.0171875 0.21953125
0 0.86484375 0.46875 0.0125 0.02890625
0 0.78125 0.453125 0.01328125 0.02109375
0 0.2203125 0.45703125 0.0203125 0.0390625
0 0.63671875 0.4734375 0.0203125 0.05546875
0 0.68359375 0.4515625 0.015625 0.01640625
0 0.09375 0.4125 0.04609375 0.04453125
0 0.1421875 0.34453125 0.11640625 0.11953125
0 0.1609375 0.44375 0.01171875 0.040625