0 0.84375 0.82578125 0.228125 0.34609375
0 0.646875 0.83515625 0.2046875 0.32734375
0 0.359375 0.853125 0.2046875 0.290625
0 0.159375 0.84453125 0.21875 0.3078125
0 0.16484375 0.6484375 0.025 0.08359375
0 0.11640625 0.6421875 0.01953125 0.05859375
0 0.01796875 0.65078125 0.03203125 0.11171875
0 0.01171875 0.6640625 0.0234375 0.103125
0 0.00625 0.6015625 0.0125 0.03984375
0 0.03984375 0.66015625 0.028125 0.08828125
0 0.0625 0.60625 0.025 0.05390625
0 0.13984375 0.6125 0.03125 0.03984375
0 0.10078125 0.6453125 0.0171875 0.1
0 0.18828125 0.6109375 0.01640625 0.0453125
0 0.9078125 0.621875 0.0234375 0.10234375
0 0.928125 0.6296875 0.02421875 0.10390625
0 0.9171875 0.5984375 0.01640625 0.05859375
0 0.9890625 0.621875 0.01953125 0.0703125
0 0.178125 0.6390625 0.01484375 0.06171875
0 0.1125 0.60234375 0.0140625 0.0234375
0 0.10234375 0.60234375 0.01171875 0.01796875
0 0.05703125 0.6375 0.02421875 0.0671875
0 0.14140625 0.6359375 0.03203125 0.06015625
0 0.390625 0.30546875 0.453125 0.6109375
0 0.8234375 0.38359375 0.1859375 0.29765625
0 0.03515625 0.653125 0.0328125 0.0953125
0 0.1234375 0.6453125 0.015625 0.09375
0 0.153125 0.62578125 0.0125 0.0296875
0 0.97421875 0.59609375 0.03046875 0.03984375
0 0.090625 0.66015625 0.0203125 0.0765625