0 0.0078125 0.51953125 0.015625 0.146875
0 0.02421875 0.51796875 0.03671875 0.146875
0 0.0546875 0.51015625 0.03828125 0.165625
0 0.63984375 0.47578125 0.03125 0.10078125
0 0.659375 0.46484375 0.025 0.07578125
0 0.9921875 0.48203125 0.01328125 0.10703125
0 0.98671875 0.4234375 0.01328125 0.0359375
0 0.97578125 0.47109375 0.02890625 0.13125
0 0.95546875 0.475 0.03203125 0.1265625
0 0.93359375 0.478125 0.02734375 0.12109375
0 0.9140625 0.48203125 0.02578125 0.11640625
0 0.89921875 0.43671875 0.021875 0.034375
0 0.8828125 0.48515625 0.01953125 0.11640625
0 0.86640625 0.47890625 0.02890625 0.13125
0 0.84921875 0.4828125 0.021875 0.12109375
0 0.1171875 0.53046875 0.05546875 0.39453125
0 0.14921875 0.5265625 0.059375 0.43046875
0 0.19453125 0.55078125 0.09609375 0.42734375
0 0.21484375 0.5578125 0.1 0.42890625
0 0.2859375 0.57109375 0.13046875 0.4734375
0 0.31875 0.459375 0.05390625 0.26953125
0 0.36328125 0.55234375 0.11015625 0.42734375
0 0.42109375 0.5640625 0.13046875 0.48125
0 0.49296875 0.53125 0.11796875 0.45546875
0 0.56171875 0.5515625 0.1375 0.4625
0 0.70234375 0.5265625 0.08984375 0.57265625
0 0.51640625 0.3296875 0.04609375 0.12109375
0 0.8109375 0.54140625 0.159375 0.6609375
0 0.090625 0.49765625 0.0625 0.16875
0 0.04375 0.56484375 0.0125 0.04921875
0 0.67109375 0.46953125 0.015625 0.07578125
0 0.6375 0.41015625 0.06875 0.04609375
0 0.9109375 0.40859375 0.17578125 0.0375
0 0.8265625 0.484375 0.01953125 0.11796875
0 0.9171875 0.5234375 0.16328125 0.04609375
0 0.24453125 0.71484375 0.01796875 0.034375
0 0.28671875 0.7203125 0.01875 0.05703125
0 0.3625 0.7046875 0.02734375 0.0375
0 0.41640625 0.71640625 0.0125 0.025
0 0.2671875 0.33203125 0.04921875 0.06015625
0 0.35703125 0.32734375 0.08046875 0.09140625
0 0.42578125 0.3546875 0.04765625 0.08671875