0 0.49921875 0.6875 0.06953125 0.20078125
0 0.5546875 0.7046875 0.0421875 0.16015625
0 0.6046875 0.6734375 0.059375 0.21796875
0 0.7078125 0.6640625 0.03671875 0.0578125
0 0.65390625 0.625 0.01640625 0.053125
0 0.68984375 0.6203125 0.0125 0.053125
0 0.784375 0.64921875 0.01875 0.0671875
0 0.73359375 0.64453125 0.02109375 0.0703125
0 0.71328125 0.6578125 0.01484375 0.05234375
0 0.82265625 0.6796875 0.0421875 0.1375
0 0.80390625 0.65078125 0.01953125 0.06953125
0 0.90234375 0.7203125 0.03515625 0.12890625
0 0.92734375 0.7109375 0.0359375 0.14140625
0 0.95625 0.71484375 0.04609375 0.13515625
0 0.94296875 0.66875 0.0296875 0.12890625
0 0.9671875 0.67421875 0.02734375 0.125
0 0.96171875 0.6171875 0.02421875 0.02734375
0 0.87890625 0.63671875 0.0203125 0.04296875
0 0.88125 0.65078125 0.025 0.090625
0 0.9 0.634375 0.01328125 0.05546875
0 0.921875 0.6421875 0.01484375 0.03359375
0 0.85 0.6359375 0.01484375 0.05703125
0 0.85859375 0.63203125 0.01328125 0.04609375
0 0.8375 0.63359375 0.01484375 0.05
0 0.8296875 0.62578125 0.01171875 0.0328125
0 0.69765625 0.61015625 0.01328125 0.04296875
0 0.540625 0.66328125 0.028125 0.15546875
0 0.5234375 0.65703125 0.01875 0.0578125
0 0.52265625 0.63359375 0.0140625 0.0296875
0 0.46171875 0.63828125 0.0296875 0.103125
0 0.42265625 0.62890625 0.01796875 0.06796875
0 0.4078125 0.62734375 0.0203125 0.07265625
0 0.38515625 0.6390625 0.0171875 0.06484375
0 0.38203125 0.62421875 0.0203125 0.06953125
0 0.390625 0.615625 0.0109375 0.05859375
0 0.35390625 0.63203125 0.0234375 0.0796875
0 0.33515625 0.63359375 0.0203125 0.09140625
0 0.315625 0.63515625 0.02734375 0.09453125
0 0.34296875 0.62265625 0.01328125 0.0703125
0 0.35078125 0.59765625 0.0109375 0.0203125
0 0.3265625 0.6359375 0.01171875 0.08203125
0 0.29609375 0.6234375 0.02734375 0.04921875
0 0.26640625 0.6203125 0.0296875 0.05234375
0 0.246875 0.61953125 0.02109375 0.0515625
0 0.3578125 0.78984375 0.18046875 0.41875
0 0.26484375 0.59140625 0.0140625 0.0328125
0 0.2703125 0.58828125 0.009375 0.015625
0 0.2859375 0.5921875 0.0109375 0.021875
0 0.3015625 0.596875 0.01015625 0.0203125
0 0.1515625 0.59921875 0.0296875 0.11953125
0 0.178125 0.6234375 0.02421875 0.05
0 0.1765625 0.59375 0.015625 0.01796875
0 0.15078125 0.6203125 0.02265625 0.05
0 0.0984375 0.54765625 0.01953125 0.0484375
0 0.10625 0.55 0.02109375 0.04921875
0 0.0765625 0.57890625 0.02734375 0.07109375
0 0.04765625 0.575 0.02578125 0.07578125
0 0.0625 0.57265625 0.01875 0.06171875
0 0.034375 0.5359375 0.02265625 0.08515625
0 0.1953125 0.55 0.0171875 0.05
0 0.2109375 0.5484375 0.0203125 0.05
0 0.27734375 0.54921875 0.01875 0.0453125
0 0.28359375 0.5515625 0.01796875 0.0453125
0 0.2921875 0.55546875 0.01875 0.04375
0 0.35 0.54921875 0.0125 0.01796875
0 0.33671875 0.553125 0.009375 0.025
0 0.7171875 0.65078125 0.0125 0.025
0 0.803125 0.615625 0.04921875 0.0234375
0 0.92109375 0.60078125 0.06015625 0.0453125
0 0.64609375 0.56484375 0.02421875 0.03984375
0 0.5109375 0.58203125 0.0609375 0.0859375
0 0.5765625 0.55234375 0.02265625 0.0328125
0 0.1140625 0.4484375 0.01328125 0.01875
0 0.26328125 0.43359375 0.01484375 0.04375