0 0.0890625 0.68515625 0.128125 0.32578125
0 0.16015625 0.66640625 0.06796875 0.30859375
0 0.225 0.6375 0.06796875 0.2484375
0 0.28046875 0.6109375 0.06875 0.21484375
0 0.24921875 0.7109375 0.11875 0.31953125
0 0.36484375 0.61015625 0.0765625 0.2484375
0 0.39765625 0.64921875 0.06171875 0.22265625
0 0.46484375 0.63515625 0.0515625 0.2625
0 0.5109375 0.57578125 0.02109375 0.1265625
0 0.55 0.67109375 0.0609375 0.2796875
0 0.57890625 0.63828125 0.0328125 0.209375
0 0.63125 0.71953125 0.0828125 0.34375
0 0.628125 0.67734375 0.03203125 0.25
0 0.6390625 0.53984375 0.0296875 0.034375
0 0.6859375 0.65078125 0.03203125 0.228125
0 0.77265625 0.6109375 0.04375 0.1234375
0 0.80703125 0.57578125 0.0328125 0.08046875
0 0.0796875 0.6140625 0.13984375 0.54453125
0 0.19375 0.4984375 0.05 0.20234375
0 0.5125 0.55546875 0.07890625 0.13671875
0 0.625 0.53359375 0.74296875 0.91875