0 0.24375 0.91328125 0.096875 0.1703125
0 0.15234375 0.78828125 0.3046875 0.42265625
0 0.2109375 0.6875 0.1015625 0.46171875
0 0.32578125 0.74296875 0.0828125 0.51328125
0 0.33515625 0.74375 0.1 0.51171875
0 0.3890625 0.72421875 0.1015625 0.55078125
0 0.0375 0.4875 0.06875 0.15546875
0 0.1546875 0.53515625 0.06171875 0.12890625
0 0.165625 0.45703125 0.06171875 0.0765625
0 0.11015625 0.45859375 0.10234375 0.18046875
0 0.19140625 0.37578125 0.05078125 0.10625
0 0.26484375 0.37421875 0.04140625 0.075
0 0.3078125 0.3578125 0.0265625 0.0703125
0 0.334375 0.45 0.0421875 0.1078125
0 0.40234375 0.5453125 0.05390625 0.16328125
0 0.396875 0.425 0.0625 0.1109375
0 0.33984375 0.38203125 0.0515625 0.05859375
0 0.37890625 0.4015625 0.06015625 0.10390625
0 0.44296875 0.403125 0.04609375 0.14140625
0 0.465625 0.7078125 0.1046875 0.5515625
0 0.46796875 0.659375 0.0921875 0.4640625
0 0.5140625 0.6140625 0.10546875 0.52421875
0 0.4984375 0.334375 0.028125 0.03984375
0 0.578125 0.57265625 0.08828125 0.38671875
0 0.56484375 0.41640625 0.05546875 0.11015625
0 0.6359375 0.58515625 0.071875 0.42265625
0 0.66171875 0.41015625 0.03515625 0.12109375
0 0.6640625 0.5453125 0.03359375 0.390625
0 0.6875 0.53359375 0.0375 0.34921875
0 0.72109375 0.52578125 0.05625 0.3515625
0 0.75546875 0.521875 0.140625 0.353125
0 0.584375 0.36015625 0.09375 0.15625
0 0.53203125 0.38984375 0.046875 0.14140625
0 0.56953125 0.3453125 0.03046875 0.05078125
0 0.6546875 0.31328125 0.015625 0.03046875
0 0.6546875 0.31328125 0.01484375 0.0296875
0 0.6734375 0.3421875 0.02109375 0.04140625
0 0.6859375 0.3671875 0.0375 0.10546875
0 0.71328125 0.33671875 0.02421875 0.04609375
0 0.746875 0.38984375 0.03828125 0.13984375
0 0.78984375 0.3921875 0.09140625 0.140625
0 0.815625 0.33125 0.0203125 0.046875
0 0.8234375 0.41640625 0.04765625 0.11171875
0 0.846875 0.39375 0.05 0.159375
0 0.89375 0.5125 0.09140625 0.3
0 0.91640625 0.4875 0.075 0.296875
0 0.97421875 0.49375 0.0484375 0.34375
0 0.92734375 0.49375 0.06171875 0.26015625
0 0.92734375 0.36015625 0.0265625 0.046875
0 0.7859375 0.796875 0.2703125 0.40546875
0 0.8859375 0.7046875 0.20234375 0.42421875
0 0.12578125 0.42265625 0.0375 0.090625
0 0.06484375 0.6875 0.1296875 0.50625
0 0.22265625 0.44375 0.06875 0.1015625
0 0.41640625 0.40234375 0.03046875 0.0609375
0 0.36328125 0.3765625 0.025 0.0796875
0 0.234375 0.3625 0.05703125 0.0765625
0 0.290625 0.35625 0.01875 0.046875
0 0.33515625 0.35390625 0.0296875 0.0515625
0 0.32578125 0.3890625 0.0453125 0.01015625
0 0.40234375 0.34921875 0.05390625 0.04296875
0 0.46875 0.3703125 0.03515625 0.11015625
0 0.5171875 0.35859375 0.028125 0.06484375
0 0.59609375 0.34921875 0.03203125 0.05390625
0 0.64296875 0.33515625 0.01328125 0.03828125
0 0.703125 0.378125 0.02265625 0.0828125
0 0.725 0.328125 0.01015625 0.04296875
0 0.76328125 0.34296875 0.02578125 0.06171875
0 0.7921875 0.3265625 0.03203125 0.04375
0 0.8125 0.35703125 0.028125 0.015625
0 0.8328125 0.35859375 0.01875 0.0375
0 0.8734375 0.34375 0.0296875 0.06015625
0 0.91171875 0.32421875 0.046875 0.04140625
0 0.95546875 0.3671875 0.040625 0.128125
0 0.98515625 0.315625 0.01796875 0.02109375
0 0.996875 0.3421875 0.003125 0.06875
0 0.94140625 0.2703125 0.08125 0.06640625
0 0.74140625 0.1625 0.16328125 0.31796875
0 0.60703125 0.17109375 0.04375 0.0765625
0 0.61171875 0.290625 0.02734375 0.0640625
0 0.53359375 0.16328125 0.0703125 0.12890625
0 0.53671875 0.2921875 0.0609375 0.065625
0 0.4703125 0.29375 0.0234375 0.04375
0 0.4703125 0.20234375 0.03046875 0.06015625
0 0.415625 0.284375 0.0421875 0.08359375
0 0.36796875 0.3109375 0.0140625 0.05