0 0.9828125 0.659375 0.015625 0.05
0 0.9234375 0.65390625 0.01171875 0.0421875
0 0.93046875 0.65078125 0.009375 0.0359375
0 0.9609375 0.6734375 0.02734375 0.0875
0 0.94296875 0.65234375 0.0109375 0.0453125
0 0.95 0.64765625 0.0109375 0.0328125
0 0.94453125 0.7140625 0.04609375 0.15
0 0.9109375 0.6796875 0.02265625 0.08125
0 0.88359375 0.678125 0.025 0.084375
0 0.69296875 0.8125 0.065625 0.3125
0 0.68515625 0.759375 0.05546875 0.121875
0 0.61875 0.8078125 0.065625 0.303125
0 0.58125 0.7359375 0.03203125 0.165625
0 0.52734375 0.7265625 0.03515625 0.171875
0 0.50234375 0.68203125 0.0203125 0.0921875
0 0.45625 0.73515625 0.03828125 0.1953125
0 0.40234375 0.6953125 0.015625 0.103125
0 0.25 0.65625 0.01171875 0.028125
0 0.209375 0.7265625 0.040625 0.1625
0 0.1234375 0.71796875 0.053125 0.1703125
0 0.07109375 0.6859375 0.03046875 0.10625
0 0.0453125 0.6796875 0.028125 0.096875
0 0.01953125 0.70078125 0.0328125 0.1203125
0 0.02421875 0.68671875 0.02421875 0.1078125
0 0.0109375 0.65 0.0109375 0.0125
0 0.99140625 0.64921875 0.0109375 0.0234375
0 0.99375 0.69609375 0.009375 0.0640625
0 0.9375 0.634375 0.0078125 0.009375
0 0.965625 0.63515625 0.0140625 0.0109375
0 0.978125 0.66640625 0.00625 0.0140625
0 0.9546875 0.63203125 0.0109375 0.0078125
0 0.9171875 0.640625 0.00625 0.025
0 0.9265625 0.63515625 0.00625 0.0140625
0 0.15859375 0.65859375 0.0125 0.0484375