0 0.95078125 0.5453125 0.01171875 0.09765625
0 0.94921875 0.53515625 0.01171875 0.071875
0 0.93359375 0.5171875 0.01640625 0.0453125
0 0.63984375 0.6203125 0.06015625 0.22890625
0 0.64765625 0.6 0.0359375 0.22890625
0 0.1859375 0.5265625 0.02265625 0.03984375
0 0.346875 0.6390625 0.165625 0.40859375
0 0.7125 0.58359375 0.06015625 0.1703125
0 0.79140625 0.5453125 0.065625 0.14296875
0 0.23359375 0.4765625 0.04296875 0.09140625
0 0.53359375 0.48359375 0.0375 0.13359375
0 0.96484375 0.55234375 0.00859375 0.02890625
0 0.97734375 0.5921875 0.01015625 0.0265625
0 0.80390625 0.11484375 0.02421875 0.11640625