0 0.10859375 0.87578125 0.109375 0.24609375
0 0.215625 0.88359375 0.08046875 0.23046875
0 0.428125 0.890625 0.059375 0.16875
0 0.67890625 0.8375 0.04921875 0.1953125
0 0.7140625 0.86953125 0.08984375 0.25859375
0 0.428125 0.753125 0.02421875 0.11796875
0 0.3921875 0.7390625 0.0203125 0.0484375
0 0.378125 0.73984375 0.0140625 0.0265625
0 0.446875 0.7328125 0.01953125 0.065625
0 0.4171875 0.71015625 0.0140625 0.03203125
0 0.409375 0.71328125 0.009375 0.03203125
0 0.44296875 0.70390625 0.0140625 0.03671875
0 0.43828125 0.7359375 0.0125 0.08203125