0 0.0640625 0.10546875 0.04375 0.0609375
0 0.9171875 0.096875 0.0421875 0.06484375
0 0.95546875 0.1 0.0359375 0.0625
0 0.98828125 0.1328125 0.02109375 0.1359375
0 0.0640625 0.46640625 0.07265625 0.375
0 0.11015625 0.4578125 0.0578125 0.3578125
0 0.140625 0.38203125 0.05859375 0.20234375
0 0.196875 0.35 0.06875 0.16484375
0 0.16484375 0.45078125 0.1078125 0.14375
0 0.2578125 0.2875 0.07265625 0.1
0 0.2515625 0.36953125 0.1046875 0.18828125
0 0.2453125 0.51640625 0.0859375 0.29453125
0 0.30390625 0.29453125 0.04765625 0.11796875
0 0.33359375 0.3578125 0.07734375 0.18828125
0 0.31953125 0.51171875 0.0890625 0.29296875
0 0.38125 0.27890625 0.075 0.1140625
0 0.40234375 0.44296875 0.07734375 0.375
0 0.39375 0.515625 0.0875 0.28515625
0 0.43828125 0.28125 0.05625 0.12578125
0 0.47109375 0.3421875 0.075 0.18828125
0 0.4671875 0.51171875 0.0828125 0.2890625
0 0.50625 0.26953125 0.0546875 0.1140625
0 0.5421875 0.34296875 0.0953125 0.18671875
0 0.53828125 0.50859375 0.0890625 0.2984375
0 0.5734375 0.27109375 0.05625 0.11015625
0 0.6125 0.346875 0.0796875 0.19453125
0 0.6140625 0.51875 0.08515625 0.28671875
0 0.6453125 0.27578125 0.0625 0.1078125
0 0.684375 0.3484375 0.08125 0.18671875
0 0.68125 0.51484375 0.0875 0.28671875
0 0.70703125 0.28984375 0.0734375 0.13984375
0 0.759375 0.35546875 0.08125 0.17265625
0 0.75859375 0.51875 0.09765625 0.275
0 0.759375 0.27734375 0.05625 0.11015625
0 0.8234375 0.45703125 0.07265625 0.3671875
0 0.834375 0.5140625 0.1140625 0.29296875
0 0.875 0.36953125 0.0546875 0.18828125
0 0.9109375 0.4796875 0.06875 0.33828125
0 0.94296875 0.459375 0.06640625 0.38125