0 0.9859375 0.86796875 0.025 0.15234375
0 0.9859375 0.8 0.025 0.05390625
0 0.9578125 0.86484375 0.0390625 0.1125
0 0.9046875 0.8515625 0.0453125 0.17109375
0 0.925 0.8328125 0.028125 0.1140625
0 0.865625 0.81484375 0.0109375 0.06328125
0 0.88125 0.80234375 0.01171875 0.03828125
0 0.8125 0.82265625 0.009375 0.05
0 0.7890625 0.8640625 0.0484375 0.2109375
0 0.7515625 0.82578125 0.03046875 0.10234375
0 0.7234375 0.88828125 0.1 0.22109375
0 0.67578125 0.9265625 0.0328125 0.14375
0 0.6359375 0.91328125 0.06640625 0.16953125
0 0.5609375 0.8796875 0.09296875 0.2375
0 0.4578125 0.8859375 0.096875 0.22578125
0 0.73515625 0.78671875 0.01875 0.0453125
0 0.7078125 0.79765625 0.01875 0.06171875
0 0.67421875 0.8390625 0.03984375 0.14609375
0 0.690625 0.809375 0.01953125 0.05546875
0 0.68828125 0.7875 0.0171875 0.03828125
0 0.6546875 0.815625 0.01875 0.0703125
0 0.621875 0.8125 0.0265625 0.09921875
0 0.60234375 0.828125 0.0203125 0.115625
0 0.5171875 0.83671875 0.053125 0.1125
0 0.540625 0.7953125 0.0171875 0.046875
0 0.5046875 0.8296875 0.0296875 0.11875
0 0.484375 0.81796875 0.0296875 0.08046875
0 0.43671875 0.79609375 0.0171875 0.05703125
0 0.4265625 0.8125 0.02421875 0.08515625
0 0.403125 0.83984375 0.0296875 0.13046875
0 0.3953125 0.84296875 0.0265625 0.1171875
0 0.3859375 0.82890625 0.01875 0.10859375
0 0.403125 0.7828125 0.01875 0.03359375
0 0.39375 0.77265625 0.009375 0.01328125
0 0.38515625 0.825 0.01875 0.10078125
0 0.365625 0.8328125 0.021875 0.10234375
0 0.340625 0.84140625 0.03515625 0.13046875
0 0.309375 0.84765625 0.0234375 0.1203125
0 0.278125 0.871875 0.0484375 0.1390625
0 0.2890625 0.8171875 0.025 0.05859375
0 0.2484375 0.88125 0.0296875 0.09921875
0 0.21875 0.84140625 0.02734375 0.10703125
0 0.2359375 0.790625 0.0265625 0.046875
0 0.240625 0.8359375 0.02265625 0.07890625
0 0.19140625 0.8578125 0.021875 0.0703125
0 0.190625 0.81171875 0.009375 0.06015625
0 0.19609375 0.80859375 0.01875 0.06015625
0 0.1546875 0.83828125 0.009375 0.0890625
0 0.12109375 0.8296875 0.021875 0.08671875
0 0.09375 0.83828125 0.0296875 0.10703125
0 0.37109375 0.78125 0.0171875 0.03359375
0 0.66484375 0.78515625 0.00859375 0.0265625
0 0.68046875 0.7828125 0.00703125 0.01328125
0 0.69296875 0.7953125 0.00703125 0.0171875
0 0.5765625 0.80390625 0.0078125 0.02890625
0 0.01640625 0.8421875 0.01640625 0.05234375
0 0.28046875 0.79140625 0.03515625 0.0421875
0 0.30546875 0.78359375 0.01171875 0.0265625
0 0.3234375 0.796875 0.01875 0.05234375
0 0.35234375 0.78125 0.0171875 0.03046875
0 0.33828125 0.7734375 0.0125 0.01640625
0 0.4125 0.79375 0.0140625 0.05234375
0 0.45546875 0.771875 0.01640625 0.01484375
0 0.471875 0.80234375 0.00859375 0.0265625
0 0.521875 0.7390625 0.05 0.07890625
0 0.58828125 0.80390625 0.0109375 0.05546875