0 0.0359375 0.70390625 0.071875 0.3453125
0 0.1 0.78359375 0.0921875 0.43046875
0 0.11171875 0.7359375 0.1234375 0.4609375
0 0.20234375 0.69765625 0.06171875 0.2515625
0 0.23515625 0.7734375 0.0984375 0.4515625
0 0.3046875 0.6515625 0.034375 0.16953125
0 0.35 0.68828125 0.0890625 0.290625
0 0.4609375 0.6375 0.0359375 0.14296875
0 0.5 0.63125 0.01953125 0.09375
0 0.5078125 0.6171875 0.01484375 0.0796875
0 0.51640625 0.6140625 0.0203125 0.07734375
0 0.521875 0.6671875 0.03828125 0.1359375
0 0.5765625 0.72578125 0.10234375 0.34765625
0 0.59765625 0.603125 0.025 0.0484375
0 0.625 0.6390625 0.03359375 0.1578125
0 0.6703125 0.6625 0.05078125 0.190625
0 0.6875 0.6359375 0.025 0.14921875
0 0.71171875 0.70546875 0.06875 0.18671875
0 0.7234375 0.61484375 0.06015625 0.1140625
0 0.7515625 0.634375 0.034375 0.17421875
0 0.75 0.65234375 0.05546875 0.19609375
0 0.78203125 0.6453125 0.040625 0.16875
0 0.80390625 0.62890625 0.02578125 0.146875
0 0.84140625 0.6640625 0.0796875 0.27734375
0 0.88046875 0.6359375 0.0421875 0.1953125
0 0.53046875 0.59453125 0.0140625 0.02578125
0 0.5515625 0.590625 0.01640625 0.03125
0 0.64921875 0.59140625 0.01796875 0.04375
0 0.63984375 0.625 0.02890625 0.0484375
0 0.6296875 0.5984375 0.0125 0.06328125
0 0.6375 0.58984375 0.009375 0.0234375
0 0.7078125 0.5921875 0.0234375 0.0578125
0 0.7640625 0.57265625 0.02421875 0.03203125
0 0.8578125 0.5640625 0.01484375 0.0265625
0 0.7953125 0.63359375 0.01953125 0.1375
0 0.6546875 0.590625 0.01640625 0.03359375
0 0.70078125 0.5921875 0.02890625 0.05859375
0 0.76796875 0.57265625 0.01484375 0.01640625
0 0.79375 0.57421875 0.01953125 0.02734375
0 0.82109375 0.56953125 0.0203125 0.02109375
0 0.10546875 0.22421875 0.190625 0.26015625
0 0.1375 0.4921875 0.084375 0.0890625
0 0.26796875 0.51015625 0.06328125 0.1578125
0 0.40546875 0.4921875 0.11328125 0.2125
0 0.54921875 0.52734375 0.10078125 0.13046875
0 0.63359375 0.5453125 0.03125 0.053125
0 0.67421875 0.515625 0.03984375 0.10078125
0 0.72890625 0.521875 0.02734375 0.0390625
0 0.8484375 0.5078125 0.03046875 0.04765625
0 0.1515625 0.79140625 0.028125 0.16953125
0 0.6078125 0.60078125 0.01875 0.05546875