0 0.01484375 0.890625 0.0296875 0.215625
0 0.0234375 0.86875 0.0375 0.16640625
0 0.0859375 0.88515625 0.084375 0.228125
0 0.1453125 0.8765625 0.0328125 0.15859375
0 0.128125 0.803125 0.0140625 0.04765625
0 0.1390625 0.8046875 0.01015625 0.04296875
0 0.18671875 0.865625 0.0828125 0.2671875
0 0.24375 0.8578125 0.02421875 0.13359375
0 0.2328125 0.8359375 0.0203125 0.08828125
0 0.2578125 0.83203125 0.01640625 0.07890625
0 0.27265625 0.8 0.01640625 0.0328125
0 0.27265625 0.859375 0.02265625 0.13046875
0 0.284375 0.88125 0.07265625 0.2359375
0 0.34296875 0.83125 0.0140625 0.0703125
0 0.353125 0.83671875 0.021875 0.08828125
0 0.36171875 0.8375 0.0140625 0.07890625
0 0.37265625 0.84765625 0.02109375 0.0984375
0 0.38359375 0.81015625 0.01171875 0.03203125
0 0.3796875 0.78984375 0.01171875 0.04609375
0 0.38359375 0.78671875 0.0125 0.0265625
0 0.3921875 0.85625 0.02578125 0.1328125
0 0.40546875 0.8546875 0.01796875 0.10234375
0 0.4171875 0.85078125 0.03515625 0.140625
0 0.43203125 0.84921875 0.01484375 0.1109375
0 0.44140625 0.80078125 0.0140625 0.0375
0 0.44453125 0.85078125 0.021875 0.1015625
0 0.45234375 0.80859375 0.009375 0.025
0 0.4609375 0.85078125 0.02734375 0.11171875
0 0.47578125 0.83359375 0.0125 0.08046875
0 0.4859375 0.790625 0.0109375 0.02890625
0 0.4875 0.84609375 0.021875 0.08671875
0 0.49453125 0.8328125 0.0140625 0.07109375
0 0.50234375 0.8109375 0.0109375 0.03671875
0 0.51484375 0.8296875 0.021875 0.07890625
0 0.5234375 0.83359375 0.0140625 0.08359375
0 0.5328125 0.821875 0.009375 0.04140625
0 0.534375 0.825 0.0125 0.0375
0 0.5453125 0.8125 0.01875 0.040625
0 0.56015625 0.8453125 0.02109375 0.10703125
0 0.57109375 0.81015625 0.01953125 0.05703125
0 0.58359375 0.840625 0.01640625 0.1
0 0.63984375 0.84296875 0.03203125 0.121875
0 0.76796875 0.8625 0.03046875 0.15
0 0.740625 0.87109375 0.09609375 0.25625
0 0.828125 0.86640625 0.11171875 0.265625
0 0.05546875 0.81171875 0.0515625 0.0671875
0 0.1640625 0.79140625 0.04375 0.03125
0 0.21796875 0.81796875 0.02734375 0.06953125
0 0.25703125 0.7890625 0.021875 0.028125
0 0.2765625 0.78515625 0.00703125 0.0140625
0 0.321875 0.809375 0.02578125 0.05703125
0 0.36015625 0.7890625 0.015625 0.01328125
0 0.37421875 0.796875 0.00859375 0.0140625
0 0.3890625 0.80703125 0.00859375 0.01796875
0 0.4046875 0.8046875 0.0125 0.02265625
0 0.4703125 0.80625 0.009375 0.01640625