0 0.4375 0.7640625 0.01796875 0.0578125
0 0.49921875 0.76640625 0.0203125 0.06328125
0 0.50703125 0.76640625 0.015625 0.05546875
0 0.51875 0.7796875 0.0140625 0.0546875
0 0.53125 0.7671875 0.01328125 0.0578125
0 0.55 0.75703125 0.009375 0.03984375
0 0.53984375 0.7703125 0.0203125 0.07265625
0 0.58046875 0.78125 0.021875 0.09921875
0 0.596875 0.78515625 0.02578125 0.0921875
0 0.628125 0.78359375 0.02890625 0.10390625
0 0.6140625 0.76015625 0.01328125 0.04140625
0 0.6625 0.77734375 0.025 0.05234375
0 0.39296875 0.54453125 0.0390625 0.0265625
0 0.46875 0.53828125 0.0140625 0.0265625
0 0.4859375 0.53671875 0.009375 0.02421875
0 0.49921875 0.5359375 0.0109375 0.02265625
0 0.54140625 0.5546875 0.0359375 0.01640625
0 0.62578125 0.56484375 0.0359375 0.02265625
0 0.2390625 0.74765625 0.378125 0.0640625
0 0.4671875 0.75546875 0.05546875 0.04921875
0 0.6453125 0.7484375 0.02421875 0.0328125
0 0.7203125 0.7515625 0.02109375 0.04140625
0 0.921875 0.7625 0.15390625 0.07890625
0 0.51796875 0.75390625 0.01875 0.046875
0 0.559375 0.75390625 0.01796875 0.0546875
0 0.575 0.74140625 0.00703125 0.0171875
0 0.60625 0.74609375 0.0140625 0.03515625
0 0.6203125 0.74453125 0.00546875 0.0125
0 0.6875 0.7359375 0.04765625 0.01796875
0 0.5890625 0.74921875 0.00703125 0.03125