0 0.028125 0.79453125 0.05625 0.4078125
0 0.04609375 0.59453125 0.04453125 0.09921875
0 0.05078125 0.671875 0.0328125 0.16328125
0 0.0828125 0.77734375 0.08671875 0.44453125
0 0.12890625 0.6515625 0.04765625 0.115625
0 0.16484375 0.77421875 0.090625 0.45
0 0.20390625 0.7796875 0.05546875 0.43828125
0 0.2515625 0.7921875 0.10078125 0.41328125
0 0.28984375 0.66640625 0.0359375 0.2296875
0 0.33046875 0.7890625 0.0765625 0.41875
0 0.353125 0.69765625 0.04140625 0.3171875
0 0.4078125 0.7734375 0.1015625 0.45078125
0 0.40390625 0.78125 0.090625 0.4359375
0 0.4328125 0.64921875 0.0375 0.134375
0 0.4875 0.78046875 0.0921875 0.4375
0 0.49453125 0.60234375 0.07109375 0.12109375
0 0.56484375 0.778125 0.0828125 0.44296875
0 0.584375 0.58828125 0.0359375 0.090625
0 0.6203125 0.78828125 0.05859375 0.421875
0 0.678125 0.75546875 0.09296875 0.48125
0 0.7375 0.80625 0.10078125 0.38671875
0 0.778125 0.796875 0.06328125 0.40546875
0 0.82109375 0.79765625 0.07421875 0.403125
0 0.81640625 0.765625 0.065625 0.39921875
0 0.8484375 0.58984375 0.046875 0.09453125
0 0.90546875 0.76328125 0.12265625 0.47109375
0 0.93515625 0.59921875 0.0296875 0.05390625
0 0.9671875 0.775 0.0640625 0.4484375
0 0.15234375 0.5953125 0.01875 0.03828125
0 0.23984375 0.584375 0.0734375 0.07734375
0 0.37109375 0.5890625 0.0296875 0.0671875
0 0.459375 0.61015625 0.028125 0.05859375
0 0.52734375 0.615625 0.04453125 0.0875
0 0.6203125 0.5953125 0.021875 0.040625
0 0.9890625 0.60625 0.01875 0.05
0 0.725 0.5828125 0.0765625 0.0640625
0 0.21875 0.64765625 0.0234375 0.04453125