0 0.134375 0.5078125 0.22890625 0.6984375
0 0.2265625 0.52734375 0.140625 0.57421875
0 0.34921875 0.5265625 0.1765625 0.4609375
0 0.421875 0.52265625 0.0765625 0.4859375
0 0.36328125 0.7046875 0.209375 0.38359375
0 0.4859375 0.7296875 0.2109375 0.453125
0 0.65078125 0.721875 0.19609375 0.36796875
0 0.80546875 0.6828125 0.19609375 0.38046875
0 0.8546875 0.4734375 0.171875 0.68515625
0 0.7109375 0.40078125 0.1453125 0.325
0 0.64765625 0.43828125 0.08984375 0.3546875
0 0.509375 0.51484375 0.153125 0.48125