0 0.0625 0.46484375 0.075 0.24609375
0 0.03515625 0.6 0.0703125 0.23359375
0 0.11640625 0.66875 0.1640625 0.3875
0 0.3125 0.55625 0.278125 0.88359375
0 0.41796875 0.428125 0.0546875 0.12734375
0 0.45234375 0.51640625 0.0859375 0.325
0 0.54453125 0.540625 0.1140625 0.30234375
0 0.61015625 0.39609375 0.0265625 0.075
0 0.484375 0.46015625 0.03125 0.075
0 0.621875 0.56328125 0.1125 0.27265625
0 0.73515625 0.53203125 0.3078125 0.63515625
0 0.853125 0.378125 0.040625 0.05625
0 0.86640625 0.415625 0.0765625 0.13125
0 0.91015625 0.478125 0.0734375 0.23125
0 0.971875 0.45625 0.053125 0.14609375
0 0.96875 0.53203125 0.059375 0.11875
0 0.55390625 0.39140625 0.0578125 0.0625
0 0.63671875 0.38515625 0.0296875 0.07890625
0 0.7046875 0.36875 0.04375 0.05859375
0 0.9453125 0.43828125 0.04375 0.16875