0 0.1765625 0.6171875 0.19296875 0.4984375
0 0.3890625 0.66484375 0.16953125 0.53515625
0 0.66015625 0.6984375 0.090625 0.42890625
0 0.90703125 0.659375 0.1265625 0.4265625
0 0.8796875 0.59375 0.06015625 0.325
0 0.82421875 0.6328125 0.090625 0.36875
0 0.7546875 0.5890625 0.07578125 0.36015625
0 0.68125 0.634375 0.09453125 0.3984375
0 0.6078125 0.62578125 0.075 0.3515625
0 0.56484375 0.55234375 0.07578125 0.2875
0 0.50859375 0.56015625 0.0484375 0.25
0 0.50390625 0.4359375 0.0453125 0.06484375
0 0.46484375 0.57578125 0.10234375 0.3484375
0 0.40390625 0.5671875 0.0703125 0.32890625
0 0.4421875 0.540625 0.04375 0.24609375
0 0.32421875 0.5734375 0.0421875 0.3265625
0 0.26796875 0.57421875 0.059375 0.31875
0 0.24375 0.53515625 0.04765625 0.26015625
0 0.309375 0.421875 0.0296875 0.0515625
0 0.18984375 0.56953125 0.071875 0.33125
0 0.08515625 0.5875 0.08515625 0.31484375
0 0.0796875 0.540625 0.075 0.31640625
0 0.19765625 0.4796875 0.06484375 0.1546875
0 0.015625 0.3921875 0.03125 0.1453125
0 0.05234375 0.39453125 0.0515625 0.14609375
0 0.10703125 0.36875 0.04609375 0.0671875
0 0.153125 0.3921875 0.04609375 0.1109375
0 0.196875 0.39765625 0.04765625 0.12265625
0 0.2421875 0.4015625 0.0453125 0.11875
0 0.234375 0.353125 0.0421875 0.0734375
0 0.1734375 0.359375 0.0421875 0.1140625
0 0.12109375 0.3375 0.05 0.0828125
0 0.07890625 0.33671875 0.04375 0.0765625
0 0.0296875 0.33359375 0.0359375 0.08984375
0 0.1921875 0.3171875 0.03359375 0.0640625
0 0.79453125 0.57109375 0.046875 0.28515625
0 0.725 0.56875 0.028125 0.2421875
0 0.3859375 0.421875 0.03359375 0.0734375
0 0.46484375 0.4078125 0.01953125 0.0296875
0 0.1546875 0.4421875 0.0453125 0.0703125
0 0.57109375 0.6265625 0.03828125 0.03984375
0 0.46328125 0.6171875 0.0203125 0.03359375
0 0.4 0.60078125 0.0171875 0.02890625