0 0.0375 0.6921875 0.05859375 0.2921875
0 0.1140625 0.7828125 0.1171875 0.403125
0 0.14296875 0.73984375 0.0984375 0.3828125
0 0.3078125 0.84375 0.1484375 0.309375
0 0.28203125 0.7046875 0.071875 0.29375
0 0.48046875 0.84453125 0.15 0.3078125
0 0.38203125 0.80546875 0.053125 0.21640625
0 0.56328125 0.75625 0.1015625 0.38515625
0 0.61875 0.75234375 0.084375 0.4390625
0 0.74609375 0.72578125 0.1015625 0.43203125
0 0.90390625 0.7890625 0.11015625 0.41875
0 0.7984375 0.70859375 0.0609375 0.36328125
0 0.675 0.68359375 0.04375 0.19296875
0 0.6546875 0.6703125 0.028125 0.2015625
0 0.7078125 0.6703125 0.0296875 0.2046875
0 0.26015625 0.66484375 0.03984375 0.240625
0 0.675 0.58046875 0.015625 0.01875
0 0.709375 0.57578125 0.0515625 0.0390625
0 0.4765625 0.51640625 0.12109375 0.18828125
0 0.86328125 0.55 0.04296875 0.11640625
0 0.1125 0.53515625 0.0390625 0.0625
0 0.34453125 0.634375 0.01484375 0.12109375