0 0.0421875 0.46640625 0.084375 0.39609375
0 0.10625 0.47578125 0.21171875 0.52109375
0 0.1703125 0.54921875 0.33984375 0.5875
0 0.36328125 0.48125 0.17265625 0.53203125
0 0.3703125 0.4859375 0.165625 0.51796875
0 0.6015625 0.4859375 0.1265625 0.41953125
0 0.7265625 0.57890625 0.20546875 0.540625
0 0.8609375 0.41171875 0.27734375 0.6734375
0 0.90703125 0.5015625 0.1484375 0.49375
0 0.946875 0.5296875 0.103125 0.453125
0 0.21640625 0.178125 0.16875 0.28671875
0 0.38828125 0.18203125 0.11328125 0.2125
0 0.590625 0.1984375 0.1015625 0.2984375
0 0.5625 0.28046875 0.075 0.12890625
0 0.39375 0.3140625 0.040625 0.09921875
0 0.04609375 0.24453125 0.0796875 0.09296875
0 0.07578125 0.13515625 0.05078125 0.1265625
0 0.509375 0.26796875 0.0515625 0.090625
0 0.67109375 0.2984375 0.05078125 0.0578125
0 0.7828125 0.22421875 0.14296875 0.2359375
0 0.9265625 0.27890625 0.14609375 0.090625
0 0.9859375 0.38984375 0.025 0.1109375
0 0.19453125 0.32109375 0.059375 0.09765625