0 0.01015625 0.66640625 0.0203125 0.2140625
0 0.040625 0.6671875 0.05859375 0.209375
0 0.11640625 0.69921875 0.0703125 0.2734375
0 0.1703125 0.69921875 0.0671875 0.253125
0 0.184375 0.65 0.0453125 0.19296875
0 0.0984375 0.66796875 0.03046875 0.1671875
0 0.14375 0.659375 0.03984375 0.19453125
0 0.33125 0.74609375 0.07734375 0.2125
0 0.41015625 0.69453125 0.078125 0.1421875
0 0.43671875 0.6296875 0.028125 0.10234375
0 0.48203125 0.64296875 0.0359375 0.134375
0 0.58984375 0.6375 0.0375 0.15078125
0 0.7125 0.653125 0.04375 0.0875
0 0.7453125 0.68046875 0.03828125 0.1421875
0 0.753125 0.6515625 0.0296875 0.12578125
0 0.753125 0.59765625 0.0265625 0.03828125
0 0.81171875 0.63125 0.02734375 0.096875
0 0.871875 0.6625 0.04375 0.16875
0 0.92109375 0.6578125 0.0375 0.17421875
0 0.9390625 0.66953125 0.0453125 0.17421875
0 0.9828125 0.646875 0.03203125 0.12578125
0 0.64375 0.57578125 0.0296875 0.0484375
0 0.14921875 0.38984375 0.28046875 0.484375
0 0.446875 0.44140625 0.2296875 0.35546875
0 0.834375 0.47109375 0.3296875 0.28671875