0 0.15078125 0.6546875 0.01953125 0.0796875
0 0.16171875 0.6484375 0.02734375 0.0921875
0 0.1875 0.65078125 0.0109375 0.06484375
0 0.20546875 0.65078125 0.0140625 0.0703125
0 0.1765625 0.64921875 0.015625 0.05546875
0 0.22578125 0.64765625 0.02421875 0.078125
0 0.24296875 0.65234375 0.0171875 0.06484375
0 0.21796875 0.65546875 0.0125 0.0578125
0 0.25390625 0.65390625 0.01328125 0.0578125
0 0.26328125 0.65 0.009375 0.040625
0 0.34609375 0.6640625 0.01484375 0.05546875
0 0.35703125 0.665625 0.015625 0.05625
0 0.3703125 0.6625 0.0140625 0.06171875
0 0.3875 0.6953125 0.0296875 0.0625
0 0.39609375 0.6703125 0.0234375 0.0890625
0 0.4125 0.6703125 0.02578125 0.08671875
0 0.6265625 0.72109375 0.0578125 0.18125
0 0.65703125 0.72890625 0.0421875 0.15546875
0 0.6453125 0.6703125 0.021875 0.05859375
0 0.67734375 0.66953125 0.01875 0.0546875
0 0.69921875 0.6625 0.015625 0.05625
0 0.7140625 0.66640625 0.01484375 0.05
0 0.76171875 0.671875 0.025 0.06171875
0 0.8 0.66875 0.03046875 0.07109375
0 0.82578125 0.6671875 0.015625 0.05546875
0 0.8578125 0.671875 0.021875 0.06875
0 0.88828125 0.659375 0.0140625 0.0484375
0 0.83359375 0.66171875 0.009375 0.0578125
0 0.3609375 0.64765625 0.01015625 0.025
0 0.80625 0.65546875 0.0125 0.025
0 0.77734375 0.6484375 0.021875 0.04375
0 0.47109375 0.65078125 0.06171875 0.05
0 0.1890625 0.6234375 0.025 0.01875
0 0.9375 0.659375 0.07890625 0.06171875
0 0.56015625 0.64375 0.075 0.0390625
0 0.61640625 0.64453125 0.0125 0.0390625