0 0.07109375 0.68125 0.1421875 0.6328125
0 0.3171875 0.6984375 0.209375 0.59921875
0 0.28984375 0.7609375 0.2453125 0.4734375
0 0.48515625 0.721875 0.20703125 0.55078125
0 0.67109375 0.69453125 0.2875 0.60625
0 0.58203125 0.8203125 0.065625 0.3453125
0 0.8984375 0.67890625 0.2 0.6375
0 0.871875 0.56171875 0.1 0.31640625
0 0.78671875 0.478125 0.05234375 0.1015625
0 0.8125 0.46640625 0.0578125 0.096875
0 0.81015625 0.63984375 0.07421875 0.28046875
0 0.83203125 0.5328125 0.03828125 0.075
0 0.7109375 0.3359375 0.109375 0.12578125
0 0.28125 0.28828125 0.56171875 0.36953125
0 0.82734375 0.2140625 0.065625 0.11796875
0 0.95 0.39765625 0.06328125 0.021875
0 0.89765625 0.2515625 0.03125 0.08671875