0 0.0484375 0.8609375 0.06015625 0.275
0 0.09765625 0.8375 0.06640625 0.2515625
0 0.11796875 0.9125 0.07421875 0.17109375
0 0.19375 0.90703125 0.05625 0.1828125
0 0.25859375 0.93359375 0.06015625 0.12890625
0 0.315625 0.92109375 0.059375 0.15390625
0 0.43046875 0.9625 0.03984375 0.07109375
0 0.52109375 0.9078125 0.084375 0.18046875
0 0.48046875 0.87421875 0.06015625 0.2015625
0 0.51953125 0.78359375 0.04375 0.140625
0 0.55234375 0.7671875 0.03203125 0.09609375
0 0.43046875 0.809375 0.06015625 0.2578125
0 0.3015625 0.8 0.06171875 0.2265625
0 0.3328125 0.81640625 0.05390625 0.26328125
0 0.37265625 0.78828125 0.0515625 0.29609375
0 0.2375 0.6546875 0.03359375 0.225
0 0.26796875 0.6765625 0.0515625 0.2234375
0 0.1609375 0.82109375 0.0375 0.24609375
0 0.196875 0.8375 0.0703125 0.26328125
0 0.09921875 0.7125 0.06328125 0.15546875
0 0.01328125 0.54140625 0.0265625 0.2078125
0 0.03046875 0.540625 0.0515625 0.215625
0 0.07109375 0.5828125 0.0578125 0.23046875
0 0.1171875 0.66953125 0.04375 0.23828125
0 0.153125 0.6453125 0.05 0.2015625
0 0.17265625 0.559375 0.0421875 0.21171875
0 0.14921875 0.4953125 0.04140625 0.1828125
0 0.2234375 0.5703125 0.04140625 0.20546875
0 0.228125 0.50390625 0.04140625 0.18046875
0 0.109375 0.328125 0.0296875 0.1671875
0 0.1265625 0.33828125 0.03984375 0.165625
0 0.15234375 0.36328125 0.021875 0.165625
0 0.17109375 0.371875 0.03046875 0.159375
0 0.165625 0.30078125 0.03828125 0.090625
0 0.203125 0.39609375 0.03984375 0.1578125
0 0.23203125 0.37890625 0.03984375 0.13046875
0 0.2421875 0.41640625 0.03203125 0.17890625
0 0.275 0.40078125 0.03828125 0.1671875
0 0.296875 0.35390625 0.02734375 0.04609375
0 0.29609375 0.45 0.03984375 0.18046875
0 0.334375 0.384375 0.03203125 0.06171875
0 0.38671875 0.43046875 0.06171875 0.1421875
0 0.38046875 0.5796875 0.06328125 0.190625
0 0.4375 0.5796875 0.05390625 0.2171875
0 0.48984375 0.58203125 0.0421875 0.20546875
0 0.53046875 0.5734375 0.05390625 0.2234375
0 0.53984375 0.46796875 0.0453125 0.07109375
0 0.459375 0.47109375 0.0484375 0.0734375
0 0.52109375 0.68828125 0.0515625 0.16171875
0 0.575 0.7171875 0.04609375 0.25
0 0.61171875 0.61953125 0.034375 0.20390625
0 0.628125 0.64609375 0.06328125 0.2234375
0 0.6484375 0.740625 0.04375 0.2234375
0 0.665625 0.75859375 0.0734375 0.24453125
0 0.82890625 0.93828125 0.05390625 0.11953125
0 0.82578125 0.8765625 0.0578125 0.1421875
0 0.9640625 0.81328125 0.0515625 0.25
0 0.9734375 0.84453125 0.05 0.25390625
0 0.978125 0.6578125 0.04140625 0.15390625
0 0.915625 0.70546875 0.06171875 0.234375
0 0.98359375 0.55546875 0.0296875 0.134375
0 0.9671875 0.4 0.0375 0.1265625
0 0.89765625 0.4 0.0453125 0.1765625
0 0.92421875 0.40703125 0.03828125 0.1515625
0 0.903125 0.50390625 0.0453125 0.18046875
0 0.86328125 0.615625 0.04765625 0.20390625
0 0.86484375 0.50078125 0.0484375 0.175
0 0.83359375 0.515625 0.04765625 0.1921875
0 0.815625 0.60703125 0.0375 0.1984375
0 0.8265625 0.70859375 0.05390625 0.2171875
0 0.77890625 0.65703125 0.05 0.10546875
0 0.76640625 0.596875 0.03828125 0.140625
0 0.78828125 0.5625 0.03359375 0.13671875
0 0.7421875 0.596875 0.04609375 0.2015625
0 0.7640625 0.48671875 0.03046875 0.10390625
0 0.796875 0.4609375 0.028125 0.07109375
0 0.8015625 0.5046875 0.02734375 0.0984375
0 0.64609375 0.53671875 0.03203125 0.084375
0 0.6734375 0.59453125 0.0453125 0.2
0 0.703125 0.640625 0.05234375 0.2265625
0 0.69296875 0.534375 0.02578125 0.134375
0 0.7046875 0.5078125 0.028125 0.165625
0 0.69609375 0.478125 0.0421875 0.140625
0 0.6296875 0.40546875 0.03203125 0.09609375
0 0.61484375 0.38359375 0.028125 0.05546875
0 0.59296875 0.359375 0.0234375 0.084375
0 0.5703125 0.3609375 0.034375 0.075
0 0.565625 0.34296875 0.03203125 0.08671875
0 0.59140625 0.303125 0.03359375 0.10546875
0 0.60078125 0.2609375 0.0234375 0.059375
0 0.61796875 0.3109375 0.02734375 0.140625
0 0.6671875 0.271875 0.03359375 0.13671875
0 0.76875 0.25703125 0.0234375 0.07890625
0 0.628125 0.1625 0.02734375 0.04453125
0 0.64921875 0.23203125 0.03359375 0.14453125
0 0.54609375 0.1734375 0.02421875 0.11171875
0 0.49296875 0.16640625 0.03046875 0.12109375
0 0.490625 0.10703125 0.0203125 0.075
0 0.4375 0.0359375 0.0234375 0.0671875
0 0.4234375 0.11640625 0.0203125 0.11328125
0 0.3984375 0.28203125 0.0296875 0.140625
0 0.37421875 0.2828125 0.0296875 0.13828125
0 0.35234375 0.3359375 0.03984375 0.140625
0 0.3296875 0.33046875 0.03359375 0.15390625
0 0.3328125 0.23203125 0.034375 0.08671875
0 0.30234375 0.26640625 0.034375 0.14453125
0 0.275 0.26953125 0.034375 0.1421875
0 0.26015625 0.23828125 0.0375 0.1421875
0 0.2375 0.296875 0.04140625 0.10546875
0 0.2171875 0.3140625 0.028125 0.06328125
0 0.22578125 0.2625 0.0203125 0.0515625
0 0.22578125 0.221875 0.03046875 0.0828125
0 0.20078125 0.25 0.02421875 0.134375
0 0.16015625 0.2390625 0.0359375 0.09453125
0 0.1796875 0.2953125 0.028125 0.12890625
0 0.16875 0.19609375 0.02734375 0.0921875
0 0.21484375 0.1625 0.0375 0.0671875
0 0.21796875 0.13203125 0.021875 0.0515625
0 0.23203125 0.13671875 0.02578125 0.0921875
0 0.2546875 0.0875 0.021875 0.06328125
0 0.271875 0.10390625 0.02734375 0.06171875
0 0.28203125 0.184375 0.0234375 0.0921875
0 0.296875 0.1625 0.02734375 0.10546875
0 0.34375 0.1109375 0.02421875 0.10546875
0 0.365625 0.13203125 0.028125 0.1171875
0 0.35703125 0.1671875 0.02578125 0.115625
0 0.37890625 0.1640625 0.0234375 0.11328125
0 0.54296875 0.971875 0.18515625 0.0515625
0 0.01015625 0.8765625 0.0203125 0.23046875
0 0.65703125 0.4765625 0.028125 0.034375
0 0.63515625 0.509375 0.015625 0.034375
0 0.55234375 0.2546875 0.04140625 0.10546875
0 0.45234375 0.13359375 0.0578125 0.21328125
0 0.28203125 0.14296875 0.02578125 0.0484375
0 0.4265625 0.309375 0.03828125 0.1421875
0 0.3640625 0.1515625 0.01953125 0.08828125
0 0.76015625 0.14453125 0.0234375 0.08046875
0 0.6890625 0.19140625 0.084375 0.12109375