0 0.01328125 0.80703125 0.0265625 0.1734375
0 0.0359375 0.83359375 0.04609375 0.16640625
0 0.0171875 0.71640625 0.03125 0.0859375
0 0.06953125 0.69140625 0.02109375 0.0640625
0 0.07421875 0.74765625 0.04609375 0.109375
0 0.0953125 0.77734375 0.03828125 0.1453125
0 0.1171875 0.79375 0.034375 0.1265625
0 0.10625 0.70625 0.02109375 0.059375
0 0.1625 0.81796875 0.1 0.359375
0 0.17890625 0.70234375 0.01875 0.04765625
0 0.19453125 0.78359375 0.0484375 0.2046875
0 0.21640625 0.81171875 0.05859375 0.290625
0 0.2328125 0.71328125 0.03125 0.09296875
0 0.246875 0.8046875 0.034375 0.16640625
0 0.46640625 0.8984375 0.07890625 0.19765625
0 0.4859375 0.8234375 0.0515625 0.26171875
0 0.68828125 0.8203125 0.02890625 0.059375
0 0.7140625 0.80234375 0.02890625 0.0859375
0 0.73203125 0.8234375 0.0328125 0.0859375
0 0.7453125 0.80390625 0.03828125 0.08828125
0 0.76875 0.78828125 0.0203125 0.04296875
0 0.775 0.809375 0.04140625 0.08125
0 0.81875 0.79296875 0.02265625 0.05234375
0 0.8171875 0.81875 0.06015625 0.06640625
0 0.86640625 0.8203125 0.046875 0.059375
0 0.9 0.72109375 0.0203125 0.04296875
0 0.86875 0.73359375 0.01171875 0.06171875
0 0.8828125 0.71796875 0.0140625 0.040625
0 0.95 0.79375 0.0484375 0.040625
0 0.96015625 0.75234375 0.0203125 0.1
0 0.97578125 0.7734375 0.04609375 0.1859375
0 0.10703125 0.6953125 0.04296875 0.05703125
0 0.2234375 0.69609375 0.05 0.06875
0 0.3734375 0.7015625 0.2296875 0.08828125
0 0.60703125 0.70703125 0.0203125 0.04296875
0 0.51484375 0.359375 0.0328125 0.08125
0 0.63125 0.65703125 0.034375 0.06171875
0 0.68515625 0.65234375 0.0296875 0.04765625
0 0.56015625 0.04140625 0.0375 0.059375
0 0.53203125 0.18671875 0.06171875 0.11171875
0 0.725 0.78125 0.01875 0.04296875
0 0.98828125 0.76640625 0.0171875 0.0765625