0 0.8875 0.68125 0.0875 0.2125
0 0.815625 0.6859375 0.09140625 0.22109375
0 0.803125 0.6734375 0.05390625 0.175
0 0.76875 0.6828125 0.13984375 0.23046875
0 0.72734375 0.66953125 0.07734375 0.19609375
0 0.69921875 0.6578125 0.05390625 0.1734375
0 0.63828125 0.675 0.1109375 0.20703125
0 0.60234375 0.66171875 0.0578125 0.18359375
0 0.6265625 0.67109375 0.075 0.19609375
0 0.528125 0.68125 0.10390625 0.20859375
0 0.51953125 0.675 0.0859375 0.2140625
0 0.4953125 0.6515625 0.04609375 0.1609375
0 0.4859375 0.6390625 0.0640625 0.19296875
0 0.40625 0.64765625 0.05 0.2015625
0 0.3765625 0.66015625 0.08515625 0.19140625
0 0.3828125 0.6796875 0.12734375 0.19453125
0 0.60703125 0.6609375 0.0484375 0.17890625
0 0.69765625 0.64375 0.0171875 0.01953125
0 0.7125 0.7015625 0.0046875 0.0359375