0 0.0796875 0.53203125 0.11640625 0.74921875
0 0.13671875 0.52265625 0.08828125 0.70546875
0 0.2234375 0.5171875 0.11015625 0.69296875
0 0.2859375 0.50703125 0.21328125 0.6890625
0 0.41328125 0.50703125 0.2625 0.6765625
0 0.5140625 0.51640625 0.1703125 0.67578125
0 0.58203125 0.5046875 0.09765625 0.66796875
0 0.6671875 0.5015625 0.26484375 0.68203125
0 0.75546875 0.49609375 0.11328125 0.703125
0 0.83828125 0.50234375 0.109375 0.70546875
0 0.915625 0.503125 0.10859375 0.72421875
0 0.96640625 0.4015625 0.02890625 0.11875
0 0.6953125 0.690625 0.08984375 0.1046875
0 0.76796875 0.58203125 0.07734375 0.209375
0 0.45625 0.40234375 0.02109375 0.0984375
0 0.34453125 0.62265625 0.065625 0.21875
0 0.03125 0.4453125 0.0625 0.409375
0 0.98984375 0.31796875 0.01796875 0.08515625
0 0.62578125 0.2453125 0.02421875 0.06640625
0 0.46171875 0.52734375 0.03515625 0.08125
0 0.5796875 0.54296875 0.01640625 0.09453125
0 0.48671875 0.3359375 0.0234375 0.06484375
0 0.49765625 0.25859375 0.0265625 0.0421875
0 0.54453125 0.415625 0.021875 0.12265625
0 0.378125 0.28046875 0.015625 0.03125
0 0.36953125 0.40703125 0.0359375 0.08515625
0 0.2828125 0.55234375 0.01796875 0.0984375
0 0.28984375 0.4140625 0.02421875 0.11875
0 0.265625 0.44296875 0.01640625 0.0578125
0 0.17890625 0.5171875 0.0296875 0.1046875
0 0.18125 0.40234375 0.0328125 0.11484375
0 0.046875 0.5703125 0.046875 0.1125
0 0.10859375 0.60859375 0.0203125 0.0484375
0 0.00703125 0.325 0.0140625 0.08359375
0 0.00859375 0.4671875 0.0171875 0.0796875
0 0.02890625 0.21484375 0.0375 0.06484375
0 0.9421875 0.4921875 0.0265625 0.06875
0 0.93203125 0.41171875 0.0109375 0.0421875
0 0.87109375 0.34609375 0.0203125 0.05390625
0 0.87265625 0.44921875 0.0140625 0.05234375
0 0.87421875 0.39296875 0.02421875 0.02109375