0 0.1375 0.67109375 0.06875 0.09609375
0 0.2171875 0.67890625 0.25859375 0.38671875
0 0.3375 0.64296875 0.0125 0.03671875
0 0.35703125 0.66640625 0.0546875 0.1171875
0 0.35703125 0.64453125 0.0203125 0.0359375
0 0.3703125 0.66484375 0.03671875 0.07109375
0 0.48515625 0.6875 0.221875 0.34140625
0 0.5625 0.67109375 0.06640625 0.1171875
0 0.53046875 0.66328125 0.0265625 0.0671875
0 0.5203125 0.65546875 0.01796875 0.05234375
0 0.60078125 0.65703125 0.03984375 0.06640625
0 0.6171875 0.6578125 0.01328125 0.040625
0 0.63671875 0.66171875 0.03359375 0.08359375
0 0.6875 0.675 0.18984375 0.2890625
0 0.775 0.66953125 0.04609375 0.09296875
0 0.80546875 0.65859375 0.03828125 0.0921875
0 0.88125 0.67421875 0.23515625 0.31875
0 0.96875 0.65859375 0.0609375 0.0859375
0 0.9796875 0.65078125 0.0390625 0.06328125
0 0.990625 0.6296875 0.0171875 0.0390625
0 0.06953125 0.62734375 0.034375 0.021875
0 0.13984375 0.63125 0.02421875 0.02109375
0 0.20234375 0.628125 0.01484375 0.01328125
0 0.3890625 0.63828125 0.0125 0.03984375
0 0.5 0.6234375 0.02734375 0.04375
0 0.5765625 0.640625 0.0234375 0.0296875
0 0.61015625 0.66484375 0.01640625 0.04296875
0 0.6453125 0.6171875 0.015625 0.0296875
0 0.7796875 0.63515625 0.02734375 0.01875
0 0.740625 0.60703125 0.0203125 0.025
0 0.8125 0.6296875 0.01328125 0.021875
0 0.95 0.6734375 0.05859375 0.09921875