0 0.6921875 0.2234375 0.0265625 0.121875
0 0.5640625 0.2046875 0.02578125 0.1203125
0 0.51796875 0.2078125 0.0234375 0.10859375
0 0.4796875 0.20703125 0.02578125 0.115625
0 0.44765625 0.2125 0.0203125 0.10859375
0 0.4453125 0.234375 0.028125 0.13125
0 0.41640625 0.2140625 0.02421875 0.11328125
0 0.38359375 0.21015625 0.01640625 0.078125
0 0.3859375 0.2203125 0.015625 0.10703125
0 0.35078125 0.2140625 0.0125 0.08203125
0 0.3125 0.17890625 0.02578125 0.10859375
0 0.21640625 0.2453125 0.0203125 0.10859375
0 0.2609375 0.24765625 0.0625 0.22421875
0 0.203125 0.26015625 0.0625 0.24453125
0 0.07109375 0.27109375 0.0375 0.1953125
0 0.0109375 0.296875 0.02109375 0.20703125
0 0.93125 0.20703125 0.03984375 0.18203125
0 0.96875 0.2203125 0.03125 0.1421875
0 0.99453125 0.203125 0.00859375 0.0953125
0 0.8375 0.20859375 0.0859375 0.2359375
0 0.8421875 0.528125 0.26640625 0.5625
0 0.53984375 0.56875 0.153125 0.43984375
0 0.34140625 0.40234375 0.1109375 0.484375
0 0.09140625 0.56875 0.146875 0.6625