0 0.0234375 0.76953125 0.04609375 0.27421875
0 0.18828125 0.77265625 0.071875 0.27109375
0 0.0109375 0.66015625 0.021875 0.0671875
0 0.03984375 0.70625 0.053125 0.17265625
0 0.06796875 0.690625 0.0453125 0.15390625
0 0.0984375 0.71640625 0.05859375 0.17578125
0 0.115625 0.6390625 0.02109375 0.03984375
0 0.128125 0.7078125 0.0390625 0.159375
0 0.1640625 0.68671875 0.05390625 0.16015625
0 0.23046875 0.684375 0.034375 0.13203125
0 0.253125 0.7265625 0.03828125 0.1515625
0 0.303125 0.7140625 0.0578125 0.1578125
0 0.28671875 0.703125 0.05 0.1515625
0 0.25859375 0.63125 0.01640625 0.028125
0 0.2640625 0.64453125 0.01953125 0.03671875
0 0.3015625 0.63125 0.02265625 0.03046875
0 0.31484375 0.6921875 0.0375 0.1515625
0 0.35390625 0.62890625 0.01015625 0.02421875
0 0.359375 0.65546875 0.02421875 0.06796875
0 0.3921875 0.7078125 0.04765625 0.1578125
0 0.41015625 0.65390625 0.01640625 0.071875
0 0.4296875 0.65546875 0.01953125 0.0703125
0 0.44453125 0.65546875 0.01875 0.0734375
0 0.4421875 0.61953125 0.0171875 0.01953125
0 0.45703125 0.65390625 0.01640625 0.0734375
0 0.4625 0.65234375 0.0203125 0.07109375
0 0.4796875 0.64921875 0.0203125 0.078125
0 0.49765625 0.653125 0.01796875 0.0703125
0 0.50703125 0.6453125 0.015625 0.05234375
0 0.5171875 0.646875 0.01328125 0.05546875
0 0.53671875 0.6578125 0.02265625 0.071875
0 0.5828125 0.6515625 0.01875 0.06875
0 0.59609375 0.65625 0.01484375 0.0640625
0 0.615625 0.65390625 0.01875 0.075
0 0.684375 0.65625 0.01953125 0.06796875
0 0.68828125 0.65546875 0.025 0.0734375
0 0.64453125 0.70703125 0.059375 0.15234375
0 0.75546875 0.6609375 0.025 0.08046875
0 0.76171875 0.634375 0.0125 0.02578125
0 0.77578125 0.6671875 0.02109375 0.10234375
0 0.79140625 0.67421875 0.025 0.09765625
0 0.80703125 0.66640625 0.01484375 0.0859375
0 0.8203125 0.67265625 0.02890625 0.09609375
0 0.8421875 0.68359375 0.03203125 0.11171875
0 0.878125 0.69375 0.03125 0.1046875
0 0.90390625 0.6953125 0.025 0.10234375
0 0.92265625 0.6609375 0.02265625 0.090625
0 0.93828125 0.65859375 0.0171875 0.0828125
0 0.96328125 0.66796875 0.0296875 0.08046875
0 0.97890625 0.6671875 0.02890625 0.07734375
0 0.8625 0.684375 0.02421875 0.10859375
0 0.99296875 0.6578125 0.01328125 0.0796875
0 0.2046875 0.63203125 0.01015625 0.01328125
0 0.2703125 0.6390625 0.0140625 0.05
0 0.4859375 0.65625 0.00703125 0.04296875
0 0.5625 0.65078125 0.03125 0.075
0 0.60078125 0.621875 0.025 0.01328125
0 0.6046875 0.6359375 0.01484375 0.01640625
0 0.62890625 0.63515625 0.0109375 0.0359375
0 0.65625 0.63984375 0.0171875 0.04921875
0 0.77109375 0.6234375 0.00703125 0.0125
0 0.97890625 0.62109375 0.028125 0.01796875
0 0.95078125 0.63984375 0.01484375 0.01953125
0 0.9296875 0.63046875 0.0109375 0.025
0 0.909375 0.63203125 0.01015625 0.021875
0 0.84921875 0.63046875 0.01640625 0.02734375
0 0.83125 0.63203125 0.01484375 0.03046875
0 0.79765625 0.62578125 0.0109375 0.015625
0 0.8203125 0.62109375 0.009375 0.00859375
0 0.7859375 0.63203125 0.0109375 0.01796875
0 0.78359375 0.6875 0.0125 0.02265625
0 0.809375 0.72421875 0.15859375 0.05
0 0.19453125 0.78125 0.36484375 0.04375
0 0.60234375 0.7828125 0.07890625 0.01328125
0 0.26171875 0.63828125 0.0046875 0.02421875
0 0.290625 0.65390625 0.01015625 0.02265625
0 0.4375 0.61484375 0.00546875 0.01328125
0 0.4421875 0.61015625 0.00546875 0.00546875
0 0.621875 0.62421875 0.00625 0.01171875
0 0.60703125 0.6625 0.0046875 0.0390625
0 0.60234375 0.67265625 0.0046875 0.02734375
0 0.96953125 0.63828125 0.00703125 0.01953125
0 0.984375 0.63828125 0.0125 0.01875
0 0.99453125 0.6234375 0.0046875 0.00859375
0 0.97109375 0.50625 0.0078125 0.02734375
0 0.95078125 0.509375 0.00625 0.02890625
0 0.9046875 0.5140625 0.009375 0.0328125
0 0.88828125 0.5203125 0.0078125 0.02421875
0 0.99140625 0.3671875 0.01171875 0.02890625
0 0.95234375 0.39140625 0.00859375 0.01875
0 0.86875 0.378125 0.0234375 0.040625
0 0.81328125 0.41875 0.0171875 0.02109375
0 0.17578125 0.40859375 0.01875 0.03046875
0 0.11640625 0.365625 0.01953125 0.0390625
0 0.1046875 0.3921875 0.009375 0.01640625
0 0.0875 0.38359375 0.009375 0.02109375
0 0.065625 0.37421875 0.00703125 0.01484375
0 0.05234375 0.37421875 0.0078125 0.01796875
0 0.01875 0.34765625 0.01015625 0.0421875
0 0.0078125 0.30625 0.015625 0.10625
0 0.0078125 0.40234375 0.015625 0.0328125
0 0.05 0.50078125 0.0078125 0.028125
0 0.03515625 0.49609375 0.00859375 0.03671875
0 0.10703125 0.51171875 0.00859375 0.02578125
0 0.096875 0.50234375 0.00859375 0.04296875
0 0.125 0.521875 0.009375 0.03125
0 0.1328125 0.41328125 0.00859375 0.02109375
0 0.19609375 0.415625 0.00546875 0.01640625
0 0.2359375 0.41640625 0.00703125 0.01875
0 0.90859375 0.39453125 0.009375 0.015625