0 0.9734375 0.47265625 0.0515625 0.584375
0 0.840625 0.76484375 0.28203125 0.46796875
0 0.76015625 0.78515625 0.1734375 0.4234375
0 0.7125 0.73125 0.1390625 0.534375
0 0.7625 0.4578125 0.12734375 0.33203125
0 0.7859375 0.2140625 0.09453125 0.246875
0 0.490625 0.403125 0.09921875 0.325
0 0.4421875 0.25 0.07578125 0.278125
0 0.48828125 0.584375 0.475 0.82890625
0 0.4578125 0.72265625 0.1125 0.5484375
0 0.2234375 0.665625 0.19609375 0.665625
0 0.2015625 0.5875 0.1609375 0.61953125
0 0.265625 0.29609375 0.05859375 0.10546875
0 0.1453125 0.490625 0.1140625 0.5515625
0 0.5734375 0.7875 0.12265625 0.421875
0 0.884375 0.4078125 0.16640625 0.38203125
0 0.96171875 0.884375 0.075 0.1359375
0 0.9515625 0.44453125 0.0703125 0.15546875
0 0.7296875 0.35859375 0.03046875 0.08359375
0 0.62265625 0.13203125 0.0609375 0.0609375