0 0.8703125 0.66875 0.11015625 0.48671875
0 0.7828125 0.67578125 0.13359375 0.525
0 0.6859375 0.7 0.1296875 0.4765625
0 0.57890625 0.6734375 0.115625 0.51484375
0 0.4796875 0.68359375 0.12578125 0.4984375
0 0.37265625 0.68125 0.1453125 0.53828125
0 0.2640625 0.684375 0.1203125 0.5
0 0.159375 0.684375 0.1390625 0.5046875
0 0.1265625 0.4859375 0.11875 0.45
0 0.2671875 0.409375 0.1234375 0.24375
0 0.3796875 0.4 0.125 0.2609375
0 0.49375 0.40234375 0.12109375 0.29453125
0 0.6 0.4296875 0.1046875 0.2671875
0 0.6953125 0.43203125 0.1 0.22421875
0 0.7875 0.43984375 0.090625 0.19921875
0 0.88828125 0.4 0.13203125 0.29609375
0 0.7828125 0.3515625 0.11875 0.3609375
0 0.6890625 0.30625 0.09375 0.290625
0 0.6 0.26640625 0.1046875 0.2890625
0 0.50703125 0.26796875 0.1015625 0.2796875
0 0.4109375 0.3265625 0.10546875 0.41484375
0 0.2984375 0.284375 0.11015625 0.31953125