0 0.01484375 0.73046875 0.0296875 0.1828125
0 0.06953125 0.784375 0.10703125 0.32109375
0 0.1109375 0.81171875 0.0734375 0.3734375
0 0.290625 0.834375 0.11328125 0.32890625
0 0.1953125 0.77265625 0.06640625 0.29296875
0 0.390625 0.80234375 0.04765625 0.2296875
0 0.446875 0.83046875 0.07265625 0.3359375
0 0.51328125 0.828125 0.07578125 0.340625
0 0.628125 0.80078125 0.04296875 0.23203125
0 0.64921875 0.79296875 0.03671875 0.228125
0 0.040625 0.684375 0.01484375 0.04296875
0 0.08515625 0.68359375 0.015625 0.04453125
0 0.096875 0.671875 0.0140625 0.02421875
0 0.1390625 0.72578125 0.01875 0.1359375
0 0.15546875 0.71640625 0.025 0.1359375
0 0.17109375 0.73046875 0.01875 0.1265625
0 0.27109375 0.728125 0.028125 0.05625
0 0.365625 0.71640625 0.02109375 0.12734375
0 0.3875 0.67890625 0.01328125 0.02890625
0 0.37265625 0.70859375 0.015625 0.09609375
0 0.41953125 0.7140625 0.0140625 0.09609375
0 0.4328125 0.69296875 0.01875 0.06640625
0 0.475 0.70234375 0.0171875 0.08515625
0 0.4875 0.696875 0.01796875 0.06328125
0 0.496875 0.690625 0.0140625 0.05625
0 0.52890625 0.6953125 0.01875 0.05625
0 0.53671875 0.6859375 0.015625 0.06171875
0 0.54765625 0.709375 0.01484375 0.10546875
0 0.5609375 0.71640625 0.01796875 0.1015625
0 0.57109375 0.7234375 0.02265625 0.11328125
0 0.58359375 0.71640625 0.0140625 0.10078125
0 0.634375 0.69296875 0.0140625 0.05390625
0 0.66171875 0.69609375 0.01171875 0.08046875
0 0.66640625 0.6796875 0.021875 0.07109375
0 0.59453125 0.7046875 0.015625 0.08203125
0 0.60078125 0.7046875 0.0125 0.078125
0 0.56328125 0.64375 0.0171875 0.046875
0 0.5859375 0.64921875 0.01484375 0.05703125
0 0.58984375 0.6171875 0.01484375 0.0421875
0 0.61484375 0.6359375 0.015625 0.0703125
0 0.60859375 0.61328125 0.01484375 0.0515625
0 0.61875 0.5359375 0.01328125 0.05625
0 0.63671875 0.55546875 0.0125 0.0640625
0 0.6453125 0.5578125 0.01640625 0.07109375
0 0.63984375 0.51484375 0.0109375 0.0328125
0 0.6484375 0.515625 0.01328125 0.040625
0 0.66953125 0.5265625 0.01484375 0.06640625
0 0.68125 0.521875 0.015625 0.06796875
0 0.6953125 0.52890625 0.01171875 0.05625
0 0.70234375 0.53046875 0.01171875 0.0515625
0 0.72421875 0.5265625 0.0140625 0.05859375
0 0.7375 0.534375 0.02890625 0.03125
0 0.8484375 0.4890625 0.0796875 0.05703125
0 0.09296875 0.68359375 0.03828125 0.05703125
0 0.42890625 0.66953125 0.0265625 0.0328125
0 0.47265625 0.68046875 0.01484375 0.0328125
0 0.56796875 0.66953125 0.0453125 0.02421875