0 0.0953125 0.6890625 0.04453125 0.0609375
0 0.065625 0.696875 0.05625 0.08046875
0 0.09609375 0.665625 0.01484375 0.0359375
0 0.059375 0.67109375 0.03984375 0.05390625
0 0.0703125 0.65859375 0.025 0.02890625
0 0.0296875 0.6390625 0.01171875 0.01953125
0 0.13984375 0.63125 0.01015625 0.0328125
0 0.15703125 0.62421875 0.00625 0.00859375
0 0.17734375 0.64296875 0.015625 0.0359375
0 0.19296875 0.6390625 0.01171875 0.0453125
0 0.3046875 0.65703125 0.0109375 0.034375
0 0.3140625 0.65234375 0.01328125 0.04296875
0 0.3328125 0.653125 0.01640625 0.05703125
0 0.35546875 0.65 0.01484375 0.0546875
0 0.3453125 0.65390625 0.0125 0.05078125
0 0.340625 0.6515625 0.009375 0.05078125
0 0.50625 0.6640625 0.021875 0.040625
0 0.00390625 0.6484375 0.0078125 0.053125
0 0.05 0.63671875 0.0109375 0.0375
0 0.02421875 0.640625 0.0046875 0.009375
0 0.0375 0.65 0.015625 0.021875
0 0.0609375 0.62265625 0.0078125 0.021875
0 0.0921875 0.628125 0.03203125 0.02265625
0 0.1234375 0.62109375 0.01171875 0.025
0 0.1546875 0.63046875 0.0125 0.028125
0 0.17734375 0.61953125 0.01953125 0.0140625
0 0.18515625 0.63359375 0.0046875 0.01484375
0 0.1984375 0.615625 0.01875 0.009375
0 0.20234375 0.63203125 0.0109375 0.02578125
0 0.21640625 0.6421875 0.0046875 0.03203125
0 0.29453125 0.61484375 0.06796875 0.025
0 0.284375 0.63984375 0.0234375 0.0265625
0 0.36171875 0.63984375 0.009375 0.0421875
0 0.34765625 0.62421875 0.01171875 0.0109375
0 0.3921875 0.62265625 0.05390625 0.0109375
0 0.3640625 0.61171875 0.0109375 0.0125
0 0.55390625 0.65859375 0.02890625 0.0359375