0 0.9734375 0.1328125 0.0421875 0.140625
0 0.91328125 0.12578125 0.06484375 0.15625
0 0.89921875 0.08203125 0.04140625 0.1234375
0 0.8453125 0.121875 0.07578125 0.15859375
0 0.7953125 0.1109375 0.04296875 0.09921875
0 0.840625 0.0671875 0.065625 0.12578125
0 0.73515625 0.08203125 0.05703125 0.10234375
0 0.73203125 0.0421875 0.059375 0.08359375
0 0.66875 0.0859375 0.05859375 0.1296875
0 0.67421875 0.0421875 0.0578125 0.08359375
0 0.59921875 0.11484375 0.06328125 0.1671875
0 0.609375 0.04609375 0.05390625 0.09140625
0 0.53203125 0.14375 0.075 0.10859375
0 0.53046875 0.07890625 0.07578125 0.12421875
0 0.46328125 0.14375 0.0671875 0.1046875
0 0.43671875 0.10859375 0.05703125 0.1546875
0 0.3 0.12265625 0.05234375 0.1015625
0 0.0609375 0.10703125 0.0359375 0.07265625
0 0.09375 0.08046875 0.07421875 0.12734375
0 0.3453125 0.478125 0.36328125 0.86484375
0 0.68671875 0.5015625 0.33125 0.859375
0 0.09609375 0.07890625 0.0671875 0.128125
0 0.35078125 0.41875 0.36171875 0.77890625
0 0.89765625 0.03125 0.0609375 0.06015625
0 0.80703125 0.0375 0.07421875 0.07421875
0 0.48671875 0.04609375 0.0359375 0.0921875
0 0.3859375 0.04296875 0.15625 0.08125
0 0.10390625 0.09296875 0.2078125 0.1859375