0 0.76875 0.740625 0.0640625 0.26796875
0 0.7390625 0.71796875 0.07734375 0.271875
0 0.75625 0.61640625 0.0546875 0.09609375
0 0.69609375 0.70625 0.0375 0.253125
0 0.6578125 0.6015625 0.07890625 0.0890625
0 0.67890625 0.7109375 0.0296875 0.27109375
0 0.6609375 0.71328125 0.075 0.3125
0 0.62421875 0.725 0.0421875 0.29453125
0 0.5671875 0.67421875 0.02265625 0.14765625
0 0.59609375 0.72890625 0.078125 0.31171875
0 0.5453125 0.66484375 0.040625 0.18046875
0 0.5265625 0.709375 0.0921875 0.36484375
0 0.4859375 0.73515625 0.08515625 0.3375
0 0.446875 0.72734375 0.04921875 0.31640625
0 0.41484375 0.71953125 0.03203125 0.29609375
0 0.359375 0.7296875 0.090625 0.346875
0 0.30859375 0.7921875 0.03125 0.14765625
0 0.275 0.71953125 0.08671875 0.3234375
0 0.228125 0.721875 0.046875 0.303125
0 0.2765625 0.74296875 0.0859375 0.3328125
0 0.17734375 0.70234375 0.0546875 0.2671875
0 0.1 0.80078125 0.059375 0.33515625
0 0.05 0.79375 0.09921875 0.41015625