0 0.034375 0.68515625 0.025 0.08125
0 0.0484375 0.67421875 0.02265625 0.078125
0 0.33046875 0.68515625 0.021875 0.075
0 0.34296875 0.68828125 0.02265625 0.07734375
0 0.403125 0.690625 0.015625 0.0359375
0 0.41640625 0.671875 0.021875 0.07421875
0 0.57421875 0.6671875 0.02265625 0.04609375
0 0.7296875 0.61328125 0.01328125 0.040625
0 0.73125 0.61640625 0.0125 0.0375
0 0.9765625 0.684375 0.0328125 0.05234375
0 0.7203125 0.61875 0.01171875 0.028125
0 0.734375 0.2625 0.2390625 0.08359375
0 0.55 0.3046875 0.128125 0.11015625