0 0.42890625 0.75546875 0.2015625 0.48671875
0 0.5359375 0.76171875 0.0890625 0.47421875
0 0.6125 0.76640625 0.09140625 0.4640625
0 0.67421875 0.76484375 0.10546875 0.46796875
0 0.7140625 0.7625 0.10546875 0.471875
0 0.434375 0.58671875 0.01953125 0.121875
0 0.446875 0.53828125 0.01328125 0.0296875
0 0.4796875 0.5953125 0.0234375 0.19140625
0 0.4953125 0.57578125 0.021875 0.13359375
0 0.27734375 0.64609375 0.03984375 0.19921875
0 0.24296875 0.6328125 0.046875 0.22109375
0 0.203125 0.66484375 0.02421875 0.18125
0 0.09140625 0.6890625 0.0671875 0.35546875
0 0.05859375 0.57890625 0.0203125 0.07109375
0 0.01796875 0.58671875 0.0359375 0.1734375
0 0.1578125 0.60078125 0.025 0.0890625