0 0.4203125 0.98359375 0.03671875 0.03046875
0 0.4453125 0.97421875 0.0328125 0.04921875
0 0.46875 0.97890625 0.03203125 0.03984375
0 0.29765625 0.9171875 0.0390625 0.10078125
0 0.28984375 0.89765625 0.02265625 0.09296875
0 0.31171875 0.884375 0.021875 0.0828125
0 0.3171875 0.85234375 0.02421875 0.0859375
0 0.3296875 0.8390625 0.02734375 0.0359375
0 0.34921875 0.875 0.02421875 0.090625
0 0.36171875 0.89375 0.03515625 0.09453125
0 0.38125 0.85625 0.025 0.04921875
0 0.38671875 0.89375 0.021875 0.0828125
0 0.39921875 0.9046875 0.0328125 0.084375
0 0.415625 0.8875 0.025 0.1
0 0.4296875 0.8984375 0.03125 0.09296875
0 0.4359375 0.8875 0.0203125 0.090625
0 0.446875 0.8921875 0.025 0.08984375
0 0.4609375 0.91875 0.02421875 0.09140625
0 0.4734375 0.890625 0.0171875 0.05
0 0.42421875 0.8375 0.01484375 0.015625
0 0.484375 0.87578125 0.02578125 0.04453125
0 0.50078125 0.9171875 0.028125 0.08046875
0 0.5171875 0.8671875 0.0296875 0.06015625
0 0.49609375 0.86171875 0.015625 0.0359375
0 0.4921875 0.83515625 0.02734375 0.04296875
0 0.41875 0.7984375 0.01875 0.059375
0 0.42421875 0.79375 0.02578125 0.04609375
0 0.4515625 0.8140625 0.02265625 0.0171875
0 0.48359375 0.80859375 0.02109375 0.0328125
0 0.51015625 0.81015625 0.0203125 0.02578125
0 0.54609375 0.79609375 0.02421875 0.04453125
0 0.4671875 0.78515625 0.01796875 0.0234375
0 0.409375 0.7703125 0.01328125 0.03046875
0 0.41953125 0.76328125 0.02109375 0.02890625
0 0.43125 0.775 0.01484375 0.04609375
0 0.32265625 0.7984375 0.02578125 0.05078125
0 0.16953125 0.88203125 0.02890625 0.0859375
0 0.21796875 0.7734375 0.01796875 0.04765625
0 0.22890625 0.7796875 0.02421875 0.0546875
0 0.25234375 0.775 0.02109375 0.0640625
0 0.30234375 0.75625 0.0140625 0.05
0 0.31171875 0.74453125 0.0171875 0.05
0 0.32265625 0.746875 0.02421875 0.03359375
0 0.34453125 0.75 0.0171875 0.0578125
0 0.36015625 0.746875 0.021875 0.05390625
0 0.378125 0.753125 0.01796875 0.0546875
0 0.334375 0.709375 0.01484375 0.05078125
0 0.34609375 0.70625 0.0140625 0.0390625
0 0.43515625 0.72578125 0.0171875 0.046875
0 0.62109375 0.98046875 0.0296875 0.03671875
0 0.58359375 0.915625 0.03671875 0.07734375
0 0.609375 0.928125 0.025 0.09296875
0 0.63125 0.934375 0.02734375 0.09140625
0 0.54765625 0.8828125 0.02265625 0.034375
0 0.5328125 0.89140625 0.03125 0.06796875
0 0.609375 0.890625 0.02421875 0.04375
0 0.58359375 0.87421875 0.02890625 0.04609375
0 0.54765625 0.840625 0.02890625 0.0390625
0 0.5703125 0.8140625 0.02578125 0.0375
0 0.59296875 0.82890625 0.021875 0.07578125
0 0.61328125 0.83359375 0.025 0.0796875
0 0.6078125 0.8203125 0.0171875 0.0734375
0 0.63671875 0.8484375 0.0203125 0.08125
0 0.646875 0.83515625 0.02109375 0.07109375
0 0.73984375 0.8953125 0.028125 0.0875
0 0.70703125 0.890625 0.03203125 0.10625
0 0.77109375 0.90390625 0.02578125 0.08359375
0 0.86953125 0.95390625 0.04296875 0.07578125
0 0.76328125 0.78515625 0.01171875 0.06640625
0 0.7015625 0.771875 0.025 0.065625
0 0.71875 0.7640625 0.015625 0.0578125
0 0.66796875 0.759375 0.02421875 0.053125
0 0.6546875 0.753125 0.02421875 0.0625
0 0.634375 0.725 0.01796875 0.02890625
0 0.5671875 0.7515625 0.02109375 0.059375
0 0.5953125 0.72265625 0.01796875 0.040625
0 0.56640625 0.71171875 0.01484375 0.0375
0 0.57734375 0.71640625 0.01796875 0.04765625
0 0.5984375 0.70078125 0.01875 0.02578125
0 0.44921875 0.6796875 0.01171875 0.0234375
0 0.43671875 0.67734375 0.01484375 0.02734375
0 0.41484375 0.68046875 0.0109375 0.03359375
0 0.4 0.67734375 0.015625 0.02734375
0 0.67421875 0.81875 0.0296875 0.0734375
0 0.36171875 0.815625 0.015625 0.06640625
0 0.74765625 0.5265625 0.02109375 0.0296875
0 0.415625 0.90078125 0.025 0.09375
0 0.23125 0.8953125 0.090625 0.19453125
0 0.17265625 0.83515625 0.04296875 0.08125
0 0.39609375 0.7046875 0.078125 0.05
0 0.5046875 0.7046875 0.046875 0.05625
0 0.54375 0.7296875 0.03125 0.08984375
0 0.45703125 0.62109375 0.03203125 0.06796875
0 0.55078125 0.66484375 0.0421875 0.0265625
0 0.7828125 0.95078125 0.10625 0.096875
0 0.67421875 0.93359375 0.06875 0.13125
0 0.5828125 0.9390625 0.0328125 0.03359375
0 0.81328125 0.890625 0.06328125 0.090625
0 0.79921875 0.83359375 0.06796875 0.05703125
0 0.60859375 0.76796875 0.07265625 0.07421875
0 0.59296875 0.68203125 0.0703125 0.034375
0 0.503125 0.66484375 0.05234375 0.0265625
0 0.46015625 0.70859375 0.03828125 0.05625
0 0.35078125 0.67109375 0.0609375 0.0296875
0 0.41875 0.640625 0.01484375 0.01328125
0 0.68984375 0.84140625 0.0203125 0.07421875
0 0.403125 0.7484375 0.03671875 0.03984375
0 0.27578125 0.8 0.02890625 0.09140625
0 0.628125 0.52890625 0.021875 0.02109375
0 0.46171875 0.66796875 0.015625 0.02734375
0 0.39921875 0.66171875 0.009375 0.01015625
0 0.37265625 0.7875 0.02421875 0.02578125