0 0.7890625 0.7703125 0.15859375 0.24765625
0 0.95859375 0.61875 0.04140625 0.07265625
0 0.98046875 0.59375 0.02109375 0.02578125
0 0.91328125 0.62890625 0.06171875 0.04609375
0 0.88359375 0.62890625 0.06640625 0.0484375
0 0.8109375 0.63125 0.0625 0.046875
0 0.87734375 0.67265625 0.0953125 0.0625
0 0.809375 0.66953125 0.04609375 0.05234375
0 0.471875 0.7390625 0.10703125 0.17109375
0 0.65390625 0.609375 0.04765625 0.07421875
0 0.55625 0.62109375 0.0453125 0.06875
0 0.5203125 0.61796875 0.03359375 0.0625
0 0.47890625 0.61796875 0.0375 0.06015625
0 0.440625 0.6390625 0.04140625 0.04921875
0 0.37265625 0.6421875 0.03828125 0.046875
0 0.3140625 0.6421875 0.05 0.04609375
0 0.27578125 0.64375 0.053125 0.04921875
0 0.23203125 0.64296875 0.06484375 0.05078125
0 0.21953125 0.66875 0.071875 0.06171875
0 0.11171875 0.72421875 0.071875 0.0796875
0 0.03203125 0.7359375 0.0640625 0.090625
0 0.09375 0.7 0.07578125 0.0609375
0 0.14375 0.6875 0.053125 0.0625
0 0.17265625 0.67109375 0.03125 0.05703125
0 0.11796875 0.665625 0.04765625 0.0359375
0 0.0875 0.659375 0.04296875 0.0328125
0 0.11328125 0.6375 0.0359375 0.0234375
0 0.0484375 0.6640625 0.03828125 0.0234375
0 0.57109375 0.61484375 0.03359375 0.0609375
0 0.140625 0.64921875 0.04296875 0.02265625
0 0.9578125 0.58671875 0.0171875 0.01875
0 0.8703125 0.84921875 0.25625 0.08671875
0 0.56640625 0.79921875 0.2109375 0.05
0 0.5703125 0.63984375 0.01953125 0.0265625
0 0.49375 0.6265625 0.0265625 0.04140625
0 0.3546875 0.6390625 0.02890625 0.0390625
0 0.034375 0.64921875 0.06875 0.05546875
0 0.5078125 0.1484375 0.97890625 0.078125