0 0.0078125 0.59609375 0.0140625 0.03671875
0 0.0171875 0.60078125 0.01015625 0.0375
0 0.021875 0.6015625 0.01015625 0.034375
0 0.03046875 0.6015625 0.009375 0.03515625
0 0.06328125 0.6046875 0.01640625 0.053125
0 0.259375 0.64921875 0.01328125 0.021875
0 0.51640625 0.62734375 0.01796875 0.0890625
0 0.66484375 0.63359375 0.01875 0.0578125
0 0.6734375 0.63515625 0.0109375 0.03984375
0 0.68046875 0.63515625 0.0140625 0.05859375
0 0.696875 0.63984375 0.0140625 0.046875
0 0.70546875 0.6390625 0.0109375 0.0515625
0 0.71171875 0.6421875 0.0125 0.0515625
0 0.721875 0.640625 0.01328125 0.05234375
0 0.7359375 0.64140625 0.01171875 0.05
0 0.73515625 0.64140625 0.0109375 0.0484375
0 0.74921875 0.64609375 0.015625 0.04375
0 0.76484375 0.65 0.01484375 0.0421875
0 0.77578125 0.64765625 0.01484375 0.053125
0 0.97109375 0.65390625 0.03203125 0.15078125
0 0.875 0.5734375 0.20390625 0.66640625
0 0.578125 0.5921875 0.24453125 0.81328125
0 0.34765625 0.52265625 0.25625 0.7734375
0 0.12109375 0.51484375 0.2421875 0.7890625
0 0.23203125 0.615625 0.0234375 0.040625
0 0.47265625 0.6234375 0.0359375 0.053125
0 0.6546875 0.6390625 0.0109375 0.034375
0 0.88984375 0.69921875 0.0140625 0.04296875