0 0.15625 0.73203125 0.13203125 0.43203125
0 0.25 0.6875 0.0890625 0.45703125
0 0.32265625 0.70703125 0.1078125 0.48671875
0 0.434375 0.675 0.13125 0.4421875
0 0.56796875 0.66640625 0.1390625 0.425
0 0.65625 0.63359375 0.103125 0.53125
0 0.78359375 0.60390625 0.13203125 0.55546875
0 0.88984375 0.51328125 0.09765625 0.60234375
0 0.95859375 0.48359375 0.08125 0.621875
0 0.8796875 0.3359375 0.08203125 0.38984375
0 0.759375 0.32109375 0.0921875 0.36015625
0 0.66796875 0.40390625 0.09140625 0.3484375
0 0.5875 0.37421875 0.07890625 0.378125
0 0.5140625 0.49765625 0.08671875 0.6546875
0 0.45390625 0.42578125 0.0765625 0.4171875
0 0.38515625 0.49609375 0.07421875 0.578125
0 0.315625 0.40859375 0.07578125 0.3234375
0 0.25078125 0.434375 0.084375 0.32109375
0 0.16640625 0.43828125 0.09453125 0.4171875
0 0.31875 0.56328125 0.3796875 0.86875
0 0.228125 0.23671875 0.065625 0.28671875
0 0.2875 0.2546875 0.07109375 0.25703125
0 0.35234375 0.221875 0.06640625 0.2765625
0 0.4109375 0.1984375 0.05703125 0.234375
0 0.46953125 0.1953125 0.06796875 0.22734375
0 0.53359375 0.2015625 0.07109375 0.2046875
0 0.5953125 0.1953125 0.06796875 0.1875
0 0.6265625 0.26796875 0.04921875 0.165625
0 0.68125 0.1515625 0.08203125 0.24921875
0 0.69609375 0.259375 0.0546875 0.1875
0 0.7203125 0.21640625 0.04140625 0.1359375
0 0.8125 0.30703125 0.07890625 0.36328125