0 0.453125 0.96484375 0.03125 0.06640625
0 0.48046875 0.9546875 0.03046875 0.0859375
0 0.5046875 0.94609375 0.03125 0.1046875
0 0.5578125 0.95234375 0.03046875 0.09140625
0 0.5640625 0.93828125 0.0234375 0.096875
0 0.5984375 0.95625 0.0328125 0.084375
0 0.59609375 0.91953125 0.01953125 0.0328125
0 0.61171875 0.9484375 0.034375 0.09921875
0 0.621875 0.9578125 0.03046875 0.08046875
0 0.68125 0.95390625 0.03125 0.08828125
0 0.76484375 0.96640625 0.02890625 0.0640625
0 0.775 0.971875 0.02578125 0.053125
0 0.846875 0.9796875 0.03828125 0.03671875
0 0.78125 0.86796875 0.02890625 0.0546875
0 0.703125 0.87890625 0.034375 0.0953125
0 0.67734375 0.8484375 0.02578125 0.0859375
0 0.62109375 0.8296875 0.0234375 0.084375
0 0.596875 0.81796875 0.02734375 0.09140625
0 0.5375 0.7953125 0.02578125 0.075
0 0.63515625 0.78046875 0.02890625 0.08984375
0 0.77265625 0.73515625 0.01953125 0.0421875
0 0.78984375 0.77734375 0.02578125 0.075
0 0.7921875 0.74921875 0.01796875 0.0640625
0 0.81171875 0.725 0.0234375 0.06953125
0 0.7828125 0.65703125 0.0203125 0.05859375
0 0.81015625 0.6453125 0.0203125 0.02734375
0 0.740625 0.65703125 0.01484375 0.0546875
0 0.76328125 0.62734375 0.0109375 0.01796875
0 0.7375 0.64140625 0.01796875 0.05703125
0 0.71484375 0.65625 0.01953125 0.05703125
0 0.621875 0.66484375 0.021875 0.0609375
0 0.6203125 0.60625 0.01640625 0.04609375
0 0.609375 0.61015625 0.01640625 0.053125
0 0.559375 0.5890625 0.01484375 0.0515625
0 0.53046875 0.6515625 0.02578125 0.0625
0 0.8859375 0.99296875 0.01640625 0.0109375
0 0.915625 0.70390625 0.01484375 0.0828125
0 0.63515625 0.6421875 0.00703125 0.040625
0 0.62734375 0.63359375 0.00859375 0.0125
0 0.66171875 0.6 0.0140625 0.04375
0 0.68125 0.59609375 0.00390625 0.00703125
0 0.01953125 0.6015625 0.03671875 0.0734375
0 0.69140625 0.4828125 0.01953125 0.0328125
0 0.86875 0.51953125 0.021875 0.040625