0 0.24296875 0.89375 0.0375 0.07265625
0 0.253125 0.8734375 0.0375 0.08125
0 0.31015625 0.871875 0.03359375 0.13125
0 0.3359375 0.8578125 0.0203125 0.1328125
0 0.33125 0.96328125 0.0328125 0.07109375
0 0.375 0.9515625 0.03515625 0.0953125
0 0.43125 0.95546875 0.0328125 0.0859375
0 0.440625 0.88515625 0.0203125 0.1328125
0 0.45390625 0.865625 0.0234375 0.1234375
0 0.46015625 0.89453125 0.02109375 0.13125
0 0.46953125 0.9796875 0.0234375 0.0390625
0 0.48203125 0.89375 0.0265625 0.14765625
0 0.48359375 0.81953125 0.01640625 0.04375
0 0.51875 0.93046875 0.025 0.1359375
0 0.5375 0.9171875 0.021875 0.14375
0 0.58203125 0.9359375 0.0375 0.1265625
0 0.6109375 0.9046875 0.025 0.1390625
0 0.6625 0.93203125 0.0234375 0.13359375
0 0.6796875 0.9421875 0.025 0.1140625
0 0.640625 0.84296875 0.0203125 0.12109375
0 0.6203125 0.796875 0.02109375 0.11875
0 0.64453125 0.81015625 0.02109375 0.1171875
0 0.6890625 0.853125 0.01640625 0.13125
0 0.6671875 0.8078125 0.0265625 0.12890625
0 0.63984375 0.76171875 0.02109375 0.0890625
0 0.30546875 0.76171875 0.0140625 0.10625
0 0.3109375 0.7703125 0.02265625 0.1078125
0 0.34296875 0.7734375 0.0171875 0.11875
0 0.3671875 0.7609375 0.0265625 0.1171875
0 0.4125 0.74140625 0.0140625 0.1
0 0.303125 0.7140625 0.0265625 0.09765625
0 0.3125 0.7078125 0.01796875 0.10234375
0 0.365625 0.6765625 0.01640625 0.09140625
0 0.36796875 0.6328125 0.0125 0.0234375
0 0.3765625 0.66640625 0.01484375 0.0828125
0 0.3984375 0.67890625 0.01875 0.0953125
0 0.409375 0.66171875 0.01640625 0.0515625
0 0.4203125 0.66484375 0.01796875 0.0421875
0 0.434375 0.684375 0.01640625 0.04375
0 0.4390625 0.6984375 0.0109375 0.02265625
0 0.453125 0.69296875 0.015625 0.03125
0 0.47890625 0.68828125 0.0125 0.04140625
0 0.48984375 0.76875 0.0203125 0.11484375
0 0.48046875 0.74609375 0.0125 0.075
0 0.51875 0.81328125 0.0265625 0.13125
0 0.50859375 0.7953125 0.0125 0.1078125
0 0.52734375 0.78203125 0.0234375 0.11875
0 0.5171875 0.7453125 0.0078125 0.04609375
0 0.5515625 0.87109375 0.02265625 0.1203125
0 0.5421875 0.815625 0.0234375 0.1109375
0 0.5421875 0.7921875 0.01953125 0.09140625
0 0.56953125 0.8421875 0.0203125 0.1078125
0 0.56328125 0.81953125 0.01953125 0.12109375
0 0.596875 0.7484375 0.0171875 0.12265625
0 0.57109375 0.70625 0.01796875 0.0875
0 0.5625 0.69375 0.0140625 0.0921875
0 0.54453125 0.6796875 0.0171875 0.0859375
0 0.596875 0.6953125 0.01484375 0.0859375
0 0.496875 0.68984375 0.0140625 0.03515625
0 0.50859375 0.6859375 0.01171875 0.03125
0 0.5109375 0.640625 0.01171875 0.0359375
0 0.49765625 0.64375 0.0140625 0.0546875
0 0.434375 0.63828125 0.0109375 0.03359375
0 0.503125 0.57890625 0.0140625 0.06015625
0 0.515625 0.58125 0.0109375 0.0578125
0 0.53125 0.63046875 0.0125 0.07890625
0 0.4734375 0.5796875 0.0109375 0.0296875
0 0.5953125 0.6390625 0.01484375 0.04765625
0 0.6078125 0.64296875 0.01328125 0.07890625
0 0.61640625 0.6484375 0.01015625 0.07890625
0 0.6203125 0.6484375 0.0125 0.0828125
0 0.63125 0.65546875 0.0171875 0.09375
0 0.60390625 0.62421875 0.01171875 0.05390625
0 0.625 0.63203125 0.0140625 0.0765625
0 0.640625 0.646875 0.0140625 0.0890625
0 0.415625 0.6140625 0.01328125 0.03125
0 0.4171875 0.6328125 0.01015625 0.0453125
0 0.40703125 0.6046875 0.0140625 0.06640625
0 0.43203125 0.58125 0.01484375 0.0625
0 0.415625 0.5609375 0.0109375 0.05859375
0 0.425 0.5515625 0.0109375 0.06484375
0 0.41171875 0.5109375 0.009375 0.0515625
0 0.403125 0.4953125 0.0078125 0.03359375
0 0.4046875 0.51484375 0.00859375 0.03984375
0 0.43671875 0.525 0.01015625 0.05234375
0 0.43203125 0.521875 0.00703125 0.0484375
0 0.4265625 0.515625 0.00859375 0.04375
0 0.3625 0.6 0.0109375 0.06484375
0 0.59765625 0.6734375 0.01484375 0.04375
0 0.665625 0.72890625 0.0640625 0.0671875
0 0.3015625 0.64375 0.1125 0.11484375
0 0.47421875 0.51015625 0.08046875 0.1078125
0 0.5515625 0.59140625 0.0625 0.0953125
0 0.3859375 0.54609375 0.040625 0.0703125
0 0.56328125 0.5203125 0.021875 0.0484375
0 0.52421875 0.5140625 0.01875 0.06015625