0 0.90234375 0.6796875 0.19296875 0.440625
0 0.02265625 0.63515625 0.04453125 0.26171875
0 0.85390625 0.5921875 0.06640625 0.140625
0 0.80546875 0.68203125 0.06328125 0.29921875
0 0.71171875 0.66796875 0.0703125 0.321875
0 0.6578125 0.678125 0.0828125 0.33984375
0 0.6625 0.64296875 0.071875 0.3375
0 0.61875 0.665625 0.03828125 0.2734375
0 0.59375 0.55546875 0.0453125 0.10703125
0 0.5578125 0.5625 0.034375 0.11015625
0 0.57265625 0.69375 0.08671875 0.31484375
0 0.51640625 0.6546875 0.06640625 0.3
0 0.48359375 0.63515625 0.04453125 0.2625
0 0.4421875 0.659375 0.0828125 0.31875
0 0.3828125 0.66171875 0.06640625 0.3140625
0 0.33203125 0.66015625 0.04296875 0.23046875
0 0.290625 0.66640625 0.0734375 0.3578125
0 0.20625 0.67734375 0.146875 0.44765625
0 0.11796875 0.6609375 0.09609375 0.40078125
0 0.06328125 0.65859375 0.06875 0.34765625
0 0.16171875 0.521875 0.0328125 0.078125
0 0.2484375 0.51875 0.0390625 0.0765625
0 0.3125 0.52421875 0.034375 0.0671875
0 0.33671875 0.59296875 0.040625 0.15078125
0 0.0484375 0.5203125 0.04375 0.0734375
0 0.1890625 0.52890625 0.0234375 0.046875
0 0.26953125 0.53515625 0.01484375 0.02421875
0 0.43203125 0.52578125 0.025 0.0625
0 0.46171875 0.53984375 0.0140625 0.04296875
0 0.52109375 0.63125 0.05234375 0.24921875
0 0.60390625 0.5171875 0.02734375 0.0734375
0 0.70546875 0.659375 0.05859375 0.290625
0 0.69140625 0.53984375 0.01171875 0.03046875
0 0.2125 0.1015625 0.075 0.09921875