0 0.0796875 0.3640625 0.02890625 0.0984375
0 0.14296875 0.34375 0.0359375 0.05390625
0 0.1765625 0.35390625 0.0359375 0.06015625
0 0.21015625 0.3375 0.0171875 0.034375
0 0.21796875 0.353125 0.02578125 0.05390625
0 0.228125 0.390625 0.03125 0.07109375
0 0.2453125 0.39609375 0.03828125 0.06171875
0 0.1921875 0.38828125 0.02421875 0.0578125
0 0.2015625 0.4015625 0.0421875 0.08125
0 0.146875 0.39765625 0.03125 0.0578125
0 0.1578125 0.4171875 0.03828125 0.07734375
0 0.16796875 0.4453125 0.0609375 0.0984375
0 0.203125 0.41484375 0.0390625 0.06171875
0 0.22578125 0.44140625 0.02265625 0.05234375
0 0.2890625 0.45234375 0.03984375 0.07109375
0 0.225 0.48203125 0.04453125 0.09453125
0 0.17109375 0.5109375 0.0828125 0.14453125
0 0.109375 0.4375 0.05 0.0671875
0 0.09296875 0.4828125 0.07734375 0.1234375
0 0.05078125 0.44375 0.04453125 0.03828125
0 0.04453125 0.4765625 0.05625 0.06171875
0 0.04453125 0.4765625 0.06484375 0.065625
0 0.11171875 0.5703125 0.08046875 0.16796875
0 0.19453125 0.64296875 0.07734375 0.146875
0 0.27890625 0.55703125 0.10078125 0.30703125
0 0.3265625 0.49609375 0.04140625 0.0890625
0 0.34453125 0.55703125 0.06953125 0.11796875
0 0.20390625 0.63359375 0.0953125 0.1890625
0 0.109375 0.65546875 0.11953125 0.19921875
0 0.02109375 0.6765625 0.0421875 0.19140625
0 0.07109375 0.79765625 0.125 0.22421875
0 0.190625 0.784375 0.13125 0.26484375
0 0.32890625 0.72578125 0.09296875 0.2203125
0 0.428125 0.6875 0.096875 0.2390625
0 0.2796875 0.353125 0.021875 0.034375
0 0.290625 0.35546875 0.021875 0.0578125
0 0.30078125 0.3640625 0.02734375 0.0484375
0 0.321875 0.38046875 0.0359375 0.05
0 0.3328125 0.39609375 0.03828125 0.05390625
0 0.346875 0.35703125 0.02265625 0.0421875
0 0.36796875 0.365625 0.02578125 0.0484375
0 0.36171875 0.31953125 0.02890625 0.08671875
0 0.403125 0.35234375 0.02578125 0.04453125
0 0.43203125 0.34921875 0.0203125 0.05390625
0 0.42109375 0.36484375 0.01953125 0.04609375
0 0.43515625 0.3765625 0.025 0.03828125
0 0.48125 0.38671875 0.02734375 0.05234375
0 0.46640625 0.40078125 0.021875 0.075
0 0.4546875 0.4 0.03359375 0.05
0 0.50703125 0.37578125 0.0140625 0.02890625
0 0.50859375 0.40234375 0.028125 0.0484375
0 0.38203125 0.3890625 0.02890625 0.07109375
0 0.3640625 0.37265625 0.01484375 0.0234375
0 0.35390625 0.4578125 0.0484375 0.16953125
0 0.38359375 0.4890625 0.04453125 0.171875
0 0.40859375 0.50078125 0.0453125 0.14453125
0 0.4328125 0.446875 0.0328125 0.0671875
0 0.41328125 0.4296875 0.0328125 0.0984375
0 0.47265625 0.4515625 0.046875 0.04609375
0 0.54296875 0.41640625 0.02890625 0.0484375
0 0.5734375 0.41015625 0.03359375 0.040625
0 0.503125 0.49296875 0.05859375 0.090625
0 0.55390625 0.48671875 0.06796875 0.1
0 0.61640625 0.4546875 0.0359375 0.0671875
0 0.64609375 0.45234375 0.03828125 0.075
0 0.640625 0.42578125 0.028125 0.075
0 0.4875 0.32890625 0.02265625 0.075
0 0.51328125 0.346875 0.02890625 0.04453125
0 0.5328125 0.3265625 0.02421875 0.06953125
0 0.69921875 0.390625 0.03359375 0.05625
0 0.71328125 0.40546875 0.02734375 0.065625
0 0.73671875 0.40625 0.04375 0.13671875
0 0.7578125 0.43046875 0.05234375 0.146875
0 0.76171875 0.49609375 0.028125 0.0578125
0 0.6921875 0.43984375 0.05 0.08125
0 0.69296875 0.4703125 0.03671875 0.075
0 0.71484375 0.503125 0.04140625 0.08671875
0 0.68046875 0.5109375 0.05546875 0.09453125
0 0.6265625 0.51484375 0.05078125 0.1140625
0 0.540625 0.53828125 0.0484375 0.0890625
0 0.4984375 0.61171875 0.06640625 0.23203125
0 0.50078125 0.49296875 0.05390625 0.090625
0 0.66015625 0.609375 0.06953125 0.05234375
0 0.7171875 0.56953125 0.06640625 0.1078125
0 0.7703125 0.5609375 0.06484375 0.10234375
0 0.76640625 0.66875 0.12265625 0.0984375
0 0.81953125 0.6265625 0.09453125 0.13671875
0 0.91015625 0.615625 0.09296875 0.13125
0 0.95859375 0.58203125 0.06796875 0.140625
0 0.82421875 0.44375 0.04765625 0.1234375
0 0.85859375 0.4703125 0.06171875 0.19140625
0 0.8953125 0.4921875 0.03828125 0.09296875
0 0.9125 0.478125 0.0453125 0.0984375
0 0.94765625 0.478125 0.04765625 0.05625
0 0.9828125 0.46171875 0.03125 0.0734375
0 0.9609375 0.5546875 0.07578125 0.1640625
0 0.4515625 0.34296875 0.01328125 0.0171875
0 0.46171875 0.34921875 0.01875 0.03828125
0 0.5078125 0.33046875 0.0171875 0.034375
0 0.06796875 0.36015625 0.05078125 0.10234375
0 0.98671875 0.5203125 0.02421875 0.090625
0 0.8078125 0.5484375 0.0421875 0.10390625
0 0.8296875 0.54453125 0.05390625 0.10390625
0 0.8015625 0.44296875 0.04140625 0.0484375
0 0.64375 0.4265625 0.03125 0.07734375
0 0.65859375 0.4234375 0.0328125 0.090625
0 0.63828125 0.39609375 0.03359375 0.05390625
0 0.5828125 0.4375 0.0359375 0.06015625
0 0.546875 0.48515625 0.05078125 0.0984375
0 0.55 0.35546875 0.02578125 0.03125
0 0.55078125 0.3453125 0.02578125 0.0421875
0 0.5671875 0.38203125 0.028125 0.06953125
0 0.57578125 0.38671875 0.01953125 0.0328125
0 0.584375 0.36171875 0.02265625 0.040625
0 0.58984375 0.39375 0.02578125 0.0734375
0 0.290625 0.45625 0.0390625 0.07109375
0 0.2890625 0.43125 0.03359375 0.0640625
0 0.1375 0.37421875 0.01953125 0.034375
0 0.2703125 0.403125 0.0171875 0.03125
0 0.08828125 0.4515625 0.0140625 0.03828125
0 0.034375 0.6109375 0.06796875 0.0984375
0 0.32890625 0.34296875 0.028125 0.040625
0 0.3765625 0.34921875 0.009375 0.034375
0 0.4125 0.34375 0.0078125 0.01953125
0 0.39453125 0.39453125 0.021875 0.025
0 0.509375 0.4359375 0.03359375 0.0421875
0 0.60703125 0.41796875 0.03984375 0.075
0 0.6234375 0.3609375 0.0640625 0.0421875
0 0.7875 0.4671875 0.028125 0.096875
0 0.559375 0.42890625 0.01640625 0.01953125