0 0.6453125 0.85078125 0.04765625 0.10703125
0 0.6671875 0.859375 0.04609375 0.0953125
0 0.01484375 0.80078125 0.02890625 0.03046875
0 0.02890625 0.79921875 0.0375 0.040625
0 0.01328125 0.86171875 0.02578125 0.090625
0 0.0578125 0.8515625 0.115625 0.16953125
0 0.12421875 0.83671875 0.053125 0.096875
0 0.1625 0.86328125 0.11953125 0.1453125
0 0.2390625 0.8609375 0.0765625 0.1515625
0 0.275 0.86796875 0.04765625 0.13515625
0 0.31484375 0.859375 0.0734375 0.153125
0 0.38203125 0.87578125 0.09296875 0.19453125
0 0.09375 0.809375 0.03671875 0.01875