0 0.9390625 0.49765625 0.1203125 0.47578125
0 0.98203125 0.421875 0.034375 0.28203125
0 0.9046875 0.41328125 0.065625 0.271875
0 0.84921875 0.46875 0.09296875 0.378125
0 0.7921875 0.3953125 0.06015625 0.2296875
0 0.796875 0.3 0.01171875 0.0328125
0 0.76328125 0.3265625 0.02890625 0.09765625
0 0.70625 0.34296875 0.04375 0.13984375
0 0.73671875 0.41328125 0.0859375 0.21796875
0 0.6875 0.321875 0.0171875 0.0671875
0 0.671875 0.31484375 0.01796875 0.0828125
0 0.66171875 0.29921875 0.0140625 0.046875
0 0.6578125 0.35234375 0.01875 0.109375
0 0.64453125 0.3546875 0.03671875 0.12578125
0 0.61484375 0.35703125 0.0296875 0.15625
0 0.58515625 0.3578125 0.02890625 0.1515625
0 0.54296875 0.35078125 0.034375 0.13984375
0 0.56015625 0.4359375 0.04296875 0.265625
0 0.671875 0.7109375 0.39765625 0.575
0 0.3109375 0.3875 0.03828125 0.16796875
0 0.271875 0.4140625 0.05625 0.234375
0 0.2234375 0.42578125 0.07734375 0.24453125
0 0.27890625 0.62265625 0.5578125 0.75234375
0 0.92265625 0.2625 0.028125 0.0390625
0 0.8796875 0.28515625 0.0203125 0.06015625
0 0.734375 0.2890625 0.0328125 0.034375
0 0.7015625 0.2875 0.01484375 0.04921875
0 0.6828125 0.2703125 0.021875 0.0359375
0 0.66796875 0.2671875 0.01015625 0.01171875
0 0.57265625 0.259375 0.18125 0.03125
0 0.57421875 0.29375 0.16328125 0.040625
0 0.59765625 0.3546875 0.01171875 0.084375
0 0.628125 0.35390625 0.0109375 0.0796875