0 0.81328125 0.65234375 0.25625 0.63515625
0 0.74296875 0.4640625 0.1421875 0.5015625
0 0.70234375 0.48125 0.125 0.4671875
0 0.64921875 0.46484375 0.1203125 0.48984375
0 0.6546875 0.45390625 0.121875 0.48046875
0 0.39609375 0.65078125 0.24140625 0.28125
0 0.2359375 0.79296875 0.24375 0.41171875
0 0.19453125 0.5140625 0.17265625 0.390625
0 0.9671875 0.28125 0.0640625 0.14296875
0 0.9046875 0.2640625 0.0953125 0.171875
0 0.60859375 0.25859375 0.090625 0.18125
0 0.5203125 0.2609375 0.1015625 0.1734375
0 0.4234375 0.265625 0.1140625 0.17734375
0 0.33125 0.2796875 0.0609375 0.14296875
0 0.259375 0.23046875 0.09765625 0.2421875
0 0.19609375 0.2375 0.06875 0.22265625
0 0.14609375 0.259375 0.08671875 0.1796875
0 0.059375 0.23359375 0.11875 0.2328125
0 0.83828125 0.2671875 0.11640625 0.16796875