0 0.06796875 0.625 0.1359375 0.42265625
0 0.1703125 0.73203125 0.340625 0.53359375
0 0.44921875 0.7640625 0.29609375 0.46953125
0 0.725 0.8 0.315625 0.39765625
0 0.1234375 0.5046875 0.08125 0.2921875
0 0.09140625 0.38515625 0.109375 0.2078125
0 0.0671875 0.3171875 0.03125 0.0453125
0 0.2296875 0.5015625 0.221875 0.77578125
0 0.42265625 0.434375 0.21796875 0.63359375
0 0.61171875 0.52890625 0.2046875 0.6921875
0 0.7796875 0.52109375 0.25078125 0.6375
0 0.63828125 0.24765625 0.16484375 0.24140625
0 0.16171875 0.3078125 0.02265625 0.0453125
0 0.528125 0.24296875 0.0703125 0.27578125
0 0.3546875 0.5796875 0.0328125 0.09453125