0 0.009375 0.70390625 0.0109375 0.034375
0 0.04140625 0.70234375 0.00859375 0.028125
0 0.2203125 0.65859375 0.0171875 0.065625
0 0.23359375 0.6671875 0.01953125 0.07265625
0 0.58515625 0.66875 0.00703125 0.01015625
0 0.61640625 0.6765625 0.00859375 0.0328125
0 0.6265625 0.67421875 0.0109375 0.0375
0 0.69453125 0.659375 0.01484375 0.025
0 0.6984375 0.66953125 0.0125 0.040625
0 0.6734375 0.80859375 0.07890625 0.30859375
0 0.77421875 0.81640625 0.1 0.36328125
0 0.7375 0.68359375 0.0265625 0.07890625
0 0.78203125 0.6953125 0.0375 0.09375
0 0.86796875 0.70703125 0.040625 0.14140625
0 0.8953125 0.68046875 0.025 0.096875
0 0.0203125 0.6984375 0.01171875 0.01953125
0 0.64140625 0.66953125 0.01171875 0.03125
0 0.89140625 0.6375 0.01640625 0.0296875
0 0.96875 0.67109375 0.01328125 0.028125
0 0.52265625 0.66484375 0.0203125 0.01796875
0 0.87421875 0.88515625 0.15859375 0.0953125
0 0.853125 0.79296875 0.10859375 0.0390625