0 0.13515625 0.6671875 0.06640625 0.3546875
0 0.2046875 0.62734375 0.09140625 0.3328125
0 0.3078125 0.58984375 0.08203125 0.30078125
0 0.63125 0.6296875 0.12109375 0.38828125
0 0.66171875 0.6015625 0.05859375 0.30625
0 0.76171875 0.6328125 0.09609375 0.359375
0 0.72265625 0.6015625 0.07265625 0.34609375
0 0.70078125 0.58046875 0.053125 0.29609375
0 0.86171875 0.60390625 0.1078125 0.3109375
0 0.94765625 0.6140625 0.103125 0.415625
0 0.82578125 0.50859375 0.06328125 0.128125
0 0.79921875 0.5359375 0.03515625 0.14921875
0 0.41953125 0.5859375 0.06953125 0.26328125
0 0.23984375 0.41640625 0.06953125 0.14609375
0 0.6921875 0.38125 0.08359375 0.1171875
0 0.7640625 0.44609375 0.05234375 0.0359375
0 0.640625 0.47265625 0.0140625 0.03984375
0 0.040625 0.5046875 0.03671875 0.07890625
0 0.57578125 0.4953125 0.05234375 0.103125