0 0.10078125 0.7078125 0.1296875 0.58203125
0 0.2125 0.69375 0.11171875 0.55859375
0 0.29375 0.71484375 0.09296875 0.54921875
0 0.37578125 0.7234375 0.1109375 0.5453125
0 0.47109375 0.7046875 0.10078125 0.55078125
0 0.57109375 0.71015625 0.15234375 0.5765625
0 0.6859375 0.70546875 0.13359375 0.5859375
0 0.77109375 0.69453125 0.11171875 0.5609375
0 0.84140625 0.70546875 0.10234375 0.5703125
0 0.9203125 0.703125 0.12890625 0.58359375
0 0.125 0.32109375 0.09296875 0.41015625
0 0.1984375 0.32421875 0.0921875 0.40078125
0 0.2609375 0.3421875 0.08359375 0.4203125
0 0.32578125 0.34375 0.06953125 0.4296875
0 0.3671875 0.359375 0.07265625 0.359375
0 0.37734375 0.19921875 0.06875 0.13828125
0 0.41953125 0.35703125 0.0609375 0.41640625
0 0.47421875 0.346875 0.08203125 0.38671875
0 0.50859375 0.3375 0.0421875 0.44296875
0 0.53984375 0.37421875 0.06640625 0.4078125
0 0.5671875 0.228125 0.040625 0.1703125
0 0.61328125 0.3546875 0.096875 0.41015625
0 0.6796875 0.36171875 0.071875 0.3203125
0 0.66484375 0.190625 0.06328125 0.134375
0 0.7171875 0.35 0.05703125 0.41171875
0 0.765625 0.31640625 0.0734375 0.41640625
0 0.82578125 0.3375 0.08515625 0.359375
0 0.8796875 0.32890625 0.0703125 0.384375
0 0.9421875 0.33125 0.078125 0.43359375