0 0.23359375 0.596875 0.01875 0.015625
0 0.33828125 0.5734375 0.01015625 0.01171875
0 0.17265625 0.5328125 0.00859375 0.0109375
0 0.17890625 0.534375 0.01015625 0.00859375
0 0.1890625 0.53515625 0.01015625 0.009375
0 0.1984375 0.534375 0.00859375 0.0078125
0 0.2203125 0.53359375 0.00703125 0.00859375
0 0.37734375 0.5359375 0.00859375 0.0109375
0 0.43828125 0.5359375 0.00859375 0.0109375
0 0.475 0.5359375 0.00859375 0.009375
0 0.52578125 0.5375 0.01015625 0.0078125
0 0.5671875 0.5359375 0.00859375 0.01171875
0 0.5296875 0.58515625 0.0140625 0.01953125
0 0.6125 0.5890625 0.0140625 0.02734375
0 0.74453125 0.59296875 0.02109375 0.0265625
0 0.76015625 0.5921875 0.028125 0.0296875
0 0.909375 0.584375 0.02109375 0.01484375
0 0.93046875 0.5984375 0.028125 0.034375
0 0.95234375 0.5984375 0.0296875 0.03828125
0 0.9640625 0.59375 0.015625 0.02734375
0 0.9734375 0.59453125 0.0125 0.028125
0 0.1296875 0.53515625 0.0125 0.00625
0 0.20859375 0.5328125 0.01015625 0.0109375
0 0.303125 0.5328125 0.14375 0.0109375
0 0.41328125 0.534375 0.0453125 0.00859375
0 0.4546875 0.534375 0.02109375 0.0109375
0 0.50625 0.5359375 0.0125 0.00625
0 0.590625 0.53515625 0.03828125 0.009375
0 0.6515625 0.53828125 0.03984375 0.00625
0 0.5484375 0.5796875 0.028125 0.02734375
0 0.58125 0.58515625 0.01015625 0.0265625
0 0.6171875 0.58515625 0.0125 0.02421875
0 0.70234375 0.5890625 0.01875 0.02265625
0 0.759375 0.57421875 0.0125 0.015625
0 0.8921875 0.59140625 0.0140625 0.0109375
0 0.92109375 0.5796875 0.01875 0.01640625
0 0.96015625 0.575 0.05234375 0.0109375
0 0.98671875 0.59453125 0.02265625 0.03125
0 0.9796875 0.62578125 0.01875 0.03125
0 0.5109375 0.58515625 0.0125 0.01640625