0 0.40625 0.77421875 0.18828125 0.44921875
0 0.59765625 0.78828125 0.1796875 0.421875
0 0.534375 0.77578125 0.12265625 0.43828125
0 0.71796875 0.7859375 0.1546875 0.42578125
0 0.89140625 0.7703125 0.21484375 0.4578125
0 0.39140625 0.73125 0.18671875 0.4328125
0 0.32265625 0.69296875 0.134375 0.425
0 0.646875 0.596875 0.07890625 0.1203125
0 0.5484375 0.70625 0.14453125 0.43125
0 0.6015625 0.55 0.1984375 0.08359375
0 0.82734375 0.7578125 0.19140625 0.48203125
0 0.7203125 0.56171875 0.115625 0.0953125
0 0.8578125 0.7328125 0.15625 0.484375
0 0.05625 0.62578125 0.06015625 0.06015625
0 0.08828125 0.5984375 0.06015625 0.128125
0 0.140625 0.603125 0.08046875 0.1140625
0 0.18984375 0.58203125 0.05546875 0.1171875
0 0.13515625 0.5859375 0.0453125 0.10703125
0 0.48046875 0.5765625 0.05859375 0.10390625
0 0.52265625 0.53515625 0.03828125 0.0515625
0 0.975 0.60078125 0.046875 0.15
0 0.16015625 0.54453125 0.0453125 0.04453125
0 0.25 0.5671875 0.0859375 0.0765625
0 0.5953125 0.5484375 0.21015625 0.04609375
0 0.93203125 0.590625 0.0453125 0.08203125