0 0.87578125 0.4671875 0.24609375 0.5046875
0 0.93671875 0.2484375 0.0640625 0.11171875
0 0.43125 0.5140625 0.20234375 0.60703125
0 0.12578125 0.4265625 0.125 0.4734375
0 0.20234375 0.2734375 0.0875 0.30859375
0 0.328125 0.31875 0.0875 0.3015625
0 0.425 0.203125 0.065625 0.08515625
0 0.4734375 0.24609375 0.05859375 0.16640625
0 0.55078125 0.38828125 0.1171875 0.36171875
0 0.6046875 0.32578125 0.084375 0.2515625
0 0.51015625 0.23125 0.07734375 0.1546875
0 0.7984375 0.35859375 0.15625 0.2765625
0 0.784375 0.28671875 0.0984375 0.2265625
0 0.8703125 0.25 0.0796875 0.1296875
0 0.5375 0.2109375 0.040625 0.128125
0 0.559375 0.18125 0.03203125 0.0703125
0 0.61953125 0.2765625 0.04609375 0.20859375
0 0.60078125 0.17578125 0.0234375 0.0484375
0 0.6234375 0.1640625 0.0234375 0.04296875
0 0.64140625 0.18515625 0.0359375 0.0703125
0 0.68671875 0.1953125 0.0359375 0.09140625
0 0.68828125 0.20625 0.0484375 0.08828125
0 0.7078125 0.21953125 0.0453125 0.11640625
0 0.70859375 0.22265625 0.04765625 0.125
0 0.73046875 0.24296875 0.0609375 0.15
0 0.75859375 0.259375 0.059375 0.18984375
0 0.76953125 0.17890625 0.0375 0.0515625
0 0.803125 0.16875 0.0140625 0.01796875
0 0.81796875 0.17421875 0.0203125 0.03359375
0 0.83125 0.21875 0.04609375 0.10625
0 0.8484375 0.1625 0.02734375 0.03671875
0 0.85078125 0.1796875 0.0234375 0.03515625
0 0.96953125 0.375 0.059375 0.15