0 0.19140625 0.728125 0.15078125 0.35859375
0 0.371875 0.74609375 0.15859375 0.3171875
0 0.51796875 0.75078125 0.10625 0.3109375
0 0.575 0.725 0.10078125 0.36328125
0 0.6359375 0.76484375 0.1125 0.2359375
0 0.68125 0.75234375 0.09140625 0.30625
0 0.7953125 0.728125 0.1671875 0.35625
0 0.859375 0.59765625 0.08359375 0.10234375
0 0.9421875 0.6109375 0.06640625 0.0828125
0 0.7390625 0.65546875 0.03984375 0.07578125
0 0.74921875 0.59609375 0.0703125 0.1078125
0 0.74453125 0.6 0.05234375 0.10078125
0 0.70390625 0.58671875 0.02890625 0.053125
0 0.6859375 0.56953125 0.021875 0.059375
0 0.6625 0.5984375 0.02421875 0.1015625
0 0.6453125 0.57890625 0.0203125 0.084375
0 0.628125 0.60546875 0.03046875 0.11484375
0 0.60859375 0.59296875 0.0265625 0.0828125
0 0.51953125 0.5609375 0.0203125 0.0421875
0 0.50234375 0.58046875 0.025 0.0890625
0 0.490625 0.57421875 0.01640625 0.07109375
0 0.4796875 0.56171875 0.009375 0.0265625
0 0.46484375 0.57109375 0.02734375 0.06875
0 0.44140625 0.553125 0.0171875 0.03671875
0 0.425 0.5703125 0.03984375 0.06875
0 0.41015625 0.56953125 0.02578125 0.0625
0 0.58046875 0.7265625 0.10546875 0.35859375
0 0.54375 0.6125 0.03203125 0.05625
0 0.45703125 0.67734375 0.06640625 0.25546875
0 0.43359375 0.75625 0.0609375 0.3015625
0 0.35703125 0.740625 0.14140625 0.33125
0 0.39140625 0.57421875 0.0171875 0.04453125
0 0.3734375 0.62578125 0.0359375 0.1625
0 0.321875 0.61484375 0.06640625 0.19375
0 0.30234375 0.56171875 0.02734375 0.03671875
0 0.2828125 0.5765625 0.021875 0.07109375
0 0.2625 0.5703125 0.05078125 0.075
0 0.23515625 0.58125 0.03125 0.08046875
0 0.215625 0.57578125 0.034375 0.07421875
0 0.2625 0.6890625 0.059375 0.26640625
0 0.26953125 0.734375 0.07265625 0.22109375
0 0.16015625 0.59375 0.0375 0.0890625
0 0.12421875 0.58125 0.0828125 0.11015625
0 0.06640625 0.7421875 0.08828125 0.3296875
0 0.109375 0.74921875 0.0984375 0.31796875
0 0.08515625 0.5734375 0.0546875 0.05390625
0 0.234375 0.58046875 0.02734375 0.07578125
0 0.59453125 0.5046875 0.14375 0.06875
0 0.70390625 0.5515625 0.015625 0.01875
0 0.66953125 0.546875 0.0125 0.01796875
0 0.61953125 0.553125 0.02109375 0.02734375
0 0.6015625 0.5515625 0.02578125 0.0265625
0 0.571875 0.54375 0.03203125 0.009375
0 0.5390625 0.5640625 0.0296875 0.05
0 0.465625 0.53828125 0.01640625 0.02109375
0 0.35234375 0.55546875 0.03203125 0.03671875
0 0.39453125 0.54609375 0.01328125 0.009375
0 0.4796875 0.56484375 0.01328125 0.07109375
0 0.509375 0.54296875 0.009375 0.01796875
0 0.1453125 0.56953125 0.0234375 0.0421875
0 0.28046875 0.5546875 0.021875 0.03828125
0 0.24140625 0.55234375 0.01640625 0.03671875
0 0.596875 0.61171875 0.0265625 0.03359375