0 0.0140625 0.81640625 0.02734375 0.246875
0 0.0203125 0.8109375 0.0375 0.15390625
0 0.22578125 0.7703125 0.03125 0.04296875
0 0.25703125 0.76875 0.0390625 0.04296875
0 0.159375 0.8453125 0.11640625 0.30546875
0 0.3578125 0.8578125 0.12265625 0.26953125
0 0.52734375 0.78671875 0.0703125 0.19453125
0 0.65234375 0.7765625 0.0375 0.17421875
0 0.659375 0.77734375 0.04609375 0.20234375
0 0.69609375 0.80234375 0.0375 0.121875
0 0.7828125 0.79765625 0.0390625 0.11953125
0 0.825 0.775 0.0453125 0.16484375
0 0.85234375 0.75625 0.0203125 0.05234375
0 0.8671875 0.77265625 0.01875 0.0390625
0 0.9703125 0.7703125 0.0234375 0.02421875