0 0.39453125 0.8671875 0.06015625 0.121875
0 0.459375 0.921875 0.06640625 0.12421875
0 0.51328125 0.87734375 0.0640625 0.1234375
0 0.55859375 0.90234375 0.06015625 0.1078125
0 0.6421875 0.8828125 0.05859375 0.11328125
0 0.79609375 0.75703125 0.06015625 0.09296875
0 0.703125 0.69453125 0.05078125 0.07890625
0 0.33515625 0.66015625 0.046875 0.08359375
0 0.403125 0.6796875 0.04375 0.0890625
0 0.5046875 0.64140625 0.02421875 0.0578125
0 0.6125 0.615625 0.0359375 0.06640625
0 0.64609375 0.6171875 0.03984375 0.06953125
0 0.35078125 0.55390625 0.0265625 0.05234375
0 0.38515625 0.55390625 0.03359375 0.04921875
0 0.41953125 0.596875 0.03984375 0.06796875
0 0.41875 0.56328125 0.01875 0.028125
0 0.43203125 0.575 0.0265625 0.0578125
0 0.4515625 0.58984375 0.0171875 0.03359375
0 0.4578125 0.5671875 0.028125 0.059375
0 0.4625 0.5578125 0.0265625 0.0578125
0 0.478125 0.57109375 0.02421875 0.0609375
0 0.96484375 0.846875 0.05078125 0.0625
0 0.578125 0.5421875 0.02421875 0.04921875
0 0.58203125 0.53046875 0.0171875 0.03359375
0 0.59609375 0.53828125 0.02265625 0.04921875
0 0.60859375 0.5359375 0.02421875 0.05390625
0 0.43515625 0.5125 0.028125 0.04140625
0 0.4984375 0.478125 0.02265625 0.03359375
0 0.69609375 0.52734375 0.0265625 0.05625
0 0.73125 0.56171875 0.028125 0.0734375
0 0.53125 0.56328125 0.0625 0.14453125
0 0.3390625 0.50390625 0.028125 0.04140625
0 0.303125 0.55703125 0.03203125 0.0734375
0 0.2609375 0.6078125 0.03984375 0.0890625
0 0.19453125 0.68046875 0.053125 0.11328125
0 0.54375 0.74296875 0.07890625 0.0921875
0 0.84609375 0.67421875 0.046875 0.05546875
0 0.20625 0.9296875 0.11484375 0.06640625
0 0.9046875 0.884375 0.08125 0.1515625
0 0.73515625 0.6125 0.08515625 0.08515625
0 0.43125 0.47734375 0.04375 0.0265625
0 0.37421875 0.49140625 0.02109375 0.03828125
0 0.4875 0.5046875 0.02421875 0.0484375
0 0.640625 0.50625 0.08125 0.0625
0 0.6140625 0.45546875 0.028125 0.0421875