0 0.09765625 0.7671875 0.06328125 0.29140625
0 0.1296875 0.68046875 0.028125 0.06640625
0 0.1609375 0.68125 0.053125 0.096875
0 0.1859375 0.6828125 0.01640625 0.06796875
0 0.253125 0.77734375 0.07109375 0.28671875
0 0.525 0.70703125 0.03203125 0.1265625
0 0.54296875 0.68515625 0.03046875 0.12109375
0 0.61015625 0.7859375 0.0828125 0.328125
0 0.62734375 0.7265625 0.03125 0.16796875
0 0.6359375 0.6921875 0.01640625 0.06171875
0 0.6453125 0.7046875 0.01953125 0.0984375
0 0.65859375 0.7078125 0.021875 0.1015625
0 0.67890625 0.74609375 0.034375 0.178125
0 0.7171875 0.76328125 0.0546875 0.24453125
0 0.73125 0.73984375 0.02890625 0.15859375
0 0.74765625 0.73125 0.034375 0.16484375
0 0.775 0.7390625 0.02890625 0.15703125
0 0.79609375 0.73203125 0.040625 0.1921875
0 0.8234375 0.7421875 0.04921875 0.21484375
0 0.56484375 0.67578125 0.0140625 0.02421875
0 0.57578125 0.6984375 0.01171875 0.05625
0 0.75859375 0.70859375 0.0171875 0.1
0 0.85625 0.71953125 0.02265625 0.15703125
0 0.86171875 0.7234375 0.02890625 0.15546875
0 0.896875 0.75859375 0.0515625 0.23984375
0 0.92109375 0.75 0.04609375 0.19921875
0 0.9453125 0.7484375 0.05703125 0.21875
0 0.975 0.80625 0.04765625 0.38359375
0 0.24140625 0.71640625 0.03671875 0.140625
0 0.17265625 0.6671875 0.06875 0.03359375
0 0.5671875 0.68671875 0.03125 0.03046875
0 0.66875 0.66953125 0.07890625 0.0390625
0 0.72890625 0.66953125 0.01796875 0.0359375
0 0.9625 0.6625 0.040625 0.04375