0 0.46484375 0.37265625 0.0109375 0.0515625
0 0.478125 0.375 0.0265625 0.1078125
0 0.5015625 0.3640625 0.01484375 0.0609375
0 0.5125 0.36484375 0.01328125 0.05859375
0 0.57734375 0.37265625 0.01328125 0.0625
0 0.58359375 0.3765625 0.01484375 0.075
0 0.671875 0.36171875 0.040625 0.078125
0 0.703125 0.409375 0.0328125 0.1359375
0 0.64140625 0.44375 0.04140625 0.14296875
0 0.65 0.4484375 0.08828125 0.15234375
0 0.834375 0.55390625 0.14140625 0.49453125
0 0.8828125 0.45546875 0.06640625 0.29609375
0 0.68671875 0.35390625 0.00703125 0.01875
0 0.3953125 0.33203125 0.03828125 0.0515625
0 0.5203125 0.36484375 0.0078125 0.0484375
0 0.56953125 0.3359375 0.03828125 0.08125
0 0.65859375 0.3375 0.01171875 0.01328125
0 0.7140625 0.34921875 0.01640625 0.0359375
0 0.975 0.6046875 0.04921875 0.11484375
0 0.9953125 0.39375 0.0078125 0.0640625
0 0.6890625 0.38671875 0.00703125 0.0125