0 0.11640625 0.7703125 0.2125 0.31875
0 0.68671875 0.7625 0.4359375 0.31484375
0 0.29453125 0.52734375 0.21953125 0.334375
0 0.3578125 0.53359375 0.121875 0.334375
0 0.4703125 0.534375 0.1375 0.38046875
0 0.5375 0.50390625 0.2515625 0.3265625
0 0.690625 0.52890625 0.1265625 0.3140625
0 0.18203125 0.446875 0.11640625 0.4671875
0 0.2734375 0.30546875 0.25078125 0.2515625
0 0.36875 0.32734375 0.12109375 0.25
0 0.45546875 0.309375 0.11015625 0.28984375
0 0.53828125 0.30625 0.1046875 0.24453125
0 0.65390625 0.3265625 0.3171875 0.3109375
0 0.75078125 0.46015625 0.14453125 0.459375
0 0.2546875 0.20078125 0.02421875 0.0671875
0 0.7265625 0.13984375 0.0296875 0.06875
0 0.959375 0.18984375 0.0796875 0.09375
0 0.21875 0.215625 0.021875 0.034375
0 0.60859375 0.22734375 0.04609375 0.0453125