0 0.0171875 0.37109375 0.034375 0.25
0 0.0375 0.63046875 0.075 0.5734375
0 0.11484375 0.51875 0.11015625 0.3625
0 0.29140625 0.24140625 0.01875 0.05
0 0.26484375 0.240625 0.034375 0.07734375
0 0.2640625 0.33984375 0.07734375 0.20390625
0 0.3171875 0.6875 0.13046875 0.62109375
0 0.25625 0.70234375 0.0625 0.59140625
0 0.30859375 0.37265625 0.03984375 0.12890625
0 0.359375 0.48203125 0.08671875 0.43125
0 0.37109375 0.31640625 0.028125 0.13359375
0 0.4375 0.62421875 0.12109375 0.65234375
0 0.47265625 0.415625 0.07265625 0.35234375
0 0.5296875 0.59609375 0.09609375 0.5
0 0.5734375 0.55859375 0.06953125 0.42890625
0 0.509375 0.34375 0.046875 0.2125
0 0.521875 0.30234375 0.03671875 0.14609375
0 0.5453125 0.340625 0.04140625 0.15625
0 0.65 0.25625 0.01796875 0.10390625
0 0.63359375 0.225 0.01328125 0.05
0 0.653125 0.25546875 0.0203125 0.08984375
0 0.6671875 0.30546875 0.0390625 0.16875
0 0.69921875 0.35078125 0.03203125 0.21875
0 0.6703125 0.61796875 0.11953125 0.50234375
0 0.7515625 0.6875 0.14296875 0.60859375
0 0.91484375 0.73515625 0.1515625 0.525
0 0.859375 0.734375 0.07265625 0.52734375
0 0.94140625 0.48671875 0.065625 0.33984375
0 0.9796875 0.46484375 0.0375 0.30390625
0 0.965625 0.325 0.03203125 0.1125
0 0.90859375 0.646875 0.14296875 0.38984375
0 0.8171875 0.61953125 0.06796875 0.41484375
0 0.775 0.603125 0.05859375 0.46875
0 0.81953125 0.43515625 0.04609375 0.15
0 0.79765625 0.36640625 0.090625 0.15859375
0 0.71796875 0.36640625 0.0609375 0.23359375
0 0.81953125 0.321875 0.03203125 0.11484375
0 0.91640625 0.37734375 0.028125 0.1625
0 0.86328125 0.33828125 0.04609375 0.21484375
0 0.82421875 0.26015625 0.02578125 0.05859375
0 0.803125 0.26796875 0.0203125 0.04765625
0 0.78203125 0.271875 0.0234375 0.06484375
0 0.778125 0.26953125 0.03046875 0.10234375
0 0.7515625 0.25234375 0.025 0.12109375
0 0.740625 0.25625 0.01875 0.0875
0 0.7265625 0.21484375 0.01171875 0.0375
0 0.71015625 0.2125 0.009375 0.02890625
0 0.77734375 0.2625 0.01796875 0.08359375
0 0.76953125 0.25234375 0.0203125 0.09609375
0 0.8 0.23984375 0.0203125 0.05390625
0 0.82421875 0.24921875 0.01796875 0.07734375
0 0.82734375 0.20546875 0.009375 0.03984375
0 0.8359375 0.19921875 0.00859375 0.01484375
0 0.8453125 0.20703125 0.009375 0.03515625
0 0.85234375 0.20859375 0.01171875 0.04140625
0 0.8515625 0.21953125 0.0109375 0.04375
0 0.87421875 0.2625 0.01640625 0.08359375
0 0.86640625 0.2125 0.0109375 0.04140625
0 0.8921875 0.265625 0.0328125 0.10625
0 0.9046875 0.24765625 0.01796875 0.07890625
0 0.9296875 0.25078125 0.01875 0.08125
0 0.959375 0.228125 0.0109375 0.05234375
0 0.9890625 0.22578125 0.0109375 0.04375
0 0.92109375 0.22734375 0.009375 0.04140625
0 0.8921875 0.20859375 0.009375 0.03359375
0 0.88671875 0.20703125 0.0109375 0.03515625
0 0.9375 0.21875 0.00703125 0.04140625
0 0.984375 0.62109375 0.0296875 0.07890625
0 0.91484375 0.17734375 0.04375 0.0625
0 0.9734375 0.190625 0.04375 0.04375
0 0.75625 0.18203125 0.04140625 0.04375
0 0.69765625 0.20390625 0.01328125 0.04140625
0 0.71875 0.203125 0.0109375 0.03515625
0 0.6484375 0.18125 0.04140625 0.04609375
0 0.33125 0.24375 0.03515625 0.0375
0 0.36171875 0.25859375 0.01875 0.025
0 0.9453125 0.215625 0.0109375 0.04765625
0 0.8 0.18671875 0.0484375 0.05625
0 0.70625 0.17421875 0.04140625 0.03125