0 0.63046875 0.6765625 0.35234375 0.64296875
0 0.36015625 0.5546875 0.40390625 0.88671875
0 0.11328125 0.54765625 0.05859375 0.20859375
0 0.4703125 0.4828125 0.034375 0.08203125
0 0.1609375 0.47578125 0.021875 0.06171875
0 0.10859375 0.553125 0.046875 0.2
0 0.02578125 0.5171875 0.04140625 0.175
0 0.13046875 0.47578125 0.0140625 0.0546875
0 0.54453125 0.46171875 0.0296875 0.08671875
0 0.48359375 0.46015625 0.00859375 0.0234375
0 0.45 0.47890625 0.0203125 0.03515625
0 0.87890625 0.47890625 0.02421875 0.13203125
0 0.7640625 0.4828125 0.05 0.1046875
0 0.81015625 0.5609375 0.04140625 0.371875
0 0.4125 0.509375 0.05546875 0.221875