0 0.13984375 0.928125 0.08515625 0.1078125
0 0.2140625 0.89140625 0.08515625 0.05078125
0 0.30859375 0.884375 0.0609375 0.059375
0 0.4421875 0.93203125 0.215625 0.13515625
0 0.42109375 0.853125 0.040625 0.025
0 0.4703125 0.9078125 0.07890625 0.1234375
0 0.571875 0.9171875 0.08671875 0.16484375
0 0.62890625 0.92734375 0.109375 0.14453125
0 0.665625 0.9203125 0.10625 0.15703125
0 0.74375 0.9234375 0.08671875 0.15234375
0 0.6828125 0.9078125 0.0640625 0.14453125
0 0.7671875 0.85078125 0.10625 0.06171875
0 0.6734375 0.8234375 0.0609375 0.03984375
0 0.8109375 0.8859375 0.0796875 0.1296875
0 0.759375 0.81875 0.03203125 0.02109375
0 0.8140625 0.8265625 0.13203125 0.06328125
0 0.83671875 0.88359375 0.109375 0.134375
0 0.828125 0.82265625 0.03515625 0.0375
0 0.8734375 0.8671875 0.0984375 0.128125
0 0.9015625 0.85390625 0.075 0.12578125
0 0.9140625 0.825 0.0328125 0.05078125
0 0.925 0.81015625 0.0203125 0.0265625
0 0.95234375 0.84453125 0.0546875 0.09609375
0 0.975 0.8421875 0.0421875 0.0875
0 0.9875 0.8296875 0.0234375 0.0421875
0 0.91953125 0.8171875 0.1125 0.03828125
0 0.67109375 0.8484375 0.11875 0.05546875
0 0.18203125 0.94921875 0.3640625 0.1
0 0.33671875 0.88515625 0.05390625 0.028125