0 0.02734375 0.42421875 0.0546875 0.36171875
0 0.0390625 0.3140625 0.0671875 0.16484375
0 0.0765625 0.6484375 0.13515625 0.446875
0 0.14375 0.6375 0.13984375 0.46171875
0 0.296875 0.66796875 0.2015625 0.4703125
0 0.4734375 0.54140625 0.12890625 0.33359375
0 0.59609375 0.48203125 0.13984375 0.1703125
0 0.71953125 0.66171875 0.16640625 0.51640625
0 0.8484375 0.65546875 0.17265625 0.4515625
0 0.91640625 0.56640625 0.1578125 0.3203125
0 0.9625 0.3921875 0.07265625 0.29140625
0 0.9015625 0.35078125 0.0828125 0.278125
0 0.83125 0.3171875 0.11015625 0.23828125
0 0.77734375 0.34453125 0.2203125 0.33515625
0 0.7046875 0.2515625 0.07265625 0.11328125
0 0.70859375 0.40078125 0.125 0.21484375
0 0.65390625 0.3140625 0.08984375 0.19140625
0 0.6453125 0.31015625 0.075 0.19296875
0 0.5921875 0.39609375 0.11484375 0.21796875
0 0.6 0.2625 0.08984375 0.1453125
0 0.5609375 0.19921875 0.0375 0.05859375
0 0.5140625 0.28515625 0.11484375 0.20703125
0 0.5140625 0.43046875 0.07265625 0.20859375
0 0.43203125 0.39921875 0.1109375 0.31171875
0 0.3359375 0.4375 0.13125 0.26796875
0 0.19140625 0.415625 0.1953125 0.26484375
0 0.11796875 0.403125 0.15859375 0.203125
0 0.0984375 0.2984375 0.07265625 0.196875
0 0.08984375 0.3390625 0.1046875 0.28203125
0 0.18984375 0.265625 0.14765625 0.19140625
0 0.2328125 0.2203125 0.12734375 0.23671875
0 0.30546875 0.253125 0.06875 0.13671875
0 0.3796875 0.28203125 0.0859375 0.18984375
0 0.41953125 0.2421875 0.10390625 0.125
0 0.4828125 0.2203125 0.03359375 0.046875
0 0.71796875 0.2484375 0.02890625 0.03984375