0 0.74453125 0.57578125 0.50859375 0.84453125
0 0.49609375 0.621875 0.328125 0.75078125
0 0.37109375 0.62890625 0.24140625 0.7375
0 0.20859375 0.6125 0.2203125 0.66015625
0 0.1921875 0.54765625 0.11171875 0.56640625
0 0.18671875 0.50859375 0.06328125 0.47578125
0 0.625 0.20234375 0.08359375 0.1421875
0 0.296875 0.3453125 0.0734375 0.2640625
0 0.97890625 0.25703125 0.03828125 0.321875
0 0.4359375 0.23671875 0.1046875 0.046875
0 0.128125 0.4859375 0.10703125 0.40703125
0 0.29609375 0.1765625 0.0484375 0.0640625