0 0.628125 0.71796875 0.23359375 0.34921875
0 0.496875 0.678125 0.11640625 0.34921875
0 0.375 0.7296875 0.2140625 0.31796875
0 0.271875 0.703125 0.2015625 0.3125
0 0.221875 0.6390625 0.15546875 0.375
0 0.3953125 0.5671875 0.16796875 0.203125
0 0.58984375 0.5484375 0.1484375 0.184375
0 0.80859375 0.6578125 0.178125 0.378125
0 0.86953125 0.56796875 0.171875 0.53125
0 0.7234375 0.45 0.125 0.284375
0 0.66015625 0.49140625 0.1484375 0.2984375
0 0.54765625 0.4203125 0.1765625 0.27421875
0 0.3984375 0.47421875 0.1609375 0.253125
0 0.14140625 0.55625 0.1890625 0.5015625
0 0.3125 0.4875 0.16953125 0.38515625
0 0.27109375 0.3078125 0.1890625 0.359375
0 0.4078125 0.37421875 0.1375 0.33125
0 0.52578125 0.31328125 0.14609375 0.33828125
0 0.64765625 0.33125 0.1515625 0.21171875
0 0.76484375 0.3125 0.159375 0.35390625