0 0.92890625 0.6765625 0.13828125 0.46171875
0 0.84453125 0.52265625 0.103125 0.359375
0 0.7796875 0.440625 0.0484375 0.1
0 0.7875 0.55625 0.14453125 0.2734375
0 0.86640625 0.79765625 0.1359375 0.34296875
0 0.77109375 0.784375 0.25 0.41640625
0 0.66484375 0.61875 0.05859375 0.390625
0 0.7 0.6703125 0.0796875 0.4546875
0 0.634375 0.584375 0.0625 0.3546875
0 0.534375 0.45234375 0.0484375 0.11875
0 0.59453125 0.59765625 0.1 0.32890625
0 0.62578125 0.834375 0.17734375 0.3265625
0 0.51171875 0.71640625 0.134375 0.44765625
0 0.48828125 0.43203125 0.034375 0.10703125
0 0.440625 0.40859375 0.084375 0.140625
0 0.359375 0.4484375 0.0328125 0.08359375
0 0.4 0.815625 0.15390625 0.3640625
0 0.42109375 0.55703125 0.053125 0.26640625
0 0.37890625 0.57890625 0.05390625 0.25234375
0 0.34609375 0.609375 0.053125 0.3234375
0 0.3140625 0.684375 0.0859375 0.49765625
0 0.29375 0.4109375 0.03828125 0.11640625
0 0.2625 0.459375 0.05703125 0.15234375
0 0.240625 0.83203125 0.15 0.33125
0 0.25 0.6390625 0.12265625 0.36875
0 0.22265625 0.46796875 0.0484375 0.10703125
0 0.19296875 0.52109375 0.03984375 0.11875
0 0.07890625 0.73359375 0.15703125 0.52890625
0 0.17578125 0.73203125 0.0796875 0.4546875
0 0.15390625 0.4765625 0.03828125 0.0859375
0 0.178125 0.4703125 0.0359375 0.10703125
0 0.5640625 0.35859375 0.1515625 0.15
0 0.5125 0.50234375 0.07109375 0.18125
0 0.46875 0.59765625 0.065625 0.34765625
0 0.7234375 0.440625 0.09296875 0.13359375
0 0.75546875 0.43671875 0.02890625 0.0640625
0 0.6390625 0.434375 0.0359375 0.11171875
0 0.38515625 0.4015625 0.05546875 0.10234375
0 0.43046875 0.415625 0.0328125 0.0546875
0 0.3515625 0.390625 0.0140625 0.04296875
0 0.58125 0.42109375 0.06015625 0.05234375
0 0.67890625 0.40703125 0.015625 0.06171875