0 0.8328125 0.615625 0.19296875 0.765625
0 0.83828125 0.59453125 0.19765625 0.8078125
0 0.72890625 0.65546875 0.10234375 0.68515625
0 0.70625 0.38359375 0.05234375 0.171875
0 0.62109375 0.6375 0.17734375 0.72109375
0 0.50703125 0.31328125 0.21171875 0.29140625
0 0.50234375 0.73046875 0.240625 0.53515625
0 0.28203125 0.54296875 0.18359375 0.56328125
0 0.12265625 0.5984375 0.22421875 0.8
0 0.6328125 0.2328125 0.065625 0.128125
0 0.16875 0.86015625 0.3375 0.2765625
0 0.52734375 0.9203125 0.1625 0.15625
0 0.04609375 0.4390625 0.090625 0.57109375