0 0.0765625 0.615625 0.153125 0.7671875
0 0.175 0.62265625 0.17109375 0.753125
0 0.225 0.62109375 0.09140625 0.690625
0 0.3015625 0.66015625 0.140625 0.6765625
0 0.375 0.63203125 0.075 0.55703125
0 0.4046875 0.63125 0.0796875 0.52578125
0 0.43671875 0.43828125 0.04375 0.175
0 0.47734375 0.6453125 0.0765625 0.58671875
0 0.4875 0.6640625 0.13125 0.66875
0 0.58046875 0.6609375 0.165625 0.67734375
0 0.6609375 0.6421875 0.125 0.7125
0 0.7390625 0.67578125 0.1421875 0.646875
0 0.83984375 0.46171875 0.08359375 0.3234375
0 0.846875 0.4640625 0.08515625 0.33125
0 0.8796875 0.68046875 0.14921875 0.6375
0 0.61953125 0.28671875 0.0421875 0.1125
0 0.58515625 0.29453125 0.028125 0.1140625
0 0.565625 0.26484375 0.0171875 0.0515625
0 0.4625 0.25546875 0.0484375 0.15390625
0 0.27890625 0.37421875 0.05 0.18203125
0 0.271875 0.29765625 0.03203125 0.11171875
0 0.30859375 0.29453125 0.02578125 0.0703125
0 0.34375 0.30703125 0.03671875 0.11328125
0 0.29375 0.24921875 0.02421875 0.0765625
0 0.31796875 0.2609375 0.02734375 0.14296875
0 0.3328125 0.275 0.03125 0.15625
0 0.346875 0.2390625 0.015625 0.06875
0 0.35625 0.26953125 0.0125 0.13203125
0 0.5296875 0.38046875 0.09453125 0.24765625
0 0.965625 0.50625 0.06796875 0.42109375
0 0.93125 0.85703125 0.13671875 0.28203125
0 0.76640625 0.4234375 0.171875 0.21875
0 0.60859375 0.34375 0.08046875 0.20390625
0 0.6890625 0.27734375 0.05546875 0.07109375
0 0.46875 0.321875 0.12578125 0.2015625
0 0.3796875 0.4046875 0.01640625 0.075
0 0.353125 0.34921875 0.03984375 0.05
0 0.2515625 0.38125 0.0640625 0.1734375
0 0.20390625 0.2109375 0.0828125 0.0609375
0 0.30546875 0.234375 0.01015625 0.04453125
0 0.3234375 0.20859375 0.00390625 0.01640625
0 0.071875 0.38203125 0.05625 0.13125
0 0.74609375 0.31015625 0.00859375 0.009375