0 0.0609375 0.559375 0.12109375 0.20234375
0 0.09296875 0.54140625 0.05390625 0.15390625
0 0.18125 0.5671875 0.1140625 0.1671875
0 0.2734375 0.57421875 0.09921875 0.20390625
0 0.2796875 0.54609375 0.11796875 0.1859375
0 0.40390625 0.67421875 0.24140625 0.64921875
0 0.6625 0.6453125 0.38671875 0.70703125
0 0.4828125 0.5296875 0.11484375 0.17265625
0 0.54296875 0.534375 0.075 0.1453125
0 0.60390625 0.7265625 0.10625 0.5359375
0 0.68125 0.73984375 0.06796875 0.51796875
0 0.6859375 0.50859375 0.0671875 0.12734375
0 0.64375 0.5375 0.03671875 0.0828125
0 0.86875 0.6828125 0.14375 0.63203125
0 0.9328125 0.66640625 0.1328125 0.66484375
0 0.73046875 0.49375 0.02265625 0.046875
0 0.4359375 0.52890625 0.0671875 0.125