0 0.05390625 0.86171875 0.1078125 0.2734375
0 0.1796875 0.8765625 0.08359375 0.24453125
0 0.2796875 0.81796875 0.0203125 0.17890625
0 0.30546875 0.803125 0.05390625 0.20234375
0 0.31328125 0.7875 0.04921875 0.1109375
0 0.4265625 0.8875 0.096875 0.22265625
0 0.56171875 0.8015625 0.04140625 0.16796875
0 0.7515625 0.7953125 0.0484375 0.10859375
0 0.93046875 0.84375 0.13828125 0.3109375
0 0.97734375 0.78046875 0.04375 0.05078125
0 0.1578125 0.6390625 0.06953125 0.1890625
0 0.58125 0.89609375 0.025 0.0328125
0 0.39609375 0.803125 0.01875 0.03984375