0 0.10234375 0.5953125 0.1953125 0.74296875
0 0.16953125 0.665625 0.24140625 0.665625
0 0.18828125 0.3390625 0.09296875 0.25859375
0 0.29765625 0.4203125 0.128125 0.3484375
0 0.34609375 0.703125 0.21015625 0.40390625
0 0.378125 0.3625 0.15625 0.31875
0 0.475 0.3171875 0.1265625 0.23984375
0 0.52890625 0.28125 0.07109375 0.11484375
0 0.48828125 0.6140625 0.190625 0.57578125
0 0.60859375 0.37890625 0.1578125 0.27109375
0 0.75546875 0.28671875 0.1984375 0.31875
0 0.91328125 0.503125 0.1703125 0.684375
0 0.7640625 0.428125 0.184375 0.190625
0 0.6796875 0.65390625 0.24609375 0.528125
0 0.84296875 0.721875 0.21328125 0.478125
0 0.6734375 0.24296875 0.07890625 0.10703125
0 0.60625 0.24140625 0.0296875 0.04765625
0 0.70078125 0.23203125 0.05234375 0.03125