0 0.1 0.56328125 0.0890625 0.31796875
0 0.2453125 0.52890625 0.09375 0.31484375
0 0.20546875 0.4921875 0.04140625 0.23125
0 0.34453125 0.5703125 0.05234375 0.09609375
0 0.27109375 0.45390625 0.02734375 0.0921875
0 0.30078125 0.4484375 0.0296875 0.0984375
0 0.31640625 0.44296875 0.0203125 0.08046875
0 0.35703125 0.43203125 0.0234375 0.04609375
0 0.35625 0.52890625 0.04140625 0.1671875
0 0.3984375 0.5390625 0.07734375 0.278125
0 0.41328125 0.44140625 0.02421875 0.06171875
0 0.43984375 0.42734375 0.0265625 0.03359375
0 0.48515625 0.50546875 0.05703125 0.25
0 0.52578125 0.4765625 0.0375 0.1265625
0 0.5421875 0.434375 0.01640625 0.046875
0 0.5578125 0.43046875 0.01171875 0.034375
0 0.56328125 0.4296875 0.0171875 0.03125
0 0.490625 0.41640625 0.01484375 0.0234375
0 0.578125 0.4828125 0.0484375 0.1609375
0 0.6109375 0.496875 0.0609375 0.16640625
0 0.64375 0.515625 0.0234375 0.10234375
0 0.62890625 0.4328125 0.02421875 0.05234375
0 0.65390625 0.459375 0.03203125 0.0828125
0 0.7375 0.43125 0.0265625 0.05
0 0.77109375 0.459375 0.03046875 0.09296875
0 0.796875 0.46171875 0.0203125 0.08671875
0 0.740625 0.4625 0.021875 0.07265625
0 0.67109375 0.43828125 0.0125 0.0375
0 0.675 0.43203125 0.01171875 0.0390625
0 0.78203125 0.4265625 0.06640625 0.034375
0 0.70390625 0.4359375 0.0265625 0.05546875
0 0.64296875 0.425 0.02109375 0.02421875
0 0.603125 0.421875 0.0265625 0.04296875
0 0.5734375 0.4203125 0.02265625 0.02421875
0 0.40703125 0.41953125 0.0625 0.046875
0 0.45390625 0.41796875 0.02578125 0.05078125
0 0.6609375 0.43203125 0.01640625 0.04609375
0 0.6828125 0.4359375 0.01171875 0.05078125
0 0.753125 0.4671875 0.01328125 0.04765625
0 0.78671875 0.46328125 0.009375 0.0390625
0 0.36484375 0.4234375 0.02421875 0.0453125