0 0.8484375 0.89609375 0.13984375 0.20546875
0 0.9484375 0.8890625 0.10234375 0.2203125
0 0.3734375 0.91015625 0.12265625 0.17734375
0 0.43125 0.88125 0.08046875 0.14609375
0 0.18359375 0.9234375 0.12890625 0.15078125
0 0.28046875 0.91171875 0.1140625 0.175
0 0.2796875 0.88359375 0.09609375 0.171875
0 0.11640625 0.88359375 0.15546875 0.23125
0 0.8171875 0.6671875 0.1796875 0.253125
0 0.80390625 0.59140625 0.20546875 0.35390625
0 0.77421875 0.56875 0.22265625 0.37890625
0 0.5703125 0.56875 0.1265625 0.35390625
0 0.503125 0.65859375 0.28515625 0.23828125
0 0.45 0.5390625 0.1109375 0.39453125
0 0.35078125 0.590625 0.159375 0.34140625
0 0.29921875 0.715625 0.2015625 0.25390625
0 0.1875 0.58359375 0.25546875 0.38515625
0 0.21953125 0.5765625 0.225 0.35078125
0 0.940625 0.85625 0.05078125 0.1140625
0 0.471875 0.9171875 0.07578125 0.1640625
0 0.4078125 0.8015625 0.0875 0.0671875
0 0.053125 0.8765625 0.1046875 0.2453125