0 0.16484375 0.60859375 0.32734375 0.78125
0 0.234375 0.76953125 0.10546875 0.459375
0 0.3125 0.6890625 0.07890625 0.34375
0 0.396875 0.64375 0.06171875 0.3109375
0 0.4515625 0.725 0.06484375 0.24296875
0 0.47265625 0.63125 0.046875 0.265625
0 0.5671875 0.74453125 0.134375 0.509375
0 0.79765625 0.740625 0.16171875 0.51640625
0 0.90859375 0.67734375 0.071875 0.40078125
0 0.853125 0.74453125 0.0796875 0.4953125
0 0.7390625 0.66875 0.06015625 0.375
0 0.87265625 0.50546875 0.04296875 0.175
0 0.95234375 0.4515625 0.02421875 0.09140625
0 0.7078125 0.55703125 0.03671875 0.27421875
0 0.68203125 0.54921875 0.046875 0.2734375
0 0.62734375 0.678125 0.05859375 0.38671875
0 0.63828125 0.4890625 0.03203125 0.084375
0 0.5921875 0.43125 0.03203125 0.05078125
0 0.55234375 0.47890625 0.02109375 0.053125
0 0.49765625 0.5609375 0.040625 0.240625
0 0.43984375 0.55078125 0.053125 0.2140625
0 0.47109375 0.4609375 0.0375 0.06484375
0 0.35625 0.5859375 0.04140625 0.2296875
0 0.25390625 0.65546875 0.0515625 0.34453125
0 0.22734375 0.76875 0.08046875 0.4609375
0 0.39453125 0.64140625 0.06015625 0.27578125
0 0.58203125 0.73828125 0.071875 0.41875
0 0.14296875 0.83125 0.04140625 0.33125
0 0.5421875 0.42109375 0.034375 0.0265625
0 0.40234375 0.4234375 0.0734375 0.084375