0 0.50859375 0.6625 0.084375 0.37734375
0 0.5921875 0.6859375 0.103125 0.47734375
0 0.67890625 0.5171875 0.13125 0.11953125
0 0.68515625 0.7046875 0.046875 0.396875
0 0.653125 0.7484375 0.125 0.48046875
0 0.7125 0.7171875 0.06640625 0.42421875
0 0.75546875 0.7515625 0.09765625 0.4703125
0 0.79453125 0.53359375 0.04140625 0.11328125
0 0.83125 0.734375 0.10234375 0.47578125
0 0.78046875 0.52578125 0.02265625 0.0375
0 0.74921875 0.53125 0.028125 0.0359375
0 0.74453125 0.91171875 0.50859375 0.1734375