0 0.01328125 0.51875 0.025 0.05390625
0 0.06171875 0.52890625 0.03046875 0.06328125
0 0.19765625 0.540625 0.02890625 0.06640625
0 0.2140625 0.41015625 0.025 0.0421875
0 0.2359375 0.409375 0.0296875 0.05703125
0 0.278125 0.41640625 0.02421875 0.04609375
0 0.3703125 0.428125 0.02890625 0.0796875
0 0.39453125 0.4109375 0.0265625 0.090625
0 0.51328125 0.56484375 0.03203125 0.04765625
0 0.5578125 0.54765625 0.0234375 0.0359375
0 0.57578125 0.54453125 0.021875 0.04296875
0 0.56953125 0.528125 0.00859375 0.015625
0 0.53046875 0.30859375 0.025 0.04921875
0 0.5484375 0.28046875 0.01796875 0.0328125
0 0.61171875 0.5875 0.025 0.08515625
0 0.628125 0.5578125 0.02109375 0.04765625
0 0.6078125 0.54453125 0.009375 0.03046875
0 0.63046875 0.5453125 0.0234375 0.0703125
0 0.6515625 0.54453125 0.028125 0.06796875
0 0.621875 0.5296875 0.0125 0.01875
0 0.6796875 0.54609375 0.028125 0.09375
0 0.70234375 0.52890625 0.0296875 0.0609375
0 0.7046875 0.53125 0.03671875 0.07578125
0 0.7328125 0.553125 0.0203125 0.078125
0 0.74921875 0.55546875 0.025 0.109375
0 0.76953125 0.5484375 0.03515625 0.1296875
0 0.78515625 0.54296875 0.03125 0.134375
0 0.80234375 0.5421875 0.0265625 0.0890625
0 0.8671875 0.5359375 0.0375 0.0953125
0 0.84609375 0.5390625 0.01796875 0.07265625
0 0.05859375 0.55546875 0.03046875 0.0515625
0 0.24921875 0.41953125 0.01796875 0.0359375
0 0.58671875 0.54921875 0.0171875 0.02734375
0 0.925 0.56171875 0.01171875 0.01484375
0 0.2375 0.38984375 0.0046875 0.01015625