0 0.76640625 0.4640625 0.2953125 0.88828125
0 0.59609375 0.52734375 0.253125 0.8203125
0 0.49375 0.57109375 0.09453125 0.671875
0 0.3734375 0.64921875 0.1015625 0.42578125
0 0.28359375 0.59140625 0.153125 0.6453125
0 0.09609375 0.62734375 0.1921875 0.51875
0 0.97890625 0.59765625 0.040625 0.26328125
0 0.96953125 0.69375 0.04921875 0.24375
0 0.9421875 0.74453125 0.04375 0.1171875
0 0.8578125 0.74765625 0.04296875 0.12109375
0 0.61640625 0.77109375 0.0265625 0.09609375
0 0.4375 0.76328125 0.0328125 0.12734375
0 0.36875 0.76796875 0.02890625 0.1171875
0 0.25078125 0.75625 0.0390625 0.18203125
0 0.22734375 0.75546875 0.028125 0.15703125
0 0.20625 0.75234375 0.0453125 0.1703125
0 0.1671875 0.76171875 0.028125 0.13984375
0 0.1453125 0.75078125 0.04375 0.165625
0 0.02890625 0.740625 0.03125 0.12734375
0 0.046875 0.765625 0.05390625 0.13203125
0 0.009375 0.6953125 0.01875 0.1359375