0 0.07109375 0.371875 0.02109375 0.04765625
0 0.084375 0.3609375 0.01875 0.05625
0 0.1859375 0.40625 0.04453125 0.13125
0 0.2125 0.425 0.0375 0.090625
0 0.46875 0.365625 0.03125 0.16640625
0 0.53125 0.31875 0.0484375 0.1703125
0 0.1421875 0.68203125 0.178125 0.63515625
0 0.27890625 0.66796875 0.1390625 0.66328125
0 0.3578125 0.68671875 0.10703125 0.56328125
0 0.4671875 0.71328125 0.15546875 0.54375
0 0.55546875 0.4796875 0.06328125 0.19453125
0 0.778125 0.72421875 0.1765625 0.54921875
0 0.93671875 0.5765625 0.12421875 0.22890625
0 0.88359375 0.5234375 0.1046875 0.33828125
0 0.940625 0.38203125 0.115625 0.21953125
0 0.97265625 0.30234375 0.0453125 0.0875
0 0.99140625 0.30234375 0.0140625 0.1296875
0 0.55546875 0.259375 0.04140625 0.03203125
0 0.56796875 0.309375 0.02421875 0.04921875
0 0.63671875 0.30390625 0.01953125 0.0578125
0 0.67578125 0.2984375 0.05625 0.0578125
0 0.68671875 0.24375 0.02265625 0.05
0 0.19453125 0.35859375 0.01015625 0.01640625