0 0.084375 0.6140625 0.12109375 0.7140625
0 0.15625 0.57890625 0.07109375 0.65859375
0 0.2109375 0.5171875 0.0875 0.440625
0 0.353125 0.565625 0.0875 0.66796875
0 0.4015625 0.6484375 0.12578125 0.7
0 0.5015625 0.62890625 0.11796875 0.725
0 0.571875 0.55 0.06640625 0.471875
0 0.6609375 0.56328125 0.11015625 0.5875
0 0.73515625 0.58671875 0.1 0.48203125
0 0.925 0.584375 0.1484375 0.43359375
0 0.80234375 0.53125 0.0328125 0.059375
0 0.6140625 0.52109375 0.03515625 0.3
0 0.45078125 0.37734375 0.0296875 0.065625
0 0.20625 0.490625 0.08046875 0.378125
0 0.115625 0.321875 0.02578125 0.0875
0 0.3015625 0.459375 0.01953125 0.0515625
0 0.2578125 0.38125 0.01796875 0.040625
0 0.28125 0.41171875 0.01171875 0.0265625
0 0.58125 0.384375 0.01484375 0.01796875