0 0.0328125 0.27421875 0.021875 0.10703125
0 0.028125 0.2734375 0.03125 0.10390625
0 0.1625 0.5171875 0.325 0.96328125
0 0.309375 0.31875 0.06640625 0.31484375
0 0.359375 0.2796875 0.0328125 0.1140625
0 0.41328125 0.40390625 0.13671875 0.5125
0 0.50625 0.46875 0.24609375 0.7703125
0 0.6109375 0.3375 0.0671875 0.34375
0 0.6671875 0.27734375 0.0171875 0.07734375
0 0.7171875 0.2984375 0.0203125 0.090625
0 0.7171875 0.29375 0.021875 0.07734375
0 0.73515625 0.3125 0.0140625 0.06328125
0 0.75390625 0.29609375 0.0234375 0.096875
0 0.76953125 0.29609375 0.0171875 0.046875
0 0.79765625 0.2015625 0.05859375 0.0921875
0 0.7890625 0.546875 0.25390625 0.82421875
0 0.89765625 0.3078125 0.040625 0.22421875
0 0.92890625 0.33515625 0.05078125 0.275
0 0.96484375 0.36640625 0.06875 0.44765625
0 0.9484375 0.2140625 0.05546875 0.07890625
0 0.39765625 0.28203125 0.04296875 0.0953125
0 0.0078125 0.30859375 0.015625 0.31328125
0 0.66328125 0.63359375 0.15625 0.2328125
0 0.690625 0.8734375 0.6109375 0.24765625
0 0.94140625 0.659375 0.115625 0.1890625