0 0.99140625 0.58984375 0.015625 0.103125
0 0.96171875 0.76328125 0.07421875 0.29375
0 0.86171875 0.7765625 0.1140625 0.44375
0 0.7390625 0.73203125 0.05078125 0.30546875
0 0.584375 0.7359375 0.05390625 0.209375
0 0.621875 0.74140625 0.0484375 0.19921875
0 0.66015625 0.75 0.06875 0.25546875
0 0.73203125 0.796875 0.128125 0.40234375
0 0.51875 0.746875 0.0875 0.2578125
0 0.45546875 0.75078125 0.06171875 0.25625
0 0.278125 0.65625 0.0875 0.1859375
0 0.34296875 0.74140625 0.0953125 0.26953125
0 0.325 0.75078125 0.1015625 0.24765625
0 0.18125 0.7171875 0.0515625 0.32421875
0 0.140625 0.73671875 0.0453125 0.28203125
0 0.19296875 0.778125 0.14140625 0.40546875
0 0.08359375 0.725 0.10234375 0.3203125
0 0.04609375 0.74140625 0.040625 0.27578125
0 0.02890625 0.7515625 0.0515625 0.24609375
0 0.05546875 0.83984375 0.03125 0.08125
0 0.01015625 0.71015625 0.0203125 0.19609375
0 0.01953125 0.9015625 0.0390625 0.19375