0 0.05078125 0.64296875 0.1015625 0.37734375
0 0.17578125 0.66171875 0.21328125 0.41015625
0 0.30625 0.696875 0.14296875 0.2359375
0 0.2578125 0.515625 0.046875 0.03984375
0 0.32265625 0.60625 0.1015625 0.26953125
0 0.3734375 0.490625 0.04296875 0.05703125
0 0.45390625 0.61328125 0.25234375 0.43046875
0 0.55390625 0.56796875 0.09765625 0.2359375
0 0.67734375 0.66640625 0.18671875 0.5171875
0 0.79296875 0.68828125 0.21328125 0.565625
0 0.871875 0.7125 0.253125 0.5734375
0 0.2703125 0.478125 0.1171875 0.03828125
0 0.584375 0.51484375 0.08671875 0.08828125
0 0.734375 0.46796875 0.0296875 0.03203125
0 0.86875 0.4875 0.06796875 0.078125
0 0.9765625 0.46796875 0.04375 0.0484375
0 0.39296875 0.6359375 0.04296875 0.146875
0 0.52421875 0.63203125 0.053125 0.14765625
0 0.378125 0.45546875 0.084375 0.01875