0 0.01796875 0.84296875 0.0359375 0.1625
0 0.07265625 0.8796875 0.1453125 0.23828125
0 0.159375 0.865625 0.05703125 0.21796875
0 0.21796875 0.8703125 0.1421875 0.25546875
0 0.371875 0.83125 0.06640625 0.21796875
0 0.41953125 0.79296875 0.05078125 0.171875
0 0.43828125 0.71953125 0.040625 0.034375
0 0.4625 0.7421875 0.06640625 0.09296875
0 0.5078125 0.7703125 0.05390625 0.07734375
0 0.53203125 0.8625 0.07421875 0.1765625
0 0.47734375 0.87734375 0.13125 0.24296875
0 0.49375 0.7203125 0.040625 0.04921875
0 0.525 0.70703125 0.025 0.0390625
0 0.54609375 0.74921875 0.04765625 0.1296875
0 0.56484375 0.74609375 0.028125 0.11953125
0 0.5859375 0.7625 0.0328125 0.12109375
0 0.61015625 0.75078125 0.034375 0.12265625
0 0.62421875 0.71796875 0.01875 0.07265625
0 0.63515625 0.71015625 0.0140625 0.05703125
0 0.6484375 0.709375 0.025 0.05859375
0 0.6703125 0.7 0.01875 0.040625
0 0.678125 0.703125 0.015625 0.040625
0 0.6359375 0.68671875 0.015625 0.0203125
0 0.4953125 0.7078125 0.05078125 0.0375
0 0.59375 0.6921875 0.0390625 0.025
0 0.61796875 0.68828125 0.0125 0.0171875