0 0.965625 0.4125 0.06796875 0.2828125
0 0.93359375 0.3984375 0.065625 0.228125
0 0.9015625 0.40234375 0.053125 0.20703125
0 0.88046875 0.39765625 0.04296875 0.221875
0 0.84765625 0.38828125 0.06640625 0.24765625
0 0.80625 0.2984375 0.025 0.0625
0 0.7921875 0.296875 0.0296875 0.05546875
0 0.790625 0.39921875 0.0453125 0.2375
0 0.75703125 0.396875 0.05 0.23359375
0 0.70859375 0.39609375 0.0765625 0.26953125
0 0.68203125 0.4 0.0640625 0.25859375
0 0.66484375 0.2984375 0.03125 0.0421875
0 0.675 0.2796875 0.02890625 0.04921875
0 0.65546875 0.30703125 0.03984375 0.06171875
0 0.61953125 0.39140625 0.071875 0.28984375
0 0.58828125 0.3984375 0.03828125 0.271875
0 0.5453125 0.40234375 0.05234375 0.2875
0 0.51484375 0.31484375 0.0328125 0.10234375
0 0.47265625 0.303125 0.04375 0.08046875
0 0.41796875 0.55234375 0.20078125 0.6796875
0 0.3515625 0.328125 0.0234375 0.040625
0 0.34453125 0.3390625 0.02265625 0.07734375
0 0.30234375 0.40078125 0.06484375 0.16953125
0 0.2515625 0.37734375 0.0453125 0.13515625
0 0.2640625 0.35546875 0.0328125 0.07734375
0 0.22421875 0.33515625 0.03671875 0.10390625
0 0.17578125 0.54765625 0.209375 0.63671875
0 0.06640625 0.48125 0.05 0.16328125
0 0.7640625 0.2875 0.02890625 0.0609375
0 0.82734375 0.2859375 0.02109375 0.025
0 0.73984375 0.29921875 0.02578125 0.0359375
0 0.7453125 0.44765625 0.01953125 0.1046875
0 0.678125 0.29140625 0.015625 0.02578125
0 0.63828125 0.284375 0.02578125 0.03359375
0 0.6 0.28828125 0.00859375 0.01796875
0 0.56796875 0.29453125 0.0171875 0.053125
0 0.4921875 0.30546875 0.02578125 0.03984375
0 0.4484375 0.2875 0.01015625 0.03046875
0 0.1890625 0.296875 0.0390625 0.034375
0 0.26796875 0.3015625 0.10703125 0.03125
0 0.375 0.296875 0.0296875 0.0328125
0 0.121875 0.3203125 0.01875 0.0359375