0 0.23828125 0.6125 0.05078125 0.15234375
0 0.26484375 0.61484375 0.0359375 0.1453125
0 0.29375 0.57265625 0.02578125 0.0515625
0 0.64609375 0.59140625 0.01640625 0.0453125
0 0.6609375 0.5890625 0.0171875 0.0421875
0 0.67890625 0.58828125 0.01484375 0.040625
0 0.72421875 0.59296875 0.01796875 0.0546875
0 0.7421875 0.59140625 0.01796875 0.04609375
0 0.76484375 0.6 0.025 0.06640625
0 0.78203125 0.59921875 0.025 0.0703125
0 0.80625 0.60078125 0.028125 0.0609375
0 0.7 0.5890625 0.0265625 0.025
0 0.40546875 0.49609375 0.0203125 0.028125
0 0.48125 0.46796875 0.0234375 0.04921875
0 0.503125 0.475 0.015625 0.0453125
0 0.459375 0.5765625 0.01875 0.0359375
0 0.60234375 0.5796875 0.0125 0.0234375
0 0.7328125 0.5875 0.015625 0.034375
0 0.8890625 0.59140625 0.01171875 0.0265625