0 0.43125 0.690625 0.109375 0.27421875
0 0.321875 0.5703125 0.153125 0.4890625
0 0.15546875 0.57265625 0.15625 0.63125
0 0.08515625 0.52421875 0.11328125 0.5578125
0 0.025 0.5484375 0.05 0.35078125
0 0.21796875 0.35390625 0.03203125 0.07890625
0 0.2515625 0.34921875 0.03125 0.05859375
0 0.26875 0.35859375 0.04609375 0.05859375
0 0.271875 0.3109375 0.028125 0.1
0 0.325 0.34921875 0.0359375 0.10859375
0 0.35625 0.36484375 0.03203125 0.128125
0 0.3296875 0.29609375 0.028125 0.0546875
0 0.378125 0.36875 0.0375 0.15
0 0.37109375 0.31015625 0.021875 0.03828125
0 0.36796875 0.29296875 0.025 0.03671875
0 0.38046875 0.27421875 0.02265625 0.0453125
0 0.3859375 0.346875 0.0203125 0.1171875
0 0.39921875 0.35859375 0.0296875 0.15234375
0 0.41875 0.353125 0.0265625 0.13359375
0 0.43125 0.33828125 0.0296875 0.1421875
0 0.4609375 0.3421875 0.03125 0.103125
0 0.48359375 0.35234375 0.01953125 0.08515625
0 0.4890625 0.3234375 0.0203125 0.053125
0 0.4890625 0.3328125 0.025 0.125
0 0.54296875 0.3375 0.025 0.09375
0 0.58203125 0.365625 0.0375 0.13203125
0 0.59921875 0.3546875 0.0265625 0.1453125
0 0.62578125 0.37734375 0.02734375 0.14375
0 0.6421875 0.36328125 0.028125 0.1515625
0 0.67265625 0.3859375 0.03828125 0.15234375
0 0.690625 0.38515625 0.034375 0.13984375
0 0.721875 0.41875 0.03203125 0.11484375
0 0.775 0.43359375 0.046875 0.1484375
0 0.790625 0.42890625 0.034375 0.15
0 0.81171875 0.47109375 0.03828125 0.15234375
0 0.83359375 0.42578125 0.02421875 0.07890625
0 0.8375 0.50234375 0.034375 0.13828125
0 0.865625 0.45703125 0.03125 0.071875
0 0.8609375 0.5234375 0.0390625 0.16015625
0 0.8921875 0.5328125 0.03203125 0.146875
0 0.98359375 0.628125 0.03125 0.1703125
0 0.6375 0.4015625 0.0203125 0.08984375
0 0.0078125 0.43984375 0.015625 0.03359375
0 0.0515625 0.365625 0.03515625 0.0765625