0 0.06015625 0.62265625 0.1203125 0.728125
0 0.18515625 0.46640625 0.09609375 0.4296875
0 0.340625 0.55390625 0.153125 0.66328125
0 0.47421875 0.5984375 0.2859375 0.80078125
0 0.50703125 0.6359375 0.190625 0.528125
0 0.56171875 0.33359375 0.09609375 0.15703125
0 0.63671875 0.27421875 0.09140625 0.1640625
0 0.68515625 0.421875 0.0984375 0.42109375
0 0.62890625 0.6078125 0.21953125 0.78203125
0 0.79296875 0.221875 0.0671875 0.08203125
0 0.8234375 0.4765625 0.1734375 0.70859375
0 0.8515625 0.596875 0.2453125 0.80078125
0 0.91328125 0.475 0.07265625 0.56328125
0 0.9296875 0.228125 0.07734375 0.1359375
0 0.96171875 0.31328125 0.04765625 0.23359375
0 0.984375 0.25078125 0.0296875 0.06640625
0 0.7640625 0.27109375 0.05859375 0.1640625
0 0.059375 0.83203125 0.1046875 0.146875