0 0.9921875 0.79296875 0.01484375 0.25078125
0 0.98671875 0.70390625 0.021875 0.11484375
0 0.9375 0.81875 0.0703125 0.315625
0 0.89609375 0.79296875 0.05390625 0.259375
0 0.82578125 0.7921875 0.0734375 0.29921875
0 0.85234375 0.77421875 0.040625 0.23671875
0 0.89765625 0.65625 0.01796875 0.028125
0 0.88671875 0.65703125 0.01171875 0.03671875
0 0.89765625 0.77578125 0.03671875 0.24296875
0 0.8734375 0.67109375 0.01171875 0.0640625
0 0.86171875 0.68671875 0.01640625 0.08046875
0 0.96015625 0.6515625 0.00390625 0.01875
0 0.778125 0.69296875 0.02734375 0.10390625
0 0.75546875 0.6890625 0.0265625 0.10703125
0 0.74609375 0.65390625 0.01171875 0.04609375
0 0.79453125 0.653125 0.00859375 0.03828125
0 0.69921875 0.67109375 0.01953125 0.084375
0 0.67734375 0.6765625 0.01171875 0.0734375
0 0.66875 0.65859375 0.0140625 0.04296875
0 0.659375 0.7015625 0.02421875 0.125
0 0.64296875 0.690625 0.021875 0.1265625
0 0.6234375 0.6890625 0.02421875 0.121875
0 0.60859375 0.715625 0.02578125 0.0953125
0 0.6109375 0.653125 0.01484375 0.04296875
0 0.5890625 0.6921875 0.03203125 0.1453125
0 0.56015625 0.68671875 0.0265625 0.11796875
0 0.5453125 0.68359375 0.01640625 0.11875
0 0.35390625 0.72109375 0.02734375 0.14609375
0 0.13125 0.640625 0.0078125 0.03984375
0 0.1234375 0.63828125 0.01015625 0.0390625
0 0.13515625 0.63046875 0.00546875 0.03203125
0 0.1421875 0.634375 0.00703125 0.0359375
0 0.15703125 0.63125 0.01015625 0.0265625
0 0.221875 0.63984375 0.00703125 0.0296875
0 0.11171875 0.64453125 0.01171875 0.03125
0 0.80703125 0.66875 0.0140625 0.06171875
0 0.8359375 0.66875 0.009375 0.059375
0 0.83828125 0.65390625 0.00625 0.02109375
0 0.865625 0.62890625 0.25390625 0.0296875
0 0.68046875 0.64375 0.00390625 0.0109375
0 0.65078125 0.6359375 0.07578125 0.01640625
0 0.19296875 0.6296875 0.05078125 0.03359375
0 0.11328125 0.62578125 0.01015625 0.0265625
0 0.08515625 0.62265625 0.00625 0.01953125
0 0.0109375 0.61171875 0.00703125 0.00546875
0 0.4046875 0.61953125 0.00390625 0.01484375
0 0.56640625 0.640625 0.009375 0.02109375
0 0.3046875 0.63125 0.00859375 0.01796875