0 0.1890625 0.61640625 0.21171875 0.765625
0 0.26484375 0.6359375 0.0953125 0.6625
0 0.296875 0.534375 0.07734375 0.4515625
0 0.340625 0.40625 0.07109375 0.18125
0 0.47265625 0.62421875 0.11875 0.67734375
0 0.51796875 0.56640625 0.08125 0.45
0 0.5484375 0.54296875 0.04140625 0.3296875
0 0.390625 0.6453125 0.2359375 0.70859375
0 0.625 0.5625 0.12578125 0.48828125
0 0.6171875 0.62578125 0.1734375 0.609375
0 0.8359375 0.55234375 0.075 0.471875
0 0.77734375 0.44765625 0.159375 0.31328125
0 0.7515625 0.6640625 0.1984375 0.6640625
0 0.92578125 0.64921875 0.14765625 0.70078125
0 0.33203125 0.34296875 0.03046875 0.06171875
0 0.43203125 0.35703125 0.02421875 0.05625
0 0.484375 0.38125 0.034375 0.04140625
0 0.68203125 0.4109375 0.09375 0.0453125
0 0.89921875 0.47109375 0.065625 0.1