0 0.7015625 0.78828125 0.10625 0.4203125
0 0.56953125 0.60234375 0.05859375 0.33046875
0 0.6359375 0.5875 0.06875 0.31875
0 0.7109375 0.5375 0.05 0.23046875
0 0.7796875 0.5609375 0.0734375 0.24375
0 0.8515625 0.50546875 0.0671875 0.23828125
0 0.85859375 0.5015625 0.05234375 0.2234375
0 0.959375 0.45625 0.04609375 0.16875
0 0.92734375 0.4234375 0.0453125 0.178125
0 0.88828125 0.4234375 0.0390625 0.17109375
0 0.84765625 0.3953125 0.02734375 0.06953125
0 0.83125 0.42421875 0.02734375 0.16484375
0 0.78828125 0.43828125 0.03125 0.0734375
0 0.8046875 0.42421875 0.02734375 0.12734375
0 0.7671875 0.4046875 0.0296875 0.14453125
0 0.7359375 0.48046875 0.02734375 0.18359375
0 0.75390625 0.41953125 0.0203125 0.1484375
0 0.7234375 0.40078125 0.0296875 0.05078125
0 0.7015625 0.48046875 0.04140625 0.1953125
0 0.74375 0.35078125 0.02734375 0.0484375
0 0.7390625 0.40625 0.02109375 0.1140625
0 0.72109375 0.36640625 0.0296875 0.0734375
0 0.590625 0.50625 0.0390625 0.21015625
0 0.6796875 0.43515625 0.03515625 0.18046875
0 0.7125 0.3421875 0.025 0.0546875
0 0.69921875 0.359375 0.0234375 0.0578125
0 0.665625 0.37734375 0.0234375 0.08984375
0 0.65546875 0.42421875 0.0390625 0.16171875
0 0.64140625 0.41171875 0.0421875 0.140625
0 0.6125 0.43515625 0.03515625 0.17265625
0 0.5703125 0.41640625 0.0296875 0.0671875
0 0.5703125 0.39609375 0.03515625 0.0453125
0 0.4953125 0.50546875 0.06640625 0.234375
0 0.5390625 0.45390625 0.0328125 0.19921875
0 0.5796875 0.36875 0.03515625 0.0734375
0 0.59765625 0.36328125 0.025 0.084375
0 0.5828125 0.33046875 0.01484375 0.0265625
0 0.5453125 0.32578125 0.02265625 0.0734375
0 0.53203125 0.34296875 0.01875 0.0453125
0 0.5234375 0.37265625 0.02734375 0.0765625
0 0.5015625 0.39296875 0.03984375 0.103125
0 0.47265625 0.44296875 0.0453125 0.2140625
0 0.43125 0.49453125 0.0625 0.23046875
0 0.3609375 0.54609375 0.0734375 0.2625
0 0.22578125 0.615625 0.05859375 0.3453125
0 0.05 0.58515625 0.1 0.36796875
0 0.1296875 0.5359375 0.0828125 0.30234375
0 0.0515625 0.4203125 0.0390625 0.10859375
0 0.1484375 0.4078125 0.0640625 0.1140625
0 0.3015625 0.5109375 0.0359375 0.06171875
0 0.08046875 0.37265625 0.0359375 0.140625
0 0.0984375 0.38671875 0.0203125 0.0828125
0 0.06484375 0.38125 0.0171875 0.075
0 0.00859375 0.34921875 0.0171875 0.1234375
0 0.2703125 0.4640625 0.0453125 0.20859375
0 0.26875 0.45625 0.0453125 0.19140625
0 0.33203125 0.51796875 0.0484375 0.2328125
0 0.3875 0.5015625 0.0328125 0.215625
0 0.41015625 0.4671875 0.0375 0.20625
0 0.37734375 0.403125 0.02734375 0.06015625
0 0.32421875 0.421875 0.04140625 0.09375
0 0.3765625 0.3859375 0.03515625 0.06171875
0 0.415625 0.37109375 0.02890625 0.06015625
0 0.4359375 0.375 0.0203125 0.05625
0 0.44921875 0.38671875 0.02890625 0.1203125
0 0.465625 0.35390625 0.02109375 0.04296875
0 0.4984375 0.3421875 0.0328125 0.06171875
0 0.47421875 0.33125 0.0234375 0.0578125
0 0.4671875 0.3328125 0.02890625 0.05078125
0 0.44765625 0.31796875 0.0171875 0.03203125
0 0.43671875 0.3328125 0.02109375 0.04296875
0 0.4140625 0.36015625 0.0296875 0.0828125
0 0.42890625 0.321875 0.01484375 0.0390625
0 0.4234375 0.30859375 0.0140625 0.03203125
0 0.4078125 0.30390625 0.0203125 0.0453125
0 0.39765625 0.3546875 0.0296875 0.09375
0 0.4015625 0.32109375 0.02109375 0.03359375
0 0.36015625 0.3796875 0.02734375 0.084375
0 0.3890625 0.3921875 0.025 0.0859375
0 0.3703125 0.35859375 0.01875 0.06015625
0 0.31171875 0.3734375 0.03125 0.1046875
0 0.3421875 0.36953125 0.0234375 0.1125
0 0.36015625 0.32890625 0.02734375 0.05078125
0 0.38046875 0.3125 0.0265625 0.05078125
0 0.3796875 0.2953125 0.01875 0.0203125
0 0.3546875 0.30703125 0.0265625 0.05078125
0 0.328125 0.33515625 0.01875 0.0765625
0 0.3140625 0.32734375 0.02109375 0.0578125
0 0.290625 0.3796875 0.0234375 0.13671875
0 0.27578125 0.35703125 0.02109375 0.04296875
0 0.2765625 0.3234375 0.0203125 0.028125
0 0.25234375 0.3984375 0.025 0.140625
0 0.21171875 0.4171875 0.04375 0.17109375
0 0.1859375 0.38359375 0.0359375 0.15234375
0 0.15546875 0.35 0.02109375 0.06953125
0 0.12578125 0.35546875 0.03359375 0.103125
0 0.09140625 0.3234375 0.02734375 0.0921875
0 0.04375 0.31640625 0.025 0.08828125
0 0.059375 0.31875 0.02109375 0.07890625
0 0.0203125 0.3 0.0171875 0.05625
0 0.6671875 0.33984375 0.02734375 0.05234375
0 0.6265625 0.35 0.01875 0.0546875
0 0.3671875 0.2984375 0.0140625 0.0296875
0 0.23671875 0.3875 0.0359375 0.11796875
0 0.2484375 0.4015625 0.0265625 0.13515625
0 0.3796875 0.3421875 0.0171875 0.046875
0 0.39140625 0.3 0.0078125 0.0265625
0 0.05234375 0.27578125 0.1046875 0.0375
0 0.2265625 0.29140625 0.2484375 0.084375
0 0.86796875 0.77265625 0.2609375 0.45
0 0.6859375 0.3375 0.0140625 0.02265625
0 0.359375 0.29375 0.00859375 0.01328125