0 0.08203125 0.803125 0.01171875 0.046875
0 0.15 0.76171875 0.0203125 0.06328125
0 0.16875 0.740625 0.01484375 0.06328125
0 0.18671875 0.74140625 0.01640625 0.06328125
0 0.26171875 0.790625 0.01953125 0.07890625
0 0.35234375 0.7296875 0.01484375 0.05859375
0 0.39375 0.7609375 0.0125 0.04453125
0 0.4125 0.78046875 0.0171875 0.07890625
0 0.3984375 0.81328125 0.01796875 0.09140625
0 0.503125 0.796875 0.0171875 0.071875
0 0.4578125 0.875 0.02578125 0.1125
0 0.46875 0.8640625 0.0203125 0.115625
0 0.5703125 0.8125 0.01328125 0.08203125
0 0.5953125 0.81875 0.0234375 0.05546875
0 0.57734375 0.94140625 0.0296875 0.115625
0 0.67109375 0.85390625 0.02734375 0.0859375
0 0.6671875 0.93203125 0.034375 0.134375
0 0.71015625 0.88671875 0.0328125 0.121875
0 0.728125 0.86796875 0.0296875 0.121875
0 0.740625 0.884375 0.0296875 0.12421875
0 0.80234375 0.8578125 0.02421875 0.11328125
0 0.83359375 0.8703125 0.034375 0.1203125
0 0.86953125 0.8421875 0.02109375 0.1265625
0 0.88203125 0.85078125 0.02265625 0.121875
0 0.84765625 0.803125 0.0125 0.0546875
0 0.984375 0.8859375 0.0296875 0.13984375
0 0.06484375 0.70703125 0.0109375 0.03984375
0 0.07734375 0.68359375 0.01015625 0.03671875
0 0.08984375 0.6828125 0.0109375 0.03671875
0 0.096875 0.67890625 0.0078125 0.03125
0 0.1078125 0.69296875 0.01015625 0.034375
0 0.1109375 0.728125 0.00703125 0.04921875
0 0.1171875 0.72734375 0.01484375 0.05234375
0 0.15078125 0.73203125 0.01640625 0.05234375
0 0.184375 0.69609375 0.009375 0.03671875
0 0.19921875 0.67421875 0.00859375 0.034375
0 0.20703125 0.671875 0.0078125 0.03359375
0 0.22109375 0.68203125 0.0109375 0.04140625
0 0.21796875 0.66953125 0.00859375 0.03203125
0 0.25234375 0.67109375 0.009375 0.03125
0 0.26484375 0.6828125 0.0078125 0.0390625
0 0.27890625 0.68671875 0.00859375 0.03359375
0 0.2875 0.68515625 0.00703125 0.03671875
0 0.2984375 0.6890625 0.01015625 0.0296875
0 0.3515625 0.6875 0.009375 0.04296875
0 0.40234375 0.68046875 0.00703125 0.034375
0 0.4453125 0.6875 0.00859375 0.0359375
0 0.453125 0.68359375 0.00703125 0.03203125
0 0.465625 0.6875 0.0078125 0.03125
0 0.475 0.68671875 0.00859375 0.0359375
0 0.4578125 0.68515625 0.00625 0.03203125
0 0.5 0.6984375 0.0140625 0.034375
0 0.51015625 0.7 0.0109375 0.0421875
0 0.509375 0.6734375 0.00703125 0.03125
0 0.49921875 0.66171875 0.00546875 0.02578125
0 0.48515625 0.65390625 0.003125 0.02109375
0 0.515625 0.68046875 0.00703125 0.02578125
0 0.525 0.68671875 0.01015625 0.03125
0 0.53046875 0.70703125 0.00703125 0.04296875
0 0.53671875 0.7078125 0.009375 0.0421875
0 0.54375 0.75546875 0.015625 0.07578125
0 0.55 0.72421875 0.01171875 0.04453125
0 0.5546875 0.7453125 0.01015625 0.0625
0 0.56171875 0.74765625 0.01171875 0.0734375
0 0.48828125 0.7703125 0.0125 0.0359375
0 0.50234375 0.7421875 0.015625 0.03125
0 0.5703125 0.7359375 0.0109375 0.05859375
0 0.54765625 0.6796875 0.0078125 0.0359375
0 0.565625 0.69296875 0.0109375 0.0421875
0 0.57265625 0.7078125 0.01015625 0.0359375
0 0.59765625 0.75625 0.01328125 0.06796875
0 0.61015625 0.74375 0.01796875 0.065625
0 0.61328125 0.6984375 0.0125 0.04296875
0 0.59140625 0.67578125 0.01328125 0.021875
0 0.60703125 0.6734375 0.00546875 0.03125
0 0.653125 0.7484375 0.01015625 0.05234375
0 0.665625 0.74453125 0.0140625 0.053125
0 0.653125 0.71640625 0.00859375 0.03671875
0 0.6625 0.721875 0.01015625 0.04140625
0 0.64765625 0.68359375 0.01015625 0.0375
0 0.67578125 0.71953125 0.0125 0.05703125
0 0.6890625 0.74140625 0.0140625 0.0625
0 0.684375 0.69921875 0.009375 0.0390625
0 0.69140625 0.69765625 0.00859375 0.0375
0 0.70078125 0.71015625 0.0125 0.021875
0 0.7015625 0.74296875 0.0140625 0.06328125
0 0.70859375 0.69140625 0.0109375 0.04296875
0 0.71796875 0.6921875 0.01015625 0.0375
0 0.7296875 0.71484375 0.0109375 0.04765625
0 0.7296875 0.76328125 0.015625 0.078125
0 0.73515625 0.70703125 0.0078125 0.0421875
0 0.73984375 0.6640625 0.00859375 0.0359375
0 0.7453125 0.6625 0.00859375 0.02890625
0 0.7484375 0.7109375 0.009375 0.04453125
0 0.75546875 0.709375 0.01015625 0.04296875
0 0.76640625 0.703125 0.009375 0.046875
0 0.7734375 0.69765625 0.009375 0.03359375
0 0.77109375 0.7375 0.0109375 0.05703125
0 0.78515625 0.76015625 0.0171875 0.07109375
0 0.7859375 0.72421875 0.01015625 0.03984375
0 0.7921875 0.721875 0.01015625 0.0453125
0 0.803125 0.725 0.01015625 0.05
0 0.8 0.8078125 0.01640625 0.03359375
0 0.83359375 0.78046875 0.02265625 0.08125
0 0.8390625 0.73984375 0.015625 0.0625
0 0.85078125 0.71640625 0.01640625 0.0296875
0 0.86796875 0.746875 0.01015625 0.034375
0 0.8890625 0.78203125 0.0203125 0.06796875
0 0.89765625 0.79375 0.01328125 0.04140625
0 0.9046875 0.75 0.01171875 0.06015625
0 0.91015625 0.765625 0.01640625 0.046875
0 0.89453125 0.7015625 0.01171875 0.0390625
0 0.93125 0.7796875 0.01796875 0.06640625
0 0.92734375 0.74375 0.0140625 0.034375
0 0.94296875 0.721875 0.01171875 0.04765625
0 0.953125 0.72109375 0.01171875 0.04921875
0 0.9453125 0.75625 0.01640625 0.06796875
0 0.97421875 0.77734375 0.0203125 0.07421875
0 0.99765625 0.6875 0.00234375 0.0375
0 0.98359375 0.659375 0.00859375 0.02109375
0 0.88828125 0.99296875 0.02421875 0.0125
0 0.07109375 0.6640625 0.04140625 0.034375
0 0.13203125 0.68046875 0.059375 0.0703125
0 0.20390625 0.66796875 0.0859375 0.084375
0 0.39921875 0.6453125 0.303125 0.0703125
0 0.33203125 0.69296875 0.02890625 0.028125
0 0.36875 0.6953125 0.02734375 0.03203125
0 0.6171875 0.65625 0.134375 0.0765625
0 0.82421875 0.6625 0.28046875 0.08359375