0 0.87421875 0.86171875 0.2484375 0.2734375
0 0.08828125 0.84296875 0.1765625 0.31328125
0 0.2765625 0.85859375 0.165625 0.28203125
0 0.41171875 0.8359375 0.27890625 0.3265625
0 0.546875 0.84609375 0.07109375 0.04609375
0 0.88671875 0.7359375 0.10078125 0.19375
0 0.88125 0.68203125 0.0734375 0.08125
0 0.80859375 0.7 0.0765625 0.1375
0 0.696875 0.7265625 0.08515625 0.19765625
0 0.59296875 0.7484375 0.15234375 0.22890625
0 0.61484375 0.65859375 0.08203125 0.13984375
0 0.46875 0.7484375 0.12578125 0.26640625
0 0.39453125 0.66875 0.1015625 0.11640625
0 0.2921875 0.71640625 0.13203125 0.2359375
0 0.20078125 0.70625 0.09609375 0.14375
0 0.24296875 0.66875 0.0359375 0.0671875
0 0.2734375 0.671875 0.0734375 0.12265625
0 0.14453125 0.6609375 0.1109375 0.17734375
0 0.0390625 0.61484375 0.06953125 0.11640625
0 0.0375 0.61796875 0.06171875 0.10546875
0 0.1046875 0.5953125 0.06328125 0.1203125
0 0.11796875 0.60859375 0.0921875 0.1
0 0.3765625 0.778125 0.378125 0.44140625
0 0.35390625 0.64921875 0.0796875 0.1421875
0 0.44765625 0.65625 0.04609375 0.06796875
0 0.51796875 0.69140625 0.0375 0.1140625
0 0.58125 0.63515625 0.05078125 0.06171875
0 0.62265625 0.6203125 0.03671875 0.03203125
0 0.65234375 0.66015625 0.0484375 0.0921875
0 0.68203125 0.63828125 0.040625 0.0609375
0 0.71015625 0.63671875 0.053125 0.05234375
0 0.73515625 0.66171875 0.0328125 0.0984375
0 0.75546875 0.66796875 0.0390625 0.09140625
0 0.78359375 0.65 0.02734375 0.04140625
0 0.84140625 0.67734375 0.03203125 0.084375
0 0.81640625 0.62890625 0.028125 0.025
0 0.78984375 0.6171875 0.0203125 0.0234375
0 0.7546875 0.62109375 0.0375 0.028125
0 0.2859375 0.6109375 0.0359375 0.0546875
0 0.25390625 0.6015625 0.03671875 0.08046875
0 0.1984375 0.59609375 0.05703125 0.12109375
0 0.22734375 0.553125 0.0203125 0.01875
0 0.23515625 0.55625 0.01953125 0.0125
0 0.26875 0.5828125 0.0296875 0.0703125
0 0.2921875 0.57421875 0.02265625 0.03515625
0 0.34375 0.565625 0.034375 0.0359375
0 0.3328125 0.60078125 0.04765625 0.05546875
0 0.39375 0.59609375 0.04296875 0.04453125
0 0.540625 0.63359375 0.02734375 0.07421875
0 0.5609375 0.64375 0.04140625 0.09296875
0 0.646875 0.60234375 0.01796875 0.01953125
0 0.646875 0.61328125 0.02109375 0.02421875
0 0.6578125 0.6234375 0.01875 0.04609375
0 0.5078125 0.60078125 0.02890625 0.034375
0 0.48359375 0.60625 0.03125 0.03359375
0 0.50546875 0.609375 0.028125 0.02734375
0 0.43125 0.60546875 0.04609375 0.040625
0 0.45390625 0.60234375 0.02421875 0.04453125
0 0.46875 0.60078125 0.025 0.0484375
0 0.47734375 0.590625 0.021875 0.0265625
0 0.6046875 0.61875 0.015625 0.0375
0 0.37421875 0.58515625 0.01796875 0.021875
0 0.0515625 0.53828125 0.103125 0.0359375
0 0.16875 0.55 0.053125 0.0234375
0 0.4234375 0.56640625 0.1125 0.0171875
0 0.30546875 0.55546875 0.06484375 0.0171875
0 0.53828125 0.578125 0.1171875 0.02109375
0 0.59140625 0.93671875 0.27578125 0.12109375
0 0.0359375 0.79375 0.071875 0.175
0 0.62109375 0.60546875 0.0203125 0.01015625
0 0.97734375 0.715625 0.04375 0.0546875