0 0.07890625 0.5828125 0.15703125 0.75390625
0 0.14296875 0.58828125 0.23359375 0.790625
0 0.275 0.56875 0.16484375 0.82734375
0 0.228125 0.290625 0.05234375 0.0859375
0 0.3609375 0.38046875 0.09296875 0.44765625
0 0.428125 0.39453125 0.10234375 0.33515625
0 0.50625 0.44921875 0.07265625 0.2265625
0 0.57421875 0.5421875 0.28359375 0.9125
0 0.70078125 0.59921875 0.428125 0.7984375
0 0.86328125 0.43359375 0.234375 0.83203125
0 0.37265625 0.7125 0.24609375 0.571875
0 0.66015625 0.1453125 0.16484375 0.2875
0 0.32578125 0.2625 0.0375 0.05234375
0 0.765625 0.159375 0.0375 0.0734375
0 0.47890625 0.2421875 0.05859375 0.18359375
0 0.0515625 0.8046875 0.103125 0.38828125