0 0.22109375 0.75390625 0.33828125 0.4890625
0 0.25859375 0.71640625 0.2296875 0.403125
0 0.1953125 0.54296875 0.10859375 0.253125
0 0.33046875 0.49140625 0.0625 0.11328125
0 0.37734375 0.671875 0.09609375 0.4890625
0 0.43828125 0.48046875 0.0640625 0.1171875
0 0.48671875 0.671875 0.11796875 0.47734375
0 0.53046875 0.65078125 0.09375 0.41640625
0 0.5953125 0.66796875 0.08984375 0.48515625
0 0.70625 0.65 0.12265625 0.6
0 0.7734375 0.35859375 0.12109375 0.17109375
0 0.90703125 0.63671875 0.18359375 0.6
0 0.84765625 0.6125 0.084375 0.4
0 0.90703125 0.39609375 0.0828125 0.24140625
0 0.76953125 0.35390625 0.13203125 0.16953125
0 0.0953125 0.5359375 0.13046875 0.440625
0 0.07265625 0.34453125 0.05546875 0.0765625
0 0.01171875 0.3765625 0.0234375 0.1765625
0 0.184375 0.44609375 0.0640625 0.1453125
0 0.17578125 0.53515625 0.15390625 0.253125
0 0.29921875 0.45703125 0.05859375 0.12265625
0 0.3625 0.44921875 0.04609375 0.109375
0 0.63984375 0.61953125 0.0734375 0.4703125
0 0.709375 0.58828125 0.08984375 0.4296875
0 0.8484375 0.36640625 0.11796875 0.15625
0 0.18203125 0.38046875 0.06015625 0.11328125
0 0.225 0.39375 0.03359375 0.05234375
0 0.240625 0.359375 0.03515625 0.06875
0 0.20078125 0.34609375 0.03828125 0.0703125
0 0.28359375 0.4015625 0.040625 0.096875
0 0.31953125 0.33359375 0.1140625 0.09140625
0 0.3203125 0.37734375 0.04453125 0.07421875
0 0.36328125 0.396875 0.075 0.12109375
0 0.38125 0.37109375 0.03359375 0.06875
0 0.37734375 0.31328125 0.12734375 0.128125
0 0.4296875 0.4125 0.0546875 0.12265625
0 0.4578125 0.43125 0.03515625 0.1078125
0 0.46640625 0.37265625 0.0515625 0.128125
0 0.49765625 0.3875 0.05 0.11328125
0 0.54921875 0.39140625 0.03515625 0.109375
0 0.57734375 0.39140625 0.04921875 0.09140625
0 0.609375 0.37109375 0.02890625 0.04296875
0 0.7328125 0.41953125 0.0421875 0.0796875
0 0.24765625 0.41015625 0.02421875 0.05
0 0.64453125 0.378125 0.02890625 0.05390625
0 0.68515625 0.35859375 0.04375 0.04453125