0 0.3328125 0.77578125 0.05078125 0.19921875
0 0.3453125 0.775 0.0234375 0.1921875
0 0.38671875 0.775 0.025 0.1921875
0 0.4046875 0.78671875 0.03828125 0.21484375
0 0.3703125 0.803125 0.0578125 0.22109375
0 0.43671875 0.79296875 0.05625 0.2359375
0 0.4703125 0.79921875 0.05 0.21953125
0 0.446875 0.6890625 0.03203125 0.05390625
0 0.4234375 0.68515625 0.01640625 0.05234375
0 0.50703125 0.79609375 0.0484375 0.2265625
0 0.5109375 0.709375 0.04296875 0.05703125
0 0.53828125 0.775 0.028125 0.18046875
0 0.5484375 0.778125 0.02734375 0.1828125
0 0.559375 0.78203125 0.03984375 0.1875
0 0.5921875 0.7890625 0.05546875 0.21640625
0 0.60625 0.76484375 0.0328125 0.19765625
0 0.3765625 0.69375 0.0109375 0.03203125
0 0.39765625 0.69296875 0.01953125 0.03671875
0 0.4125 0.678125 0.009375 0.01171875
0 0.465625 0.68203125 0.040625 0.03828125
0 0.4796875 0.7171875 0.0125 0.03203125
0 0.62109375 0.7640625 0.0328125 0.19296875
0 0.56953125 0.6921875 0.03046875 0.05234375
0 0.51015625 0.69453125 0.04765625 0.06875