0 0.36484375 0.32578125 0.0140625 0.04609375
0 0.3765625 0.328125 0.009375 0.01875
0 0.428125 0.3359375 0.00859375 0.0140625
0 0.43984375 0.334375 0.015625 0.02421875
0 0.703125 0.290625 0.01640625 0.05078125
0 0.715625 0.28984375 0.015625 0.05078125
0 0.728125 0.28515625 0.01328125 0.053125
0 0.7359375 0.2890625 0.0109375 0.03359375
0 0.74765625 0.27421875 0.0140625 0.05625
0 0.76015625 0.26875 0.01796875 0.06015625
0 0.784375 0.26875 0.0125 0.05
0 0.7921875 0.27421875 0.0125 0.040625
0 0.15 0.475 0.0140625 0.03828125
0 0.2734375 0.50078125 0.0140625 0.03359375
0 0.33515625 0.503125 0.01484375 0.053125
0 0.378125 0.5078125 0.0140625 0.0453125
0 0.39765625 0.51171875 0.0109375 0.0390625
0 0.421875 0.521875 0.015625 0.0234375
0 0.74453125 0.48359375 0.01171875 0.05859375
0 0.753125 0.48046875 0.01328125 0.06015625
0 0.7640625 0.47890625 0.01640625 0.06484375
0 0.77578125 0.459375 0.01484375 0.01953125
0 0.77421875 0.48515625 0.009375 0.05078125
0 0.78671875 0.4546875 0.0078125 0.01484375
0 0.903125 0.45859375 0.0140625 0.04375
0 0.9265625 0.45625 0.01484375 0.0296875
0 0.9484375 0.45703125 0.0125 0.01640625
0 0.96640625 0.45 0.0109375 0.0234375
0 0.98046875 0.4328125 0.01484375 0.0453125
0 0.01953125 0.7796875 0.03828125 0.2
0 0.05390625 0.784375 0.04765625 0.1671875
0 0.0671875 0.7734375 0.04453125 0.16171875
0 0.07265625 0.73984375 0.01875 0.07890625
0 0.09375 0.76640625 0.0328125 0.13515625
0 0.09921875 0.73359375 0.0171875 0.09375
0 0.12578125 0.7359375 0.015625 0.0703125
0 0.1453125 0.77265625 0.025 0.1546875
0 0.16640625 0.77109375 0.04375 0.16640625
0 0.2 0.77578125 0.0515625 0.1625
0 0.24453125 0.75078125 0.02421875 0.109375
0 0.26171875 0.746875 0.0171875 0.10625
0 0.2796875 0.77734375 0.0484375 0.1765625
0 0.2921875 0.75703125 0.025 0.13515625
0 0.30390625 0.76171875 0.02109375 0.12578125
0 0.30625 0.75703125 0.021875 0.13046875
0 0.31796875 0.7421875 0.01875 0.10859375
0 0.33359375 0.75546875 0.02109375 0.1140625
0 0.34609375 0.71640625 0.015625 0.040625
0 0.3421875 0.7140625 0.009375 0.0265625
0 0.35703125 0.7796875 0.04453125 0.18125
0 0.37265625 0.71328125 0.01328125 0.02734375
0 0.37578125 0.7375 0.01640625 0.05546875
0 0.39296875 0.71484375 0.00859375 0.02734375
0 0.39375 0.709375 0.00859375 0.0140625
0 0.403125 0.7609375 0.04375 0.14765625
0 0.42265625 0.71015625 0.01171875 0.01875
0 0.43984375 0.7078125 0.00859375 0.01640625
0 0.46484375 0.7765625 0.0625 0.1953125
0 0.50625 0.78203125 0.05078125 0.159375
0 0.5265625 0.75703125 0.02265625 0.13984375
0 0.5953125 0.7734375 0.05859375 0.1828125
0 0.59609375 0.7625 0.0390625 0.15
0 0.609375 0.709375 0.0125 0.01953125
0 0.58125 0.70390625 0.01015625 0.0171875
0 0.62578125 0.7671875 0.02890625 0.1328125
0 0.62734375 0.71796875 0.021875 0.05234375
0 0.63984375 0.7484375 0.02265625 0.11328125
0 0.659375 0.76328125 0.03125 0.13359375
0 0.66015625 0.753125 0.028125 0.11328125
0 0.67265625 0.70234375 0.0125 0.034375
0 0.684375 0.7015625 0.015625 0.021875
0 0.6953125 0.75546875 0.02890625 0.13515625
0 0.70859375 0.75546875 0.02421875 0.1328125
0 0.728125 0.75390625 0.025 0.13828125
0 0.7234375 0.75078125 0.01796875 0.13125
0 0.73828125 0.70234375 0.01015625 0.01875
0 0.74765625 0.76953125 0.03203125 0.1859375
0 0.759375 0.73984375 0.0203125 0.09453125
0 0.7765625 0.73515625 0.02265625 0.09375
0 0.78828125 0.7140625 0.01796875 0.05234375
0 0.7984375 0.74765625 0.0296875 0.128125
0 0.7984375 0.75078125 0.03125 0.1375
0 0.80703125 0.73984375 0.01015625 0.08984375
0 0.81640625 0.74140625 0.0171875 0.10859375
0 0.8171875 0.74140625 0.01640625 0.10859375
0 0.82734375 0.7484375 0.0296875 0.125
0 0.8375 0.740625 0.01484375 0.09609375
0 0.85546875 0.76328125 0.04375 0.140625
0 0.878125 0.75078125 0.03984375 0.1515625
0 0.89453125 0.7296875 0.0125 0.07890625
0 0.9015625 0.74296875 0.03203125 0.109375
0 0.92109375 0.7359375 0.0171875 0.07421875
0 0.92734375 0.72890625 0.01484375 0.07265625
0 0.94921875 0.75078125 0.04140625 0.16171875
0 0.978125 0.76640625 0.04140625 0.1671875
0 0.9921875 0.703125 0.0140625 0.0296875
0 0.4578125 0.5125 0.01328125 0.04140625
0 0.67578125 0.76171875 0.02265625 0.1328125
0 0.6140625 0.32890625 0.0140625 0.01640625
0 0.02109375 0.4296875 0.0328125 0.071875
0 0.24375 0.48515625 0.0171875 0.0625
0 0.43828125 0.5265625 0.015625 0.01171875
0 0.815625 0.47734375 0.01015625 0.03359375
0 0.02578125 0.71640625 0.0171875 0.03359375
0 0.1390625 0.71328125 0.01015625 0.02734375
0 0.1984375 0.7046875 0.02109375 0.02890625
0 0.2265625 0.73125 0.025 0.07265625
0 0.2515625 0.725 0.01328125 0.05546875
0 0.27109375 0.709375 0.01015625 0.01875
0 0.32578125 0.71640625 0.01171875 0.0171875
0 0.64453125 0.69921875 0.0125 0.02890625
0 0.68828125 0.70234375 0.00546875 0.01640625
0 0.9890625 0.6890625 0.01015625 0.01171875
0 0.97265625 0.78125 0.009375 0.03828125
0 0.8796875 0.90625 0.03359375 0.13515625
0 0.95390625 0.89765625 0.04453125 0.1328125
0 0.16875 0.81328125 0.0078125 0.05546875
0 0.71171875 0.69375 0.00703125 0.009375