0 0.04140625 0.83515625 0.04609375 0.14296875
0 0.08515625 0.83125 0.03671875 0.12890625
0 0.10390625 0.815625 0.0265625 0.0953125
0 0.1421875 0.8171875 0.025 0.10703125
0 0.16875 0.81640625 0.03203125 0.0953125
0 0.2140625 0.8375 0.04453125 0.1390625
0 0.25625 0.8328125 0.06484375 0.1453125
0 0.23515625 0.7890625 0.02109375 0.0515625
0 0.28359375 0.7859375 0.02265625 0.04921875
0 0.3 0.81953125 0.03671875 0.10546875
0 0.30625 0.834375 0.0203125 0.0765625
0 0.32890625 0.84375 0.02890625 0.12890625
0 0.35 0.8359375 0.0296875 0.1421875
0 0.4 0.82421875 0.0890625 0.17578125
0 0.41875 0.77421875 0.0203125 0.034375
0 0.375 0.78359375 0.0203125 0.04375
0 0.4328125 0.78046875 0.0171875 0.0421875
0 0.44453125 0.7875 0.021875 0.075
0 0.47265625 0.77890625 0.015625 0.04296875
0 0.4734375 0.8171875 0.03046875 0.0765625
0 0.4984375 0.77890625 0.0171875 0.04296875
0 0.5375 0.76640625 0.01796875 0.03359375
0 0.55 0.76484375 0.0171875 0.0390625
0 0.58125 0.83984375 0.0328125 0.08359375
0 0.57421875 0.809375 0.01640625 0.0375
0 0.57421875 0.79375 0.0234375 0.03671875
0 0.58984375 0.7921875 0.01796875 0.034375
0 0.61640625 0.77734375 0.0234375 0.05546875
0 0.63125 0.78359375 0.01640625 0.06484375
0 0.640625 0.7828125 0.01640625 0.06484375
0 0.6546875 0.7796875 0.01875 0.065625
0 0.6671875 0.78046875 0.0265625 0.07421875
0 0.68203125 0.77734375 0.01953125 0.0609375
0 0.7265625 0.76953125 0.0203125 0.0671875
0 0.753125 0.76328125 0.0203125 0.05234375
0 0.771875 0.76640625 0.02421875 0.0671875
0 0.790625 0.76796875 0.01328125 0.0390625
0 0.815625 0.7734375 0.02421875 0.08046875
0 0.83828125 0.771875 0.025 0.075
0 0.85234375 0.76171875 0.0125 0.04296875
0 0.93125 0.74453125 0.01953125 0.03984375
0 0.978125 0.7578125 0.015625 0.0390625
0 0.990625 0.75078125 0.01640625 0.03125
0 0.98125 0.8359375 0.03515625 0.11484375
0 0.9421875 0.840625 0.09296875 0.12890625
0 0.865625 0.85078125 0.0671875 0.11171875
0 0.82578125 0.8140625 0.025 0.04921875
0 0.70546875 0.83828125 0.05390625 0.10546875
0 0.72421875 0.83203125 0.0515625 0.1015625
0 0.7546875 0.809375 0.025 0.046875
0 0.75546875 0.80625 0.025 0.040625
0 0.60703125 0.86953125 0.0796875 0.07421875
0 0.65 0.865625 0.0578125 0.0828125
0 0.15234375 0.78203125 0.1125 0.09296875
0 0.30234375 0.746875 0.18671875 0.07734375
0 0.43125 0.75078125 0.0609375 0.05234375
0 0.50390625 0.75234375 0.07109375 0.05546875
0 0.58203125 0.7640625 0.04296875 0.059375
0 0.68515625 0.75390625 0.06484375 0.05546875
0 0.8234375 0.75234375 0.1890625 0.05546875
0 0.9703125 0.74296875 0.0578125 0.0671875
0 0.646875 0.62421875 0.0390625 0.11796875
0 0.50546875 0.66328125 0.0390625 0.11328125
0 0.54453125 0.4453125 0.0234375 0.0625
0 0.59140625 0.4296875 0.03046875 0.0640625
0 0.82265625 0.27578125 0.12890625 0.1296875
0 0.0625 0.26484375 0.10390625 0.2875
0 0.07890625 0.7796875 0.03515625 0.06171875
0 0.01875 0.8765625 0.0140625 0.01484375
0 0.05390625 0.8671875 0.0203125 0.02109375
0 0.4953125 0.8390625 0.04453125 0.10703125
0 0.8171875 0.52890625 0.13203125 0.14609375