0 0.02890625 0.34453125 0.0578125 0.540625
0 0.0796875 0.409375 0.1375 0.5875
0 0.14453125 0.32734375 0.103125 0.6046875
0 0.19140625 0.28515625 0.075 0.515625
0 0.2625 0.30859375 0.1 0.6171875
0 0.30703125 0.20390625 0.08125 0.33984375
0 0.375 0.43671875 0.1375 0.72109375
0 0.4578125 0.10859375 0.07109375 0.15234375
0 0.5578125 0.33828125 0.15703125 0.6765625
0 0.6171875 0.29453125 0.0875 0.51953125
0 0.6890625 0.26484375 0.08046875 0.4328125
0 0.965625 0.37890625 0.0671875 0.67734375
0 0.95078125 0.3359375 0.06171875 0.5921875
0 0.81171875 0.40859375 0.2453125 0.8171875
0 0.83203125 0.40625 0.21640625 0.81171875
0 0.92109375 0.07265625 0.04765625 0.10703125
0 0.1015625 0.06171875 0.0328125 0.0828125
0 0.61171875 0.29375 0.08515625 0.5109375
0 0.4953125 0.090625 0.03046875 0.05703125
0 0.42890625 0.11484375 0.025 0.0375
0 0.73671875 0.078125 0.03984375 0.05859375
0 0.81875 0.52890625 0.0578125 0.28046875
0 0.7359375 0.3453125 0.10078125 0.46171875
0 0.984375 0.290625 0.028125 0.2875
0 0.4203125 0.0703125 0.0140625 0.0359375
0 0.61171875 0.0859375 0.08125 0.040625
0 0.70703125 0.06328125 0.0765625 0.0171875