0 0.071875 0.3484375 0.03125 0.06484375
0 0.05234375 0.35625 0.0109375 0.075
0 0.09453125 0.40234375 0.03125 0.1265625
0 0.12109375 0.37734375 0.0234375 0.084375
0 0.15859375 0.359375 0.03359375 0.07890625
0 0.18828125 0.34921875 0.0078125 0.021875
0 0.13671875 0.40625 0.0375 0.08984375
0 0.1671875 0.41328125 0.0484375 0.109375
0 0.23125 0.40078125 0.021875 0.0703125
0 0.25859375 0.50625 0.04296875 0.23515625
0 0.2265625 0.5796875 0.0703125 0.40546875
0 0.12734375 0.546875 0.0546875 0.28984375
0 0.03359375 0.51328125 0.05390625 0.26171875
0 0.065625 0.64921875 0.13125 0.5609375
0 0.17421875 0.66875 0.1078125 0.57109375
0 0.28046875 0.40078125 0.03125 0.1015625
0 0.3125 0.5546875 0.08671875 0.37421875
0 0.340625 0.41796875 0.0296875 0.09375
0 0.3390625 0.41953125 0.02265625 0.096875
0 0.35546875 0.59921875 0.07265625 0.396875
0 0.3828125 0.65 0.11640625 0.5015625
0 0.45078125 0.59765625 0.0546875 0.41171875
0 0.44921875 0.5703125 0.08125 0.3796875
0 0.453125 0.40703125 0.03203125 0.09453125
0 0.53984375 0.58671875 0.08671875 0.39375
0 0.5515625 0.42890625 0.06640625 0.11328125
0 0.63359375 0.74375 0.23125 0.51015625
0 0.69140625 0.4296875 0.08359375 0.1609375
0 0.74140625 0.65078125 0.1078125 0.55546875
0 0.8265625 0.56796875 0.09609375 0.4
0 0.9140625 0.69296875 0.17109375 0.61328125
0 0.9875 0.39609375 0.01953125 0.0765625
0 0.95625 0.375 0.01796875 0.0296875
0 0.80390625 0.37578125 0.01875 0.05546875
0 0.78515625 0.3765625 0.015625 0.04375
0 0.7265625 0.378125 0.01484375 0.040625
0 0.71875 0.37578125 0.01015625 0.0453125
0 0.63359375 0.3734375 0.021875 0.04296875
0 0.61875 0.37265625 0.0140625 0.04140625
0 0.60625 0.375 0.01328125 0.03515625
0 0.49296875 0.38203125 0.01015625 0.04140625
0 0.4796875 0.3765625 0.01171875 0.0203125
0 0.42109375 0.3734375 0.01015625 0.02109375
0 0.4140625 0.38046875 0.00859375 0.03359375
0 0.4046875 0.37421875 0.009375 0.0203125
0 0.16640625 0.37890625 0.01171875 0.028125
0 0.98828125 0.82421875 0.021875 0.2796875
0 0.51640625 0.36171875 0.02109375 0.025
0 0.4484375 0.35859375 0.00625 0.00703125
0 0.43125 0.3703125 0.00546875 0.01875
0 0.371875 0.371875 0.05703125 0.0265625
0 0.48046875 0.3234375 0.01171875 0.015625
0 0.58515625 0.36640625 0.0140625 0.02890625
0 0.73046875 0.25703125 0.0734375 0.05390625
0 0.7296875 0.35078125 0.01015625 0.0359375
0 0.76953125 0.353125 0.015625 0.04453125
0 0.99453125 0.371875 0.01015625 0.0359375
0 0.96484375 0.371875 0.01875 0.03203125
0 0.0125 0.59453125 0.025 0.321875
0 0.10625 0.35859375 0.0546875 0.06328125
0 0.1890625 0.346875 0.0109375 0.02890625