0 0.0203125 0.78125 0.02109375 0.07734375
0 0.04765625 0.784375 0.0203125 0.06875
0 0.06875 0.7828125 0.015625 0.07265625
0 0.0734375 0.79375 0.025 0.09453125
0 0.08671875 0.7953125 0.025 0.0859375
0 0.09921875 0.82265625 0.03125 0.146875
0 0.115625 0.8234375 0.04375 0.15
0 0.13671875 0.78203125 0.0140625 0.07421875
0 0.1421875 0.778125 0.015625 0.06171875
0 0.1515625 0.78515625 0.01484375 0.06796875
0 0.171875 0.78046875 0.0203125 0.0796875
0 0.18125 0.7765625 0.0171875 0.06328125
0 0.1953125 0.78125 0.02734375 0.0703125
0 0.21484375 0.8046875 0.025 0.10234375
0 0.23046875 0.796875 0.02265625 0.121875
0 0.24765625 0.7765625 0.015625 0.06171875
0 0.24296875 0.77421875 0.01015625 0.0546875
0 0.2578125 0.76640625 0.01015625 0.04140625
0 0.278125 0.78046875 0.01953125 0.0765625
0 0.29140625 0.78046875 0.01640625 0.0796875
0 0.34375 0.8078125 0.04296875 0.12734375
0 0.3828125 0.8078125 0.03203125 0.12109375
0 0.41015625 0.80859375 0.025 0.1203125
0 0.446875 0.80390625 0.0296875 0.121875
0 0.465625 0.821875 0.01328125 0.07734375
0 0.4875 0.82890625 0.04453125 0.16875
0 0.5640625 0.80234375 0.02265625 0.11328125
0 0.6453125 0.8140625 0.021875 0.0484375
0 0.675 0.78671875 0.025 0.10859375
0 0.68359375 0.78671875 0.02265625 0.103125
0 0.74921875 0.78359375 0.03125 0.09921875
0 0.78046875 0.765625 0.01328125 0.06796875
0 0.8015625 0.7703125 0.03515625 0.06328125
0 0.80625 0.76484375 0.025 0.0640625
0 0.81875 0.75703125 0.01484375 0.0421875
0 0.853125 0.75859375 0.01484375 0.0609375
0 0.86328125 0.7609375 0.01875 0.06171875
0 0.88359375 0.76328125 0.02421875 0.06953125
0 0.89765625 0.76171875 0.02265625 0.07578125
0 0.9265625 0.79140625 0.02109375 0.11484375
0 0.94375 0.78671875 0.05 0.13515625
0 0.97578125 0.78828125 0.028125 0.11796875
0 0.5953125 0.7703125 0.0234375 0.059375
0 0.60859375 0.75859375 0.01640625 0.04140625
0 0.60078125 0.759375 0.00625 0.03125
0 0.6140625 0.75859375 0.00703125 0.02890625
0 0.5515625 0.7703125 0.01171875 0.04921875
0 0.46328125 0.7640625 0.01171875 0.040625
0 0.4734375 0.76875 0.0125 0.05859375
0 0.32890625 0.796875 0.02421875 0.115625
0 0.35703125 0.7953125 0.02265625 0.11171875
0 0.31796875 0.771875 0.00859375 0.0484375
0 0.3234375 0.76953125 0.0109375 0.0546875
0 0.3765625 0.75625 0.00859375 0.02109375
0 0.39140625 0.759375 0.00859375 0.0265625
0 0.403125 0.759375 0.00859375 0.02421875
0 0.36875 0.7453125 0.00625 0.02734375
0 0.4671875 0.7390625 0.0109375 0.0203125
0 0.4734375 0.73984375 0.00625 0.02109375
0 0.47890625 0.74296875 0.00625 0.02578125
0 0.48515625 0.74296875 0.0078125 0.01484375
0 0.4984375 0.74453125 0.009375 0.0328125
0 0.50703125 0.7640625 0.00859375 0.03671875
0 0.51796875 0.746875 0.00703125 0.028125
0 0.5421875 0.74140625 0.00546875 0.02265625
0 0.54765625 0.7421875 0.00546875 0.021875
0 0.5765625 0.7703125 0.0109375 0.05625
0 0.5765625 0.77265625 0.01015625 0.0515625
0 0.64453125 0.771875 0.01328125 0.059375
0 0.6515625 0.76953125 0.0109375 0.05859375
0 0.6578125 0.7671875 0.01328125 0.059375
0 0.696875 0.765625 0.01171875 0.05
0 0.709375 0.7640625 0.0125 0.05703125
0 0.7171875 0.75703125 0.01171875 0.03984375
0 0.715625 0.7359375 0.00625 0.015625
0 0.74921875 0.75 0.0078125 0.0265625
0 0.76484375 0.75625 0.01484375 0.040625
0 0.75078125 0.73671875 0.00390625 0.02265625
0 0.77578125 0.73046875 0.00625 0.01328125
0 0.78671875 0.76640625 0.0125 0.065625
0 0.7859375 0.72890625 0.0046875 0.009375
0 0.834375 0.7359375 0.009375 0.028125
0 0.90625 0.74296875 0.0078125 0.02265625
0 0.9890625 0.7625 0.02109375 0.0859375
0 0.99375 0.76875 0.0109375 0.08828125
0 0.0078125 0.7546875 0.015625 0.02578125
0 0.0390625 0.7578125 0.0234375 0.02734375
0 0.05859375 0.753125 0.0109375 0.02265625
0 0.09921875 0.753125 0.03203125 0.02109375
0 0.23828125 0.75078125 0.00859375 0.01328125
0 0.13125 0.75546875 0.01328125 0.0265625
0 0.153125 0.74921875 0.01015625 0.009375
0 0.20625 0.7609375 0.015625 0.03984375
0 0.2203125 0.74765625 0.01328125 0.01328125
0 0.30703125 0.75703125 0.01796875 0.05390625
0 0.28515625 0.74375 0.0046875 0.02265625
0 0.2953125 0.73671875 0.00625 0.009375
0 0.3296875 0.7546875 0.00625 0.021875
0 0.33359375 0.7359375 0.03671875 0.015625
0 0.32109375 0.74921875 0.003125 0.009375
0 0.36015625 0.8015625 0.00625 0.03671875
0 0.35859375 0.75390625 0.00859375 0.01953125
0 0.40625 0.7390625 0.06328125 0.01953125
0 0.43359375 0.765625 0.0125 0.0359375
0 0.42265625 0.75390625 0.00703125 0.0125
0 0.40703125 0.75390625 0.00625 0.0125
0 0.38828125 0.7515625 0.00390625 0.0078125
0 0.39765625 0.75625 0.00546875 0.01484375
0 0.45625 0.7546875 0.01171875 0.01875
0 0.44140625 0.7453125 0.00390625 0.034375
0 0.4453125 0.73671875 0.00546875 0.015625
0 0.46796875 0.74921875 0.00546875 0.009375
0 0.4953125 0.74375 0.00390625 0.01953125
0 0.49921875 0.753125 0.00390625 0.01171875
0 0.50859375 0.7390625 0.0109375 0.015625
0 0.51015625 0.76015625 0.0046875 0.028125
0 0.5265625 0.7421875 0.01484375 0.02109375
0 0.56640625 0.7390625 0.01484375 0.01875
0 0.571875 0.7578125 0.0046875 0.01953125
0 0.60390625 0.7421875 0.00703125 0.021875
0 0.63125 0.74140625 0.034375 0.02265625
0 0.65234375 0.75078125 0.00859375 0.02734375
0 0.653125 0.7765625 0.00625 0.02421875
0 0.6640625 0.7390625 0.0109375 0.02109375
0 0.66328125 0.7609375 0.00703125 0.025
0 0.6921875 0.746875 0.00859375 0.01875
0 0.81171875 0.7703125 0.00390625 0.01875
0 0.7953125 0.75625 0.00546875 0.0390625
0 0.87265625 0.740625 0.015625 0.01328125
0 0.8890625 0.7375 0.00859375 0.00703125
0 0.9140625 0.75390625 0.009375 0.05234375
0 0.95390625 0.73671875 0.02734375 0.021875
0 0.9578125 0.77890625 0.01875 0.01640625
0 0.95703125 0.759375 0.015625 0.025
0 0.99140625 0.76640625 0.00703125 0.01171875
0 0.97890625 0.740625 0.0109375 0.03203125
0 0.99296875 0.72265625 0.00390625 0.0140625
0 0.996875 0.7203125 0.00546875 0.0078125
0 0.684375 0.81171875 0.0046875 0.025
0 0.55859375 0.7578125 0.00859375 0.01796875
0 0.3234375 0.79765625 0.00859375 0.0390625
0 0.36796875 0.6546875 0.03203125 0.06875
0 0.265625 0.65 0.0609375 0.06953125
0 0.36796875 0.67421875 0.0109375 0.0125
0 0.4640625 0.65625 0.0546875 0.0625
0 0.4515625 0.67578125 0.01015625 0.0140625
0 0.478125 0.6765625 0.01015625 0.01328125
0 0.52265625 0.590625 0.034375 0.02578125
0 0.6046875 0.678125 0.01015625 0.0125
0 0.5890625 0.6609375 0.05546875 0.0609375
0 0.63359375 0.65546875 0.01328125 0.0140625
0 0.6734375 0.6609375 0.02578125 0.059375
0 0.75078125 0.65859375 0.04453125 0.06171875
0 0.32421875 0.64921875 0.01796875 0.015625
0 0.4078125 0.6515625 0.01796875 0.01484375
0 0.70078125 0.65625 0.0125 0.01484375
0 0.1875 0.74609375 0.021875 0.01484375
0 0.1890625 0.77265625 0.00625 0.03671875
0 0.25859375 0.75 0.00703125 0.0125