0 0.95625 0.6578125 0.05625 0.0890625
0 0.89765625 0.64296875 0.03203125 0.0640625
0 0.79453125 0.6203125 0.02734375 0.109375
0 0.75078125 0.65703125 0.034375 0.13359375
0 0.7296875 0.65078125 0.0265625 0.1109375
0 0.7265625 0.64609375 0.01875 0.08359375
0 0.70625 0.678125 0.0421875 0.14609375
0 0.69140625 0.62890625 0.01875 0.03203125
0 0.68515625 0.68828125 0.05546875 0.15859375
0 0.6515625 0.63046875 0.0265625 0.0671875
0 0.6375 0.70390625 0.04140625 0.1796875
0 0.61640625 0.65703125 0.02109375 0.0828125
0 0.60390625 0.653125 0.02109375 0.0875
0 0.5890625 0.65546875 0.01953125 0.09296875
0 0.57890625 0.621875 0.00703125 0.0125
0 0.56484375 0.68984375 0.059375 0.2015625
0 0.5140625 0.69921875 0.04765625 0.1765625
0 0.4765625 0.67578125 0.03671875 0.14453125
0 0.5421875 0.6515625 0.01796875 0.0765625
0 0.53046875 0.63125 0.0171875 0.0421875
0 0.50390625 0.62421875 0.00703125 0.01796875
0 0.4984375 0.63203125 0.01328125 0.0421875
0 0.48671875 0.63359375 0.01875 0.0609375
0 0.4640625 0.65546875 0.0125 0.08046875
0 0.45 0.66796875 0.025 0.11171875
0 0.43671875 0.64296875 0.01484375 0.065625
0 0.40078125 0.64609375 0.01875 0.0703125
0 0.37109375 0.66328125 0.03671875 0.12734375
0 0.3484375 0.70234375 0.05546875 0.21328125
0 0.2515625 0.7265625 0.0671875 0.24453125
0 0.7015625 0.65703125 0.01875 0.0921875
0 0.41953125 0.68359375 0.04140625 0.17265625
0 0.98515625 0.63828125 0.028125 0.05234375
0 0.9109375 0.546875 0.01328125 0.01328125
0 0.5921875 0.61640625 0.0046875 0.01015625
0 0.57421875 0.61328125 0.0203125 0.0125
0 0.515625 0.61328125 0.0640625 0.01484375
0 0.45625 0.61875 0.0109375 0.01796875
0 0.38515625 0.6609375 0.0171875 0.0453125