0 0.02109375 0.49921875 0.03671875 0.17890625
0 0.1578125 0.61953125 0.11953125 0.4046875
0 0.225 0.56796875 0.07421875 0.253125
0 0.2140625 0.4453125 0.025 0.06796875
0 0.29609375 0.52890625 0.05390625 0.184375
0 0.2796875 0.4265625 0.025 0.0859375
0 0.3453125 0.49140625 0.0625 0.16640625
0 0.4125 0.5484375 0.0625 0.23984375
0 0.446875 0.48984375 0.0203125 0.06796875
0 0.4640625 0.48359375 0.02734375 0.11640625
0 0.484375 0.56875 0.0578125 0.203125
0 0.50390625 0.509375 0.0265625 0.11484375
0 0.5328125 0.49609375 0.025 0.11484375
0 0.5140625 0.46875 0.02578125 0.05234375
0 0.54609375 0.5046875 0.0265625 0.11640625
0 0.56796875 0.52734375 0.04765625 0.17265625
0 0.6 0.52578125 0.053125 0.14609375
0 0.628125 0.47734375 0.0234375 0.0734375
0 0.63984375 0.5296875 0.04921875 0.14765625
0 0.68203125 0.525 0.0484375 0.12109375
0 0.7515625 0.54375 0.053125 0.1984375
0 0.79140625 0.51875 0.03359375 0.15234375
0 0.81171875 0.55 0.0453125 0.1453125
0 0.8296875 0.515625 0.03984375 0.14609375
0 0.8515625 0.51328125 0.0296875 0.1421875
0 0.88515625 0.51640625 0.04765625 0.1546875
0 0.9234375 0.4953125 0.0328125 0.1015625
0 0.98359375 0.496875 0.03046875 0.11953125
0 0.96953125 0.49921875 0.03515625 0.071875
0 0.94765625 0.62109375 0.0625 0.3109375
0 0.896875 0.72109375 0.1625 0.37109375
0 0.79140625 0.7234375 0.06953125 0.26484375
0 0.7015625 0.671875 0.103125 0.3265625
0 0.6203125 0.72421875 0.12109375 0.40703125
0 0.41328125 0.5484375 0.06640625 0.23984375
0 0.146875 0.41328125 0.02734375 0.0609375
0 0.24140625 0.40859375 0.00859375 0.0390625
0 0.25703125 0.440625 0.03203125 0.10234375
0 0.47578125 0.45078125 0.02265625 0.0484375
0 0.490625 0.453125 0.01875 0.0453125
0 0.590625 0.459375 0.02265625 0.04375
0 0.640625 0.46796875 0.02578125 0.0453125
0 0.66015625 0.46328125 0.025 0.04609375
0 0.67890625 0.465625 0.0203125 0.05859375
0 0.70859375 0.47265625 0.02265625 0.07734375
0 0.73515625 0.51015625 0.02578125 0.1109375
0 0.72578125 0.48046875 0.02890625 0.071875
0 0.7609375 0.45 0.01640625 0.0359375
0 0.77265625 0.51015625 0.03125 0.15546875
0 0.86796875 0.4625 0.02421875 0.05625
0 0.90234375 0.48828125 0.0265625 0.11015625
0 0.00546875 0.53125 0.0109375 0.190625
0 0.103125 0.44765625 0.02578125 0.05859375
0 0.9953125 0.496875 0.0078125 0.13359375
0 0.59609375 0.40078125 0.0828125 0.08359375
0 0.728125 0.38203125 0.03671875 0.03671875
0 0.23828125 0.40390625 0.02578125 0.05546875
0 0.5375 0.4265625 0.0359375 0.03671875
0 0.52265625 0.48046875 0.0171875 0.07421875
0 0.57734375 0.45546875 0.025 0.02578125
0 0.6140625 0.4609375 0.01953125 0.03671875
0 0.68984375 0.41875 0.10625 0.071875
0 0.86796875 0.43828125 0.24921875 0.03359375
0 0.771875 0.46953125 0.02734375 0.03046875
0 0.4953125 0.4203125 0.028125 0.0484375
0 0.44453125 0.4125 0.0109375 0.06484375