0 0.84765625 0.828125 0.0234375 0.09921875
0 0.7984375 0.82421875 0.021875 0.09375
0 0.02890625 0.79921875 0.0203125 0.07890625
0 0.04375 0.79375 0.015625 0.03828125
0 0.06171875 0.79765625 0.0203125 0.08515625
0 0.0875 0.803125 0.0203125 0.07890625
0 0.109375 0.79921875 0.021875 0.08828125
0 0.12265625 0.78203125 0.0125 0.05390625
0 0.1359375 0.821875 0.034375 0.1203125
0 0.17890625 0.82109375 0.01953125 0.0859375
0 0.196875 0.82109375 0.028125 0.10390625
0 0.2265625 0.81640625 0.02734375 0.11875
0 0.23046875 0.821875 0.0171875 0.10390625
0 0.25546875 0.8328125 0.02578125 0.0921875
0 0.27265625 0.83671875 0.0296875 0.125
0 0.3234375 0.82265625 0.0296875 0.12734375
0 0.04375 0.740625 0.01953125 0.028125
0 0.06640625 0.78203125 0.01953125 0.05
0 0.084375 0.7453125 0.0328125 0.02578125
0 0.13125 0.771875 0.01171875 0.02890625
0 0.14140625 0.79375 0.02734375 0.071875
0 0.17265625 0.78046875 0.0296875 0.0609375