0 0.02578125 0.46328125 0.0515625 0.79375
0 0.0703125 0.46953125 0.06171875 0.25390625
0 0.12421875 0.46015625 0.0640625 0.3203125
0 0.1875 0.45390625 0.11015625 0.44765625
0 0.2953125 0.46328125 0.21171875 0.9265625
0 0.390625 0.46640625 0.115625 0.81484375
0 0.41640625 0.34765625 0.03828125 0.0921875
0 0.4484375 0.4484375 0.09453125 0.36015625
0 0.50625 0.46640625 0.1125 0.43515625
0 0.62578125 0.4421875 0.2265625 0.69375
0 0.94765625 0.3140625 0.10234375 0.62734375
0 0.6328125 0.6203125 0.05703125 0.18515625
0 0.02265625 0.5046875 0.0171875 0.1625