0 0.86484375 0.7421875 0.0453125 0.1453125
0 0.97421875 0.73359375 0.02109375 0.06953125
0 0.9671875 0.734375 0.0140625 0.0625
0 0.95625 0.734375 0.01875 0.06640625
0 0.8953125 0.73828125 0.0203125 0.06015625
0 0.871875 0.73203125 0.0140625 0.05625
0 0.884375 0.73671875 0.01796875 0.0546875
0 0.84296875 0.73984375 0.0140625 0.06640625
0 0.5703125 0.75546875 0.0890625 0.171875
0 0.53359375 0.76171875 0.0328125 0.0984375
0 0.55546875 0.77734375 0.02265625 0.04765625
0 0.56484375 0.75546875 0.01796875 0.06015625
0 0.52734375 0.75546875 0.02421875 0.07578125
0 0.46875 0.746875 0.02578125 0.1015625
0 0.49609375 0.740625 0.01796875 0.0359375
0 0.396875 0.75703125 0.021875 0.07734375
0 0.3640625 0.76953125 0.028125 0.0828125
0 0.38359375 0.75234375 0.01328125 0.05703125
0 0.33515625 0.76640625 0.025 0.09609375
0 0.32265625 0.75625 0.01796875 0.06953125
0 0.2890625 0.77109375 0.0359375 0.13203125
0 0.21953125 0.74765625 0.01875 0.04921875
0 0.2671875 0.7484375 0.01328125 0.046875
0 0.196875 0.7484375 0.01875 0.04375
0 0.16796875 0.75859375 0.01171875 0.0640625
0 0.1546875 0.7640625 0.015625 0.05625
0 0.12578125 0.7609375 0.0171875 0.06796875
0 0.09921875 0.759375 0.01875 0.0734375
0 0.05078125 0.775 0.04375 0.15625
0 0.0359375 0.8203125 0.05234375 0.0734375
0 0.02421875 0.7734375 0.0171875 0.03203125
0 0.690625 0.74296875 0.0140625 0.04921875
0 0.59765625 0.7703125 0.04375 0.0703125
0 0.95390625 0.74765625 0.021875 0.0375
0 0.07734375 0.7703125 0.0359375 0.028125
0 0.00703125 0.7765625 0.0140625 0.03125
0 0.42421875 0.76171875 0.0453125 0.04765625
0 0.64140625 0.74609375 0.08125 0.0546875
0 0.76796875 0.740625 0.14609375 0.0625
0 0.92421875 0.73671875 0.04296875 0.06015625
0 0.9890625 0.73046875 0.0203125 0.05078125