0 0.17890625 0.63828125 0.0484375 0.165625
0 0.43984375 0.77265625 0.12265625 0.27109375
0 0.5421875 0.6765625 0.0578125 0.21328125
0 0.5625 0.66875 0.02421875 0.1640625
0 0.61953125 0.69921875 0.028125 0.1015625
0 0.64609375 0.7015625 0.025 0.11171875
0 0.66328125 0.75703125 0.084375 0.303125
0 0.7359375 0.7671875 0.096875 0.2859375
0 0.775 0.6859375 0.09921875 0.18125
0 0.82578125 0.7109375 0.075 0.24140625
0 0.93125 0.71328125 0.0875 0.25078125
0 0.96640625 0.7015625 0.03984375 0.190625
0 0.22421875 0.56796875 0.00703125 0.02265625