0 0.09296875 0.8546875 0.1859375 0.2875
0 0.94921875 0.58125 0.09921875 0.24609375
0 0.96171875 0.52109375 0.06484375 0.06328125
0 0.95703125 0.41640625 0.0828125 0.1453125
0 0.83359375 0.6015625 0.178125 0.203125
0 0.5984375 0.55 0.25390625 0.67578125
0 0.38359375 0.5796875 0.25703125 0.6234375
0 0.5078125 0.4765625 0.0625 0.17734375
0 0.38671875 0.38046875 0.01796875 0.02890625
0 0.2609375 0.471875 0.04375 0.16875
0 0.22109375 0.48984375 0.07578125 0.1796875
0 0.1828125 0.4875 0.03671875 0.090625
0 0.028125 0.48671875 0.05546875 0.18671875
0 0.20546875 0.515625 0.0203125 0.03828125
0 0.0609375 0.528125 0.02421875 0.02734375
0 0.09609375 0.53046875 0.009375 0.0109375