0 0.0265625 0.32421875 0.05234375 0.30625
0 0.178125 0.6296875 0.19765625 0.73828125
0 0.35 0.453125 0.08046875 0.4234375
0 0.4375 0.46328125 0.109375 0.56875
0 0.50078125 0.45 0.1015625 0.58203125
0 0.59375 0.33359375 0.07578125 0.3359375
0 0.6546875 0.31953125 0.0578125 0.296875
0 0.69453125 0.415625 0.10234375 0.49375
0 0.7734375 0.2671875 0.0671875 0.29375
0 0.8359375 0.5515625 0.22421875 0.89453125
0 0.73671875 0.346875 0.06171875 0.36875
0 0.47109375 0.23359375 0.0265625 0.06796875
0 0.628125 0.27109375 0.02578125 0.17578125
0 0.71953125 0.178125 0.02421875 0.0375
0 0.340625 0.33203125 0.034375 0.225
0 0.4046875 0.25703125 0.03671875 0.075
0 0.56484375 0.2875 0.021875 0.159375