0 0.03515625 0.540625 0.0703125 0.40859375
0 0.10859375 0.48984375 0.09140625 0.3515625
0 0.16015625 0.49140625 0.1125 0.34921875
0 0.25078125 0.50078125 0.121875 0.4046875
0 0.2078125 0.371875 0.034375 0.0671875
0 0.19921875 0.34765625 0.0265625 0.0453125
0 0.284375 0.44765625 0.0453125 0.23046875
0 0.38046875 0.515625 0.11640625 0.4515625
0 0.4421875 0.47421875 0.07109375 0.3421875
0 0.58046875 0.4671875 0.084375 0.30234375
0 0.4109375 0.365625 0.021875 0.03359375
0 0.4 0.35078125 0.01484375 0.025
0 0.4640625 0.378125 0.02265625 0.0640625
0 0.48046875 0.3875 0.02890625 0.103125
0 0.45078125 0.35234375 0.0109375 0.0171875
0 0.4703125 0.35625 0.0140625 0.0328125
0 0.5125 0.378125 0.01015625 0.06328125
0 0.5296875 0.38515625 0.01875 0.08046875
0 0.50546875 0.375 0.009375 0.04296875
0 0.5390625 0.37734375 0.01484375 0.0625
0 0.86875 0.3703125 0.01640625 0.05390625
0 0.8734375 0.3625 0.00859375 0.04375
0 0.85703125 0.36796875 0.01328125 0.0390625
0 0.41953125 0.353125 0.0125 0.0171875
0 0.45703125 0.3421875 0.009375 0.0078125
0 0.55625 0.3609375 0.01796875 0.01328125
0 0.75859375 0.35546875 0.015625 0.0375
0 0.97109375 0.36953125 0.01015625 0.02421875
0 0.99296875 0.3734375 0.0109375 0.025