0 0.1875 0.59375 0.21796875 0.809375
0 0.10625 0.54921875 0.14765625 0.759375
0 0.3171875 0.56328125 0.171875 0.6390625
0 0.3890625 0.51171875 0.09921875 0.59765625
0 0.4359375 0.4765625 0.08984375 0.51875
0 0.56484375 0.48515625 0.11484375 0.534375
0 0.5640625 0.4265625 0.1046875 0.41640625
0 0.67578125 0.4828125 0.11484375 0.54453125
0 0.7265625 0.4640625 0.06796875 0.4328125
0 0.63984375 0.40546875 0.053125 0.38046875
0 0.78046875 0.4 0.05703125 0.3109375
0 0.771875 0.35390625 0.06328125 0.196875
0 0.840625 0.42578125 0.13984375 0.38671875
0 0.8890625 0.41328125 0.05703125 0.34765625
0 0.93203125 0.33984375 0.096875 0.21796875
0 0.9453125 0.603125 0.1078125 0.79140625
0 0.984375 0.22421875 0.02890625 0.0859375
0 0.62890625 0.396875 0.0703125 0.38671875
0 0.85859375 0.8828125 0.1203125 0.2328125