0 0.08203125 0.37578125 0.01171875 0.03046875
0 0.096875 0.378125 0.0109375 0.02578125
0 0.11328125 0.36953125 0.01796875 0.0484375
0 0.17265625 0.37265625 0.01796875 0.05
0 0.1890625 0.38359375 0.015625 0.028125
0 0.225 0.37734375 0.0109375 0.0453125
0 0.40078125 0.3484375 0.01640625 0.05859375
0 0.44296875 0.33125 0.015625 0.05
0 0.496875 0.2984375 0.0203125 0.06484375
0 0.52734375 0.3109375 0.0078125 0.02265625
0 0.61171875 0.27890625 0.01484375 0.05546875
0 0.63203125 0.271875 0.0203125 0.05625
0 0.7921875 0.20859375 0.03359375 0.0703125
0 0.94453125 0.0921875 0.02890625 0.06875
0 0.98125 0.12109375 0.0359375 0.1171875
0 0.04609375 0.53984375 0.03046875 0.0984375
0 0.04375 0.49296875 0.0140625 0.03046875
0 0.06640625 0.5296875 0.028125 0.1078125
0 0.0921875 0.58125 0.0703125 0.1875
0 0.11328125 0.5234375 0.0234375 0.09921875
0 0.13203125 0.5109375 0.0140625 0.0578125
0 0.14140625 0.50234375 0.0203125 0.053125
0 0.15625 0.584375 0.05 0.18125
0 0.1765625 0.59375 0.02109375 0.08671875
0 0.15625 0.571875 0.05 0.159375
0 0.16953125 0.51640625 0.02734375 0.053125
0 0.140625 0.5828125 0.0203125 0.12734375
0 0.18359375 0.54609375 0.01796875 0.1109375
0 0.20078125 0.55703125 0.03671875 0.16015625
0 0.2171875 0.49140625 0.0109375 0.01484375
0 0.2296875 0.540625 0.03203125 0.1015625
0 0.26953125 0.61015625 0.059375 0.26953125
0 0.28125 0.4984375 0.01875 0.02578125
0 0.303125 0.590625 0.05390625 0.2171875
0 0.32421875 0.56640625 0.03125 0.14921875
0 0.371875 0.51171875 0.01171875 0.05
0 0.421875 0.50390625 0.0140625 0.04609375
0 0.43671875 0.49765625 0.0140625 0.025
0 0.52578125 0.74453125 0.178125 0.50859375
0 0.4796875 0.5046875 0.02109375 0.0328125
0 0.6078125 0.5203125 0.0140625 0.07421875
0 0.61796875 0.50625 0.02265625 0.02734375
0 0.63046875 0.5234375 0.0140625 0.0703125
0 0.6328125 0.52578125 0.0359375 0.06796875
0 0.7109375 0.53515625 0.01953125 0.0765625
0 0.76875 0.528125 0.0265625 0.08984375
0 0.79609375 0.51875 0.01953125 0.03984375
0 0.81953125 0.6125 0.07890625 0.22890625
0 0.87578125 0.60234375 0.06640625 0.240625
0 0.95546875 0.68203125 0.0875 0.4578125
0 0.06796875 0.37890625 0.01484375 0.01875
0 0.0890625 0.38359375 0.00703125 0.01171875
0 0.10859375 0.38125 0.01171875 0.015625
0 0.21484375 0.3828125 0.009375 0.03125
0 0.29765625 0.39375 0.0265625 0.02421875
0 0.41640625 0.2984375 0.03984375 0.046875
0 0.43046875 0.34140625 0.01484375 0.040625
0 0.5109375 0.3125 0.015625 0.02734375
0 0.01484375 0.68046875 0.02890625 0.23984375
0 0.01484375 0.51640625 0.0296875 0.0859375
0 0.16875 0.49375 0.04765625 0.02734375
0 0.04765625 0.51328125 0.028125 0.0796875
0 0.1 0.484375 0.0578125 0.02109375
0 0.1375 0.48359375 0.015625 0.01640625
0 0.33671875 0.4859375 0.03125 0.0390625
0 0.3390625 0.52890625 0.0265625 0.03984375
0 0.46171875 0.50703125 0.02578125 0.03046875
0 0.59609375 0.52421875 0.01640625 0.04921875
0 0.69375 0.51328125 0.01796875 0.03046875
0 0.81875 0.47890625 0.04921875 0.0890625
0 0.8859375 0.44453125 0.034375 0.0375
0 0.95234375 0.5546875 0.0234375 0.0421875
0 0.12734375 0.43671875 0.00859375 0.02421875