0 0.11875 0.44453125 0.009375 0.00546875
0 0.125 0.4484375 0.009375 0.01328125
0 0.11640625 0.45078125 0.01015625 0.0109375
0 0.18671875 0.48828125 0.01640625 0.02265625
0 0.26796875 0.490625 0.0140625 0.02109375
0 0.20703125 0.51328125 0.03125 0.01875
0 0.28828125 0.48515625 0.01484375 0.0140625
0 0.3078125 0.5015625 0.02421875 0.025
0 0.3453125 0.5046875 0.0234375 0.04453125
0 0.375 0.509375 0.0265625 0.053125
0 0.39296875 0.51015625 0.0265625 0.06015625
0 0.41015625 0.51484375 0.03203125 0.059375
0 0.4265625 0.5078125 0.0171875 0.04609375
0 0.41484375 0.48984375 0.01640625 0.0171875
0 0.43828125 0.5046875 0.02890625 0.05078125
0 0.45 0.51328125 0.04296875 0.0609375
0 0.47890625 0.4890625 0.0171875 0.01640625
0 0.4859375 0.51484375 0.03203125 0.0640625
0 0.5 0.49140625 0.01171875 0.02265625
0 0.50546875 0.4953125 0.0171875 0.03359375
0 0.53984375 0.49453125 0.03125 0.02734375
0 0.56484375 0.5015625 0.03671875 0.0296875
0 0.53515625 0.53671875 0.05234375 0.08203125
0 0.5734375 0.540625 0.04765625 0.065625
0 0.590625 0.515625 0.0359375 0.01796875
0 0.55859375 0.484375 0.0140625 0.0171875
0 0.57578125 0.48828125 0.01484375 0.0140625
0 0.590625 0.496875 0.0171875 0.03203125
0 0.60390625 0.496875 0.01875 0.03515625
0 0.61953125 0.4890625 0.0171875 0.01640625
0 0.62109375 0.4921875 0.01875 0.02109375
0 0.6296875 0.4890625 0.0125 0.01328125
0 0.6296875 0.503125 0.040625 0.034375
0 0.67578125 0.51953125 0.04609375 0.07890625
0 0.646875 0.48828125 0.0171875 0.01640625
0 0.65 0.50234375 0.01640625 0.02890625
0 0.6859375 0.50234375 0.02109375 0.04140625
0 0.69453125 0.4953125 0.0171875 0.02890625
0 0.7109375 0.48984375 0.01484375 0.02109375
0 0.71796875 0.49375 0.0265625 0.0328125
0 0.70703125 0.52890625 0.03125 0.059375
0 0.7390625 0.48828125 0.02578125 0.0203125
0 0.75625 0.53203125 0.06484375 0.11328125
0 0.790625 0.4953125 0.03203125 0.04453125
0 0.7734375 0.53671875 0.0234375 0.06015625
0 0.80546875 0.52734375 0.05 0.078125
0 0.83203125 0.49375 0.02890625 0.021875
0 0.83046875 0.51796875 0.021875 0.05078125
0 0.84921875 0.5171875 0.02890625 0.0515625
0 0.8625 0.5078125 0.01875 0.05078125
0 0.875 0.51171875 0.03203125 0.059375
0 0.87265625 0.50859375 0.0296875 0.053125
0 0.88125 0.509375 0.02109375 0.05234375
0 0.89453125 0.5125 0.0234375 0.04609375
0 0.89296875 0.515625 0.021875 0.03984375
0 0.921875 0.5015625 0.040625 0.02421875
0 0.95234375 0.51875 0.021875 0.04375
0 0.9640625 0.50859375 0.01875 0.021875
0 0.98828125 0.4953125 0.02109375 0.02265625
0 0.98046875 0.60078125 0.03671875 0.1953125
0 0.11640625 0.5140625 0.0171875 0.0265625
0 0.20625 0.4875 0.0125 0.01875
0 0.24296875 0.4828125 0.040625 0.01328125
0 0.153125 0.50625 0.021875 0.009375
0 0.05859375 0.48515625 0.0265625 0.01328125
0 0.27578125 0.4828125 0.01484375 0.015625
0 0.31640625 0.48515625 0.053125 0.0234375
0 0.359375 0.4890625 0.01484375 0.02421875
0 0.3484375 0.48125 0.01015625 0.00703125
0 0.37890625 0.484375 0.02578125 0.0171875
0 0.41015625 0.48046875 0.03125 0.01015625
0 0.45625 0.4796875 0.01171875 0.0078125
0 0.46953125 0.49375 0.0171875 0.03203125
0 0.4328125 0.48671875 0.0078125 0.00625
0 0.525 0.4859375 0.021875 0.0171875
0 0.5484375 0.48515625 0.01171875 0.01328125
0 0.56328125 0.5078125 0.0171875 0.00546875
0 0.678125 0.484375 0.0078125 0.01015625
0 0.7296875 0.48515625 0.01875 0.00859375
0 0.809375 0.48984375 0.0140625 0.01328125
0 0.99296875 0.50390625 0.01171875 0.009375
0 0.76875 0.49140625 0.01484375 0.00859375
0 0.13359375 0.51875 0.0171875 0.0203125