0 0.025 0.40703125 0.05 0.36875
0 0.08984375 0.453125 0.11171875 0.64453125
0 0.153125 0.4921875 0.128125 0.73125
0 0.26953125 0.5328125 0.2140625 0.884375
0 0.36953125 0.31953125 0.04296875 0.1625
0 0.42421875 0.5375 0.11953125 0.69375
0 0.45625 0.184375 0.040625 0.07734375
0 0.44375 0.153125 0.03671875 0.0984375
0 0.5828125 0.26640625 0.05625 0.2265625
0 0.53828125 0.51796875 0.22421875 0.86171875
0 0.55078125 0.1265625 0.0328125 0.10625
0 0.57734375 0.140625 0.05546875 0.13046875
0 0.65 0.5125 0.0953125 0.63125
0 0.69453125 0.1546875 0.02734375 0.07578125
0 0.7140625 0.23828125 0.0921875 0.1890625
0 0.796875 0.540625 0.225 0.82421875
0 0.89140625 0.24765625 0.03671875 0.13203125
0 0.9203125 0.44765625 0.08203125 0.43515625
0 0.96328125 0.41484375 0.0640625 0.42890625
0 0.0234375 0.2203125 0.046875 0.08515625
0 0.203125 0.20625 0.03359375 0.053125
0 0.17578125 0.67265625 0.040625 0.23828125
0 0.32734375 0.1875 0.096875 0.10234375
0 0.396875 0.20390625 0.0390625 0.11328125
0 0.62421875 0.1984375 0.0390625 0.090625
0 0.76875 0.21796875 0.040625 0.0625
0 0.9890625 0.41875 0.01875 0.46328125
0 0.946875 0.22421875 0.03671875 0.13828125