0 0.03359375 0.58359375 0.0671875 0.2421875
0 0.04765625 0.4828125 0.0703125 0.171875
0 0.10390625 0.48046875 0.05625 0.140625
0 0.15 0.49765625 0.075 0.11953125
0 0.1375 0.59296875 0.1390625 0.14375
0 0.16171875 0.78203125 0.21875 0.25625
0 0.16640625 0.78203125 0.2109375 0.253125
0 0.34453125 0.8265625 0.13359375 0.165625
0 0.40546875 0.7328125 0.14921875 0.3484375
0 0.46640625 0.734375 0.11953125 0.3421875
0 0.325 0.6453125 0.13046875 0.3265625
0 0.30390625 0.5265625 0.0671875 0.11796875
0 0.3984375 0.52578125 0.06484375 0.12578125
0 0.26953125 0.565625 0.06796875 0.265625
0 0.2171875 0.52734375 0.05859375 0.18984375
0 0.2078125 0.5046875 0.04296875 0.14453125
0 0.31171875 0.4546875 0.05 0.08515625
0 0.28046875 0.4046875 0.03125 0.046875
0 0.3578125 0.46953125 0.0328125 0.0390625
0 0.34375 0.4515625 0.03515625 0.0734375
0 0.378125 0.4453125 0.0375 0.08359375
0 0.3671875 0.41875 0.01953125 0.05
0 0.3578125 0.41015625 0.01640625 0.02734375
0 0.3875 0.4234375 0.02578125 0.0515625
0 0.41484375 0.4109375 0.02578125 0.03671875
0 0.4171875 0.540625 0.0328125 0.2125
0 0.471875 0.5078125 0.07109375 0.165625
0 0.48203125 0.51875 0.04140625 0.11015625
0 0.41328125 0.4265625 0.0234375 0.03125
0 0.44140625 0.4578125 0.03046875 0.11796875
0 0.4671875 0.45078125 0.025 0.04921875
0 0.525 0.46171875 0.02578125 0.0734375
0 0.42890625 0.43203125 0.01875 0.0828125
0 0.4375 0.38828125 0.02734375 0.01875