0 0.02578125 0.184375 0.0515625 0.13984375
0 0.0765625 0.5609375 0.15234375 0.875
0 0.12421875 0.2 0.04375 0.134375
0 0.14609375 0.45546875 0.0828125 0.6078125
0 0.2671875 0.4328125 0.0609375 0.5515625
0 0.20859375 0.55234375 0.16953125 0.89140625
0 0.325 0.54453125 0.1109375 0.4953125
0 0.371875 0.553125 0.16015625 0.64296875
0 0.44453125 0.2671875 0.053125 0.1796875
0 0.49921875 0.290625 0.1171875 0.22265625
0 0.475 0.57109375 0.1375 0.68984375
0 0.4859375 0.6765625 0.1140625 0.53828125
0 0.5859375 0.4921875 0.11171875 0.4953125
0 0.5984375 0.3171875 0.10625 0.3046875
0 0.66328125 0.33203125 0.06328125 0.3125
0 0.7125 0.29609375 0.06171875 0.26328125
0 0.72890625 0.3109375 0.06953125 0.18515625
0 0.73828125 0.37734375 0.08203125 0.26171875
0 0.80078125 0.6015625 0.16171875 0.69921875
0 0.86796875 0.4296875 0.08515625 0.34375
0 0.87578125 0.3015625 0.05625 0.13984375
0 0.8421875 0.24296875 0.04921875 0.08203125
0 0.97265625 0.49609375 0.053125 0.51015625
0 0.9328125 0.44453125 0.06796875 0.3140625
0 0.90625 0.33671875 0.02734375 0.06015625
0 0.88203125 0.290625 0.02421875 0.05078125
0 0.9078125 0.28125 0.0203125 0.0578125
0 0.1484375 0.23671875 0.0875 0.1890625
0 0.2359375 0.20546875 0.03515625 0.08203125
0 0.01484375 0.24453125 0.0296875 0.0671875
0 0.925 0.2890625 0.10234375 0.06953125