0 0.484375 0.6453125 0.21484375 0.64609375
0 0.62421875 0.7 0.103125 0.36171875
0 0.58828125 0.6171875 0.0625 0.3859375
0 0.66484375 0.60703125 0.08046875 0.396875
0 0.69765625 0.60078125 0.140625 0.56953125
0 0.77109375 0.60390625 0.040625 0.21328125
0 0.8046875 0.59765625 0.05078125 0.2234375
0 0.84140625 0.56953125 0.0328125 0.13359375
0 0.8625 0.575 0.0390625 0.1484375
0 0.89609375 0.57734375 0.0453125 0.15859375
0 0.9234375 0.56640625 0.03359375 0.10234375
0 0.98125 0.5625 0.02578125 0.12734375
0 0.8296875 0.56953125 0.0171875 0.0921875
0 0.39609375 0.575 0.04453125 0.13984375
0 0.38515625 0.5390625 0.0140625 0.03125
0 0.375 0.590625 0.01640625 0.13203125
0 0.3609375 0.59375 0.03046875 0.13046875
0 0.33984375 0.59375 0.01796875 0.12890625
0 0.33984375 0.59453125 0.02109375 0.12421875
0 0.3265625 0.609375 0.03984375 0.1703125
0 0.28203125 0.634375 0.06953125 0.234375
0 0.25625 0.628125 0.05703125 0.24765625
0 0.24296875 0.6109375 0.03515625 0.15546875
0 0.20703125 0.634375 0.06015625 0.278125
0 0.1828125 0.66875 0.0265625 0.2109375
0 0.15078125 0.63515625 0.06796875 0.27890625
0 0.12734375 0.6140625 0.021875 0.14609375
0 0.0890625 0.6359375 0.05625 0.2109375
0 0.053125 0.5875 0.02265625 0.11796875
0 0.03125 0.578125 0.02265625 0.03046875
0 0.06328125 0.5609375 0.0078125 0.01953125
0 0.88515625 0.575 0.0203125 0.11015625
0 0.9515625 0.56953125 0.0328125 0.0921875
0 0.1328125 0.534375 0.0109375 0.01484375
0 0.015625 0.60859375 0.021875 0.0734375
0 0.8203125 0.18125 0.07578125 0.1125