0 0.08046875 0.54375 0.046875 0.05234375
0 0.11015625 0.5390625 0.01640625 0.04296875
0 0.1296875 0.5359375 0.0171875 0.0296875
0 0.1484375 0.52890625 0.01875 0.015625
0 0.05703125 0.71953125 0.11328125 0.47734375
0 0.22109375 0.73125 0.153125 0.446875
0 0.3734375 0.7421875 0.2265625 0.5140625
0 0.54140625 0.60078125 0.07734375 0.18125
0 0.6171875 0.7125 0.19375 0.4671875
0 0.4609375 0.75859375 0.334375 0.4796875
0 0.6796875 0.5375 0.02734375 0.0421875
0 0.7171875 0.565625 0.0421875 0.08984375
0 0.7546875 0.5265625 0.0265625 0.0265625
0 0.7625 0.540625 0.05 0.040625
0 0.79296875 0.55234375 0.034375 0.05703125
0 0.7421875 0.71640625 0.11640625 0.34375
0 0.7671875 0.72578125 0.18203125 0.42109375
0 0.8875 0.70703125 0.1796875 0.378125
0 0.0109375 0.53203125 0.021875 0.03828125
0 0.09765625 0.534375 0.015625 0.03671875
0 0.11875 0.54140625 0.015625 0.03359375
0 0.59375 0.525 0.021875 0.025
0 0.65546875 0.5359375 0.021875 0.028125
0 0.70078125 0.5421875 0.01875 0.03125
0 0.9828125 0.78984375 0.03125 0.4171875
0 0.8875 0.88125 0.15546875 0.2359375