0 0.1984375 0.61015625 0.28046875 0.59921875
0 0.2390625 0.55703125 0.42734375 0.69765625
0 0.5265625 0.68828125 0.24609375 0.62265625
0 0.503125 0.34765625 0.1765625 0.3203125
0 0.75234375 0.6328125 0.29140625 0.73359375
0 0.6921875 0.24140625 0.2109375 0.2375
0 0.865625 0.56875 0.2671875 0.8609375
0 0.95859375 0.39921875 0.08125 0.5875
0 0.440625 0.18984375 0.071875 0.1125
0 0.5421875 0.28203125 0.1578125 0.2578125
0 0.61171875 0.2015625 0.0546875 0.184375
0 0.66015625 0.1109375 0.075 0.12578125
0 0.7859375 0.1078125 0.06953125 0.10859375
0 0.134375 0.31796875 0.2671875 0.30703125
0 0.3203125 0.23359375 0.10546875 0.0953125
0 0.5703125 0.19765625 0.05078125 0.04921875
0 0.41640625 0.190625 0.0203125 0.01640625
0 0.80703125 0.06875 0.38515625 0.1375
0 0.88125 0.17109375 0.1015625 0.05390625