0 0.99453125 0.5546875 0.01015625 0.07109375
0 0.93359375 0.6328125 0.05078125 0.2078125
0 0.67265625 0.59765625 0.01328125 0.03203125
0 0.66328125 0.6328125 0.03515625 0.09921875
0 0.6125 0.6609375 0.03828125 0.14140625
0 0.58046875 0.696875 0.109375 0.30390625
0 0.5453125 0.7359375 0.03828125 0.153125
0 0.5 0.7328125 0.06875 0.1609375
0 0.42265625 0.67109375 0.05546875 0.140625
0 0.37265625 0.6640625 0.04921875 0.14140625
0 0.321875 0.653125 0.04609375 0.10625
0 0.2953125 0.66953125 0.0546875 0.14921875
0 0.23828125 0.6859375 0.1140625 0.2734375
0 0.19375 0.7 0.11875 0.30859375
0 0.2078125 0.6921875 0.08671875 0.2890625
0 0.175 0.65078125 0.025 0.10625
0 0.0515625 0.66640625 0.05625 0.1328125
0 0.72421875 0.7125 0.12734375 0.3859375
0 0.84765625 0.33125 0.05703125 0.05234375
0 0.83515625 0.584375 0.01796875 0.05
0 0.3078125 0.59375 0.0875 0.0890625
0 0.178125 0.60703125 0.01640625 0.02890625
0 0.0859375 0.66953125 0.00703125 0.05625
0 0.075 0.61796875 0.03671875 0.04921875
0 0.74453125 0.57734375 0.0171875 0.0390625
0 0.91640625 0.5515625 0.00859375 0.0203125
0 0.98515625 0.54609375 0.0140625 0.0359375