0 0.19921875 0.396875 0.1640625 0.7859375
0 0.2234375 0.45390625 0.21015625 0.81953125
0 0.2 0.1671875 0.15625 0.334375
0 0.36875 0.40546875 0.1890625 0.8109375
0 0.47265625 0.35234375 0.128125 0.70390625
0 0.6703125 0.5390625 0.34921875 0.91953125
0 0.6265625 0.3765625 0.140625 0.753125
0 0.71171875 0.3875 0.0921875 0.51953125
0 0.828125 0.44765625 0.21015625 0.7234375
0 0.934375 0.49296875 0.13046875 0.753125
0 0.8890625 0.24140625 0.08203125 0.23359375
0 0.71796875 0.2 0.140625 0.4
0 0.5578125 0.271875 0.06640625 0.40859375
0 0.43046875 0.121875 0.03125 0.109375
0 0.29921875 0.11875 0.1015625 0.2375
0 0.171875 0.0796875 0.1078125 0.159375