0 0.096875 0.27265625 0.01015625 0.00625
0 0.10703125 0.28359375 0.01640625 0.02265625
0 0.11953125 0.284375 0.01640625 0.02265625
0 0.00859375 0.31484375 0.0171875 0.03046875
0 0.00625 0.35234375 0.0125 0.0265625
0 0.04921875 0.3375 0.0171875 0.02890625
0 0.06796875 0.33203125 0.0203125 0.0328125
0 0.084375 0.33359375 0.01953125 0.03046875
0 0.0796875 0.3 0.0171875 0.028125
0 0.10078125 0.3015625 0.01640625 0.021875
0 0.11171875 0.31328125 0.0203125 0.02890625
0 0.13125 0.30234375 0.01484375 0.025
0 0.1390625 0.30859375 0.01875 0.0265625
0 0.1484375 0.3015625 0.0140625 0.02109375
0 0.115625 0.33046875 0.0171875 0.0296875
0 0.10234375 0.328125 0.0203125 0.03203125
0 0.17578125 0.321875 0.0203125 0.028125
0 0.19453125 0.3421875 0.01953125 0.03515625
0 0.175 0.34375 0.02265625 0.03203125
0 0.1671875 0.33984375 0.01953125 0.03203125
0 0.153125 0.340625 0.021875 0.03203125
0 0.15078125 0.3515625 0.02421875 0.0359375
0 0.1125 0.3765625 0.02265625 0.03515625
0 0.0953125 0.378125 0.01875 0.0390625
0 0.0640625 0.4234375 0.02890625 0.0453125
0 0.03359375 0.42734375 0.03203125 0.05234375
0 0.04453125 0.4109375 0.0171875 0.0140625
0 0.14765625 0.4265625 0.04453125 0.03515625
0 0.14921875 0.38203125 0.0265625 0.03828125
0 0.171875 0.38125 0.0265625 0.03984375
0 0.18515625 0.371875 0.025 0.0390625
0 0.2140625 0.3703125 0.02421875 0.040625
0 0.28671875 0.38828125 0.02421875 0.040625
0 0.30703125 0.3859375 0.025 0.0421875
0 0.175 0.41875 0.0265625 0.04609375
0 0.19609375 0.4328125 0.0265625 0.05234375
0 0.22421875 0.43125 0.034375 0.05078125
0 0.253125 0.4265625 0.03125 0.0515625
0 0.28125 0.428125 0.0359375 0.05546875
0 0.3296875 0.4421875 0.0265625 0.0484375
0 0.3671875 0.43359375 0.03125 0.04453125
0 0.37109375 0.42734375 0.02734375 0.04765625
0 0.40078125 0.428125 0.02890625 0.0484375
0 0.4171875 0.46796875 0.03203125 0.04921875
0 0.384375 0.47578125 0.03359375 0.05234375
0 0.440625 0.51328125 0.03984375 0.06875
0 0.40546875 0.5046875 0.03359375 0.06328125
0 0.371875 0.51875 0.03828125 0.06796875
0 0.36953125 0.48125 0.02421875 0.02265625
0 0.34453125 0.51015625 0.03984375 0.06796875
0 0.31796875 0.51875 0.03359375 0.0609375
0 0.31796875 0.4828125 0.0359375 0.028125
0 0.1953125 0.540625 0.04140625 0.06796875
0 0.1515625 0.5515625 0.04609375 0.0765625
0 0.11875 0.55546875 0.04609375 0.071875
0 0.31640625 0.6203125 0.05390625 0.07734375
0 0.26796875 0.61484375 0.04609375 0.0796875
0 0.303125 0.58984375 0.03671875 0.0546875
0 0.4375 0.5796875 0.065625 0.07265625
0 0.453125 0.57109375 0.03671875 0.06171875
0 0.48828125 0.54140625 0.03828125 0.065625
0 0.5234375 0.5375 0.0515625 0.0640625
0 0.7203125 0.4546875 0.02734375 0.05546875
0 0.6578125 0.4578125 0.02265625 0.053125
0 0.665625 0.44921875 0.0203125 0.04453125
0 0.65546875 0.4296875 0.025 0.02734375
0 0.628125 0.44296875 0.03125 0.05
0 0.60234375 0.4453125 0.01875 0.02421875
0 0.59140625 0.46171875 0.02421875 0.04140625
0 0.6078125 0.4765625 0.02421875 0.046875
0 0.6046875 0.47421875 0.0203125 0.04140625
0 0.63671875 0.48515625 0.0390625 0.059375
0 0.65625 0.5125 0.0390625 0.0546875
0 0.6015625 0.51328125 0.03984375 0.0578125
0 0.984375 0.7203125 0.02890625 0.08359375
0 0.9921875 0.71796875 0.0125 0.08984375
0 0.9828125 0.6515625 0.03203125 0.06640625
0 0.64140625 0.87890625 0.09921875 0.11328125
0 0.578125 0.84921875 0.0734375 0.11953125
0 0.4765625 0.88359375 0.0609375 0.10078125
0 0.43984375 0.82734375 0.06875 0.08984375
0 0.503125 0.825 0.06640625 0.0984375
0 0.60078125 0.7625 0.05859375 0.06484375
0 0.5703125 0.7734375 0.0578125 0.084375
0 0.5328125 0.721875 0.04921875 0.0375
0 0.04609375 0.25 0.08984375 0.06640625
0 0.15625 0.31640625 0.02734375 0.01640625
0 0.3203125 0.30703125 0.01171875 0.01015625
0 0.98125 0.59609375 0.0359375 0.0484375
0 0.96484375 0.91796875 0.06796875 0.03984375
0 0.4765625 0.92734375 0.0421875 0.0265625
0 0.5359375 0.9234375 0.0484375 0.02578125
0 0.61796875 0.68671875 0.0421875 0.02890625