0 0.01328125 0.821875 0.0265625 0.27890625
0 0.06953125 0.86328125 0.07109375 0.27109375
0 0.078125 0.8625 0.09375 0.27265625
0 0.153125 0.74453125 0.034375 0.1234375
0 0.1625 0.83828125 0.06328125 0.28828125
0 0.20859375 0.81953125 0.065625 0.28359375
0 0.23359375 0.79140625 0.0296875 0.14453125
0 0.28671875 0.778125 0.06953125 0.1359375
0 0.3390625 0.86875 0.10234375 0.259375
0 0.3828125 0.88828125 0.0390625 0.21953125
0 0.42421875 0.853125 0.05390625 0.21328125
0 0.4578125 0.83515625 0.034375 0.23359375
0 0.4734375 0.85078125 0.05546875 0.1984375
0 0.2484375 0.91015625 0.15703125 0.1765625
0 0.503125 0.88671875 0.190625 0.22265625
0 0.5484375 0.85390625 0.03515625 0.16953125
0 0.61953125 0.8875 0.08515625 0.22109375
0 0.7 0.88359375 0.065625 0.22890625
0 0.70234375 0.87421875 0.08125 0.2484375
0 0.72578125 0.8 0.0515625 0.14765625
0 0.8375 0.8671875 0.18046875 0.2625
0 0.8453125 0.8265625 0.0984375 0.27265625
0 0.8671875 0.76796875 0.0234375 0.0609375
0 0.9 0.8203125 0.02734375 0.1125
0 0.9703125 0.82265625 0.0578125 0.35078125
0 0.95390625 0.853125 0.07421875 0.28984375
0 0.85234375 0.67109375 0.01171875 0.04140625
0 0.84296875 0.66796875 0.015625 0.04453125
0 0.3625 0.84765625 0.03515625 0.09296875
0 0.32109375 0.76328125 0.0484375 0.071875
0 0.7625 0.7453125 0.07109375 0.0671875
0 0.92890625 0.74375 0.04765625 0.09921875
0 0.89453125 0.8828125 0.0875 0.1890625
0 0.93359375 0.66953125 0.0296875 0.0484375
0 0.871875 0.675 0.0328125 0.03828125
0 0.75859375 0.66328125 0.071875 0.02890625
0 0.69140625 0.66328125 0.02734375 0.01953125
0 0.65234375 0.7671875 0.03125 0.03359375
0 0.58046875 0.76640625 0.0109375 0.02578125
0 0.134375 0.8921875 0.05546875 0.16796875