0 0.2421875 0.8375 0.03984375 0.11875
0 0.2890625 0.46484375 0.01484375 0.04140625
0 0.3984375 0.4734375 0.0140625 0.04453125
0 0.421875 0.48828125 0.0203125 0.03046875
0 0.43125 0.471875 0.00859375 0.0359375
0 0.4609375 0.49296875 0.01796875 0.02890625
0 0.47578125 0.490625 0.01015625 0.0359375
0 0.4984375 0.46328125 0.0078125 0.0265625
0 0.5015625 0.4859375 0.0171875 0.05234375
0 0.49453125 0.4921875 0.00859375 0.03515625
0 0.52109375 0.48125 0.01328125 0.0421875
0 0.5421875 0.50625 0.0125 0.06015625
0 0.5921875 0.4921875 0.0234375 0.0515625
0 0.60625 0.496875 0.02109375 0.04296875
0 0.61328125 0.5015625 0.02578125 0.03984375
0 0.6453125 0.49375 0.02578125 0.04296875
0 0.675 0.515625 0.02109375 0.08828125
0 0.7125 0.53125 0.03125 0.1328125
0 0.921875 0.52578125 0.06171875 0.04296875
0 0.89140625 0.5125 0.0140625 0.0265625
0 0.884375 0.5140625 0.02734375 0.09140625
0 0.625 0.4671875 0.0109375 0.04296875
0 0.675 0.5078125 0.021875 0.075
0 0.5984375 0.484375 0.009375 0.0171875
0 0.65625 0.5015625 0.015625 0.04453125
0 0.66796875 0.49765625 0.0140625 0.05234375
0 0.62578125 0.48203125 0.01171875 0.0171875
0 0.6296875 0.4890625 0.00859375 0.01953125
0 0.22578125 0.8765625 0.04296875 0.04375
0 0.34453125 0.465625 0.00703125 0.02265625
0 0.41328125 0.47578125 0.00859375 0.05234375
0 0.4015625 0.49765625 0.0109375 0.00625
0 0.47734375 0.49609375 0.00625 0.03046875
0 0.490625 0.4875 0.0046875 0.0078125
0 0.4453125 0.48984375 0.0078125 0.03046875
0 0.56953125 0.50625 0.01484375 0.0671875
0 0.65859375 0.4609375 0.0171875 0.02265625
0 0.54609375 0.51953125 0.0078125 0.034375