0 0.25078125 0.584375 0.153125 0.60859375
0 0.3875 0.63046875 0.1234375 0.5234375
0 0.4734375 0.6046875 0.09140625 0.4375
0 0.51640625 0.6109375 0.05859375 0.3640625
0 0.609375 0.59140625 0.09921875 0.39140625
0 0.559375 0.596875 0.040625 0.28125
0 0.63984375 0.58515625 0.03046875 0.2671875
0 0.65625 0.6015625 0.0296875 0.23984375
0 0.69609375 0.60546875 0.0734375 0.31796875
0 0.6875 0.58984375 0.0734375 0.31171875
0 0.7515625 0.5828125 0.06484375 0.25625
0 0.77265625 0.5796875 0.04453125 0.259375
0 0.80078125 0.5765625 0.05234375 0.22421875
0 0.8640625 0.55546875 0.06796875 0.21484375
0 0.53046875 0.571875 0.0421875 0.3421875
0 0.3515625 0.490625 0.0609375 0.1890625
0 0.34609375 0.6890625 0.03203125 0.21484375
0 0.29140625 0.61875 0.059375 0.23515625
0 0.75 0.48046875 0.07890625 0.05703125
0 0.1765625 0.8109375 0.353125 0.15234375
0 0.6140625 0.4625 0.0640625 0.04140625