0 0.57109375 0.09375 0.0640625 0.1875
0 0.49296875 0.0890625 0.0625 0.17734375
0 0.5140625 0.17109375 0.07109375 0.28671875
0 0.40625 0.16875 0.065625 0.30703125
0 0.33125 0.203125 0.0703125 0.28671875
0 0.22578125 0.39453125 0.09765625 0.315625
0 0.125 0.38671875 0.10625 0.29296875
0 0.3875 0.52734375 0.08828125 0.2890625
0 0.353125 0.7015625 0.0828125 0.284375
0 0.47109375 0.69140625 0.1015625 0.36640625
0 0.6828125 0.29609375 0.0921875 0.303125
0 0.48046875 0.4453125 0.0734375 0.25546875
0 0.5609375 0.5390625 0.0796875 0.32265625
0 0.640625 0.54453125 0.0796875 0.3109375
0 0.69609375 0.63203125 0.0859375 0.2171875
0 0.79765625 0.690625 0.0828125 0.33046875
0 0.88203125 0.7890625 0.0796875 0.328125
0 0.68046875 0.91328125 0.0984375 0.171875
0 0.353125 0.9140625 0.090625 0.16953125
0 0.23046875 0.91953125 0.09453125 0.15859375
0 0.51328125 0.62265625 0.065625 0.28515625
0 0.68359375 0.78671875 0.09140625 0.203125