0 0.03359375 0.58671875 0.05703125 0.27109375
0 0.07421875 0.565625 0.06484375 0.29921875
0 0.1203125 0.6875 0.10546875 0.496875
0 0.1953125 0.60234375 0.10546875 0.4484375
0 0.2640625 0.57421875 0.084375 0.3875
0 0.315625 0.61875 0.065625 0.30625
0 0.40234375 0.615625 0.1 0.57109375
0 0.15546875 0.57578125 0.02890625 0.2453125
0 0.30703125 0.4484375 0.0421875 0.0828125
0 0.26875 0.40625 0.04921875 0.065625
0 0.32578125 0.42890625 0.03046875 0.046875
0 0.34296875 0.46484375 0.040625 0.12578125
0 0.346875 0.55390625 0.03515625 0.30625
0 0.340625 0.4171875 0.02109375 0.05078125
0 0.4359375 0.4109375 0.03125 0.05390625
0 0.4609375 0.41484375 0.04140625 0.07421875
0 0.49140625 0.590625 0.11796875 0.5125
0 0.46015625 0.4125 0.03828125 0.06953125
0 0.52734375 0.5828125 0.053125 0.396875
0 0.54609375 0.55703125 0.040625 0.3890625
0 0.5890625 0.6046875 0.10078125 0.5453125
0 0.628125 0.57265625 0.05625 0.35078125
0 0.64375 0.54296875 0.0296875 0.30625
0 0.671875 0.453125 0.04609375 0.16171875
0 0.69296875 0.565625 0.06796875 0.44375
0 0.74609375 0.5921875 0.14375 0.5796875
0 0.79609375 0.56796875 0.03984375 0.39140625
0 0.82421875 0.575 0.09140625 0.5109375
0 0.88125 0.6234375 0.1671875 0.728125
0 0.9609375 0.5609375 0.0765625 0.38984375
0 0.11796875 0.56796875 0.0609375 0.25703125
0 0.16796875 0.44609375 0.0171875 0.02265625
0 0.30625 0.44140625 0.040625 0.06484375
0 0.325 0.4296875 0.03046875 0.0484375
0 0.65859375 0.4234375 0.01640625 0.0203125
0 0.67109375 0.53125 0.040625 0.31328125
0 0.6953125 0.55390625 0.0734375 0.41953125
0 0.79609375 0.534375 0.0328125 0.32421875
0 0.21640625 0.44140625 0.025 0.0203125
0 0.37890625 0.4140625 0.0296875 0.02265625
0 0.5171875 0.3859375 0.0375 0.02734375
0 0.6015625 0.3984375 0.0765625 0.05390625
0 0.81328125 0.73359375 0.05546875 0.046875
0 0.95078125 0.70703125 0.09609375 0.09296875
0 0.96484375 0.4171875 0.015625 0.03046875