0 0.05546875 0.7890625 0.05390625 0.11875
0 0.09296875 0.796875 0.028125 0.0984375
0 0.115625 0.82109375 0.05859375 0.1453125
0 0.1609375 0.76953125 0.0375 0.07109375
0 0.1859375 0.7609375 0.0234375 0.05
0 0.2109375 0.74609375 0.03359375 0.03203125
0 0.2046875 0.82578125 0.0734375 0.15078125
0 0.2421875 0.78359375 0.0234375 0.021875
0 0.26171875 0.79296875 0.02734375 0.0296875
0 0.2328125 0.7625 0.0296875 0.05546875
0 0.23125 0.7375 0.0203125 0.0234375
0 0.26171875 0.759375 0.03359375 0.03359375
0 0.278125 0.75390625 0.0203125 0.0359375
0 0.2921875 0.77109375 0.02578125 0.05859375
0 0.31640625 0.77421875 0.040625 0.08984375
0 0.34140625 0.74921875 0.01796875 0.03359375
0 0.35078125 0.76171875 0.021875 0.05078125
0 0.371875 0.77109375 0.03203125 0.06640625
0 0.38515625 0.7546875 0.015625 0.0453125
0 0.403125 0.7828125 0.04765625 0.09140625
0 0.440625 0.75859375 0.028125 0.06015625
0 0.4640625 0.7421875 0.02109375 0.028125
0 0.49296875 0.75 0.0234375 0.03984375
0 0.48203125 0.79140625 0.065625 0.10625
0 0.51328125 0.7609375 0.02734375 0.05078125
0 0.540625 0.75 0.0171875 0.034375
0 0.55703125 0.74609375 0.01640625 0.0296875
0 0.5546875 0.79765625 0.0453125 0.09765625
0 0.58359375 0.75234375 0.01796875 0.04140625
0 0.603125 0.74296875 0.009375 0.021875
0 0.6109375 0.753125 0.02109375 0.0421875
0 0.62421875 0.74921875 0.01171875 0.03515625
0 0.6296875 0.74921875 0.01171875 0.0359375
0 0.58984375 0.80859375 0.0671875 0.128125
0 0.6484375 0.79765625 0.0640625 0.11328125
0 0.7390625 0.7953125 0.05703125 0.11796875
0 0.79375 0.796875 0.05 0.11328125
0 0.2015625 0.73828125 0.01171875 0.01015625
0 0.253125 0.74296875 0.02890625 0.021875
0 0.28984375 0.75 0.0203125 0.046875
0 0.3203125 0.73828125 0.034375 0.01953125
0 0.325 0.7734375 0.02734375 0.0515625
0 0.365625 0.7359375 0.0265625 0.0171875
0 0.41015625 0.74140625 0.05859375 0.0359375
0 0.45390625 0.72890625 0.03203125 0.0203125
0 0.4765625 0.7359375 0.01484375 0.03359375
0 0.49765625 0.73515625 0.02734375 0.0265625
0 0.50234375 0.76015625 0.01171875 0.025
0 0.525 0.746875 0.03203125 0.0453125
0 0.5484375 0.7375 0.015625 0.02265625
0 0.578125 0.74375 0.0125 0.03203125
0 0.64609375 0.74375 0.0203125 0.03046875
0 0.6671875 0.74375 0.0171875 0.0265625
0 0.64453125 0.65234375 0.0328125 0.04375