0 0.015625 0.77109375 0.03125 0.14296875
0 0.04140625 0.7703125 0.03359375 0.1296875
0 0.06796875 0.7609375 0.04609375 0.13359375
0 0.090625 0.7640625 0.03359375 0.13125
0 0.10703125 0.759375 0.028125 0.1296875
0 0.1921875 0.853125 0.12421875 0.290625
0 0.39140625 0.8359375 0.140625 0.32421875
0 0.46015625 0.83515625 0.059375 0.23671875
0 0.66484375 0.81484375 0.128125 0.36640625
0 0.74921875 0.81796875 0.07890625 0.3609375
0 0.80703125 0.8265625 0.10234375 0.34296875
0 0.79609375 0.678125 0.059375 0.10390625
0 0.8421875 0.71015625 0.03671875 0.0796875
0 0.90390625 0.815625 0.13203125 0.36484375
0 0.94921875 0.79453125 0.096875 0.40703125
0 0.97578125 0.675 0.02265625 0.04609375
0 0.98828125 0.7140625 0.021875 0.1203125
0 0.91171875 0.6796875 0.01640625 0.0484375
0 0.71953125 0.7015625 0.05 0.06328125
0 0.24296875 0.6390625 0.18125 0.1109375
0 0.54375 0.65546875 0.12890625 0.05546875