0 0.1265625 0.6796875 0.1015625 0.33984375
0 0.27734375 0.53671875 0.01171875 0.02265625
0 0.29375 0.5484375 0.015625 0.03046875
0 0.3375 0.66640625 0.0609375 0.2515625
0 0.41796875 0.70390625 0.09609375 0.3140625
0 0.42734375 0.546875 0.01171875 0.03515625
0 0.52578125 0.553125 0.00703125 0.02734375
0 0.5359375 0.55078125 0.01171875 0.02265625
0 0.64453125 0.65078125 0.0671875 0.2390625
0 0.7 0.55390625 0.0109375 0.02578125
0 0.80703125 0.6390625 0.06171875 0.1875
0 0.81171875 0.67109375 0.08203125 0.3125
0 0.8734375 0.7171875 0.0765625 0.3328125
0 0.94765625 0.58203125 0.0203125 0.06015625
0 0.975 0.58515625 0.021875 0.0625
0 0.9875 0.58359375 0.0234375 0.06875
0 0.11484375 0.52734375 0.0203125 0.0453125
0 0.45078125 0.5421875 0.02265625 0.01328125
0 0.77421875 0.55546875 0.015625 0.02734375
0 0.7953125 0.553125 0.0109375 0.01328125
0 0.53125 0.55546875 0.00703125 0.03359375
0 0.953125 0.54765625 0.0078125 0.00859375