0 0.77890625 0.66484375 0.1140625 0.446875
0 0.65703125 0.6671875 0.10859375 0.45390625
0 0.4421875 0.60703125 0.06171875 0.278125
0 0.36640625 0.6234375 0.0546875 0.23671875
0 0.4 0.5328125 0.01640625 0.06171875
0 0.38203125 0.5265625 0.021875 0.0546875
0 0.3375 0.5375 0.021875 0.0875
0 0.30078125 0.6171875 0.07421875 0.15078125
0 0.1171875 0.5078125 0.01171875 0.0421875
0 0.16953125 0.50859375 0.0125 0.03828125
0 0.221875 0.51015625 0.01640625 0.03515625
0 0.234375 0.50859375 0.015625 0.03515625
0 0.24765625 0.5140625 0.0125 0.0328125
0 0.22734375 0.5203125 0.01484375 0.05625
0 0.2609375 0.5109375 0.01484375 0.03984375
0 0.2765625 0.5109375 0.01640625 0.040625
0 0.475 0.5328125 0.01875 0.075
0 0.49765625 0.55859375 0.034375 0.14140625
0 0.54453125 0.559375 0.034375 0.134375
0 0.5859375 0.56484375 0.0328125 0.15390625
0 0.61953125 0.56640625 0.0359375 0.1421875
0 0.69375 0.50546875 0.0140625 0.0296875
0 0.8859375 0.5359375 0.0265625 0.059375
0 0.9078125 0.48984375 0.0109375 0.02421875
0 0.90546875 0.5140625 0.015625 0.03828125
0 0.9265625 0.5140625 0.0125 0.046875
0 0.95625 0.60390625 0.0703125 0.23125
0 0.88203125 0.50703125 0.03828125 0.0265625
0 0.91875 0.50703125 0.0140625 0.04921875
0 0.84375 0.50078125 0.01953125 0.03125
0 0.1078125 0.50078125 0.0078125 0.03125
0 0.60546875 0.515625 0.0171875 0.040625
0 0.4546875 0.50703125 0.00859375 0.0265625
0 0.43125 0.50546875 0.01171875 0.02421875