0 0.8171875 0.50078125 0.0125 0.08828125
0 0.85546875 0.540625 0.07265625 0.3484375
0 0.77890625 0.5328125 0.0828125 0.425
0 0.72890625 0.48203125 0.01640625 0.05546875
0 0.70703125 0.421875 0.0375 0.140625
0 0.675 0.66171875 0.16640625 0.675
0 0.5984375 0.590625 0.06484375 0.46640625
0 0.62265625 0.39453125 0.01953125 0.07578125
0 0.578125 0.4015625 0.03046875 0.08984375
0 0.54296875 0.6625 0.12421875 0.6734375
0 0.4796875 0.37578125 0.06484375 0.11484375
0 0.48671875 0.69453125 0.19375 0.60859375
0 0.41875 0.64375 0.0828125 0.7109375
0 0.31796875 0.6703125 0.178125 0.65703125
0 0.378125 0.4703125 0.08984375 0.2484375
0 0.2484375 0.65625 0.09453125 0.68515625
0 0.1890625 0.6890625 0.10859375 0.61171875
0 0.1125 0.646875 0.225 0.70390625
0 0.7328125 0.4265625 0.03515625 0.06015625
0 0.70546875 0.409375 0.01171875 0.01953125
0 0.57109375 0.40390625 0.028125 0.07421875
0 0.63125 0.38203125 0.01171875 0.04609375
0 0.38671875 0.36171875 0.02734375 0.08984375
0 0.446875 0.390625 0.02578125 0.06171875