0 0.5015625 0.828125 0.04765625 0.165625
0 0.55 0.8234375 0.01953125 0.09140625
0 0.5375 0.821875 0.01640625 0.096875
0 0.4671875 0.83125 0.02421875 0.14296875
0 0.4578125 0.81953125 0.01328125 0.0609375
0 0.4359375 0.8265625 0.0328125 0.15
0 0.4046875 0.83046875 0.0375 0.171875
0 0.3671875 0.8171875 0.02109375 0.1125
0 0.3453125 0.834375 0.03125 0.171875
0 0.2421875 0.81953125 0.02265625 0.10546875
0 0.2515625 0.82421875 0.0140625 0.07109375
0 0.26796875 0.82734375 0.0140625 0.0625
0 0.153125 0.828125 0.028125 0.1234375
0 0.13203125 0.81640625 0.025 0.10859375
0 0.1328125 0.84609375 0.01953125 0.05859375
0 0.52421875 0.815625 0.015625 0.07109375
0 0.421875 0.8109375 0.01171875 0.078125