0 0.27265625 0.746875 0.1 0.15625
0 0.3859375 0.81328125 0.14921875 0.24296875
0 0.50234375 0.80234375 0.15625 0.265625
0 0.51171875 0.69296875 0.01953125 0.0421875
0 0.565625 0.7015625 0.025 0.04375
0 0.59375 0.70546875 0.03359375 0.05234375
0 0.6125 0.69453125 0.0203125 0.03359375
0 0.6921875 0.7078125 0.03671875 0.06015625
0 0.78671875 0.73203125 0.06796875 0.09296875
0 0.86640625 0.73203125 0.0734375 0.10234375
0 0.953125 0.74375 0.07578125 0.1265625
0 0.903125 0.71328125 0.0359375 0.059375
0 0.75703125 0.70625 0.02890625 0.0453125
0 0.7421875 0.7 0.01875 0.03515625
0 0.73125 0.69921875 0.021875 0.03671875
0 0.70859375 0.7015625 0.01484375 0.03515625
0 0.659375 0.7015625 0.02890625 0.04765625
0 0.65 0.7 0.021875 0.0453125
0 0.67265625 0.7015625 0.0265625 0.04296875
0 0.72265625 0.6953125 0.0125 0.03046875
0 0.56640625 0.31640625 0.14921875 0.2890625
0 0.76875 0.5453125 0.06875 0.128125
0 0.83125 0.6046875 0.046875 0.0953125
0 0.8703125 0.67578125 0.01015625 0.0171875
0 0.8375 0.6890625 0.05390625 0.04921875
0 0.7765625 0.6890625 0.05859375 0.02421875
0 0.696875 0.684375 0.0078125 0.00703125
0 0.60234375 0.6765625 0.01171875 0.0078125
0 0.50625 0.67734375 0.01484375 0.00859375
0 0.42109375 0.68671875 0.04453125 0.0296875
0 0.36015625 0.68515625 0.03671875 0.03046875
0 0.19296875 0.6828125 0.0484375 0.04609375
0 0.12734375 0.68125 0.046875 0.0546875
0 0.31640625 0.68515625 0.03984375 0.040625
0 0.68125 0.68515625 0.0171875 0.01015625