0 0.24375 0.5796875 0.2125 0.8375
0 0.346875 0.584375 0.1328125 0.61953125
0 0.45 0.5796875 0.103125 0.46640625
0 0.409375 0.55546875 0.0453125 0.415625
0 0.4953125 0.5296875 0.06953125 0.4203125
0 0.51875 0.521875 0.0484375 0.36328125
0 0.6265625 0.5953125 0.15546875 0.45859375
0 0.66484375 0.471875 0.03046875 0.115625
0 0.70625 0.4828125 0.05625 0.21875
0 0.7453125 0.48125 0.05 0.1734375
0 0.6828125 0.4625 0.015625 0.05234375
0 0.7953125 0.4859375 0.04765625 0.2015625
0 0.83359375 0.525 0.06171875 0.17421875
0 0.8609375 0.4859375 0.0875 0.3265625
0 0.89453125 0.45390625 0.0234375 0.1234375
0 0.90859375 0.45 0.02265625 0.11328125
0 0.93125 0.446875 0.0296875 0.1265625
0 0.96953125 0.46796875 0.059375 0.2484375
0 0.94453125 0.4140625 0.0265625 0.06484375
0 0.0875 0.56328125 0.0765625 0.2203125
0 0.11328125 0.5359375 0.040625 0.196875
0 0.7765625 0.41796875 0.0203125 0.03671875
0 0.9859375 0.40546875 0.0265625 0.0609375
0 0.940625 0.39140625 0.01640625 0.0328125
0 0.3953125 0.65859375 0.03046875 0.12734375
0 0.29453125 0.59375 0.05 0.20546875
0 0.0984375 0.76796875 0.19609375 0.1328125
0 0.65 0.74609375 0.265625 0.22109375
0 0.440625 0.8609375 0.15703125 0.2328125
0 0.14609375 0.084375 0.03046875 0.040625