0 0.07890625 0.5484375 0.1078125 0.28828125
0 0.17421875 0.65859375 0.13359375 0.6796875
0 0.3109375 0.68203125 0.2234375 0.6328125
0 0.4265625 0.5609375 0.1078125 0.44765625
0 0.56796875 0.67421875 0.13359375 0.4984375
0 0.71015625 0.665625 0.2203125 0.64609375
0 0.88671875 0.67578125 0.2234375 0.64453125
0 0.2609375 0.15 0.04609375 0.1125
0 0.5359375 0.45390625 0.0671875 0.23046875
0 0.5859375 0.41796875 0.0984375 0.15390625
0 0.4359375 0.4671875 0.09765625 0.2453125
0 0.86484375 0.21640625 0.02734375 0.08828125
0 0.8421875 0.24375 0.05390625 0.18359375
0 0.80390625 0.19453125 0.03515625 0.14609375
0 0.77734375 0.14921875 0.0296875 0.1515625
0 0.821875 0.140625 0.0359375 0.10078125
0 0.86015625 0.12421875 0.04765625 0.103125
0 0.81875 0.09296875 0.03515625 0.0546875
0 0.8640625 0.29140625 0.0515625 0.121875
0 0.27265625 0.11796875 0.0703125 0.1046875
0 0.5703125 0.14921875 0.39765625 0.22265625
0 0.07421875 0.396875 0.1484375 0.31796875
0 0.584375 0.3953125 0.82890625 0.26953125
0 0.80390625 0.0953125 0.02734375 0.05234375