0 0.959375 0.384375 0.02109375 0.04609375
0 0.96953125 0.5171875 0.04140625 0.309375
0 0.93515625 0.50625 0.0453125 0.3
0 0.92421875 0.365625 0.02265625 0.05546875
0 0.88828125 0.46796875 0.0453125 0.25078125
0 0.8671875 0.50078125 0.05703125 0.2296875
0 0.84921875 0.49765625 0.03671875 0.225
0 0.85234375 0.41953125 0.03125 0.1046875
0 0.834375 0.47421875 0.04375 0.2421875
0 0.7921875 0.4203125 0.05078125 0.13828125
0 0.76953125 0.5515625 0.096875 0.41953125
0 0.6921875 0.55390625 0.0875 0.4203125
0 0.59140625 0.39921875 0.02421875 0.0734375
0 0.62265625 0.5546875 0.11015625 0.4203125
0 0.55234375 0.52421875 0.1109375 0.40234375
0 0.53125 0.58515625 0.1515625 0.43046875
0 0.4984375 0.40078125 0.0296875 0.0390625
0 0.47109375 0.5515625 0.07578125 0.45625
0 0.4375 0.396875 0.03203125 0.059375
0 0.39921875 0.55234375 0.09296875 0.4484375
0 0.36875 0.3953125 0.028125 0.04921875
0 0.334375 0.55234375 0.0703125 0.45078125
0 0.3046875 0.40234375 0.04296875 0.07265625
0 0.26640625 0.55625 0.08515625 0.44375
0 0.2375 0.40078125 0.0359375 0.0671875
0 0.21875 0.40078125 0.01796875 0.0359375
0 0.19453125 0.553125 0.08671875 0.446875
0 0.15859375 0.41484375 0.0328125 0.0765625
0 0.10234375 0.56640625 0.1078125 0.42578125
0 0.0796875 0.45625 0.04609375 0.1890625
0 0.040625 0.53828125 0.06484375 0.31953125
0 0.01171875 0.51875 0.0234375 0.2625
0 0.984375 0.6453125 0.02890625 0.08515625
0 0.9609375 0.36015625 0.0203125 0.01953125
0 0.89921875 0.36328125 0.02578125 0.03671875
0 0.84765625 0.35234375 0.02578125 0.02734375
0 0.80703125 0.4484375 0.03125 0.196875
0 0.825 0.5546875 0.00859375 0.01484375
0 0.71875 0.403125 0.0359375 0.07890625
0 0.6546875 0.4 0.034375 0.08046875
0 0.57421875 0.390625 0.02734375 0.06171875
0 0.60546875 0.3828125 0.009375 0.01484375
0 0.09765625 0.4078125 0.0234375 0.07109375
0 0.034375 0.40078125 0.04375 0.0734375