0 0.76953125 0.45 0.03671875 0.1484375
0 0.76875 0.58359375 0.071875 0.20625
0 0.72890625 0.58671875 0.0796875 0.21640625
0 0.6890625 0.76328125 0.153125 0.47109375
0 0.6375 0.55234375 0.034375 0.13203125
0 0.59375 0.63984375 0.1171875 0.30546875
0 0.60078125 0.73046875 0.103125 0.409375
0 0.56328125 0.665625 0.05859375 0.30234375
0 0.53125 0.5328125 0.04140625 0.08046875
0 0.44921875 0.53203125 0.040625 0.08125
0 0.4625 0.66796875 0.07734375 0.3265625
0 0.48828125 0.690625 0.11796875 0.41328125
0 0.409375 0.6375 0.065625 0.3203125
0 0.35234375 0.47109375 0.0421875 0.05234375
0 0.36875 0.66640625 0.07890625 0.38203125
0 0.3203125 0.73984375 0.13125 0.45703125
0 0.284375 0.728125 0.09765625 0.4328125
0 0.23046875 0.6890625 0.0921875 0.4203125
0 0.25234375 0.51328125 0.08828125 0.08828125
0 0.54296875 0.3890625 0.028125 0.04296875
0 0.57109375 0.36171875 0.02734375 0.0703125
0 0.61484375 0.28515625 0.053125 0.08125
0 0.81875 0.0828125 0.140625 0.165625
0 0.88984375 0.478125 0.0234375 0.0390625
0 0.78046875 0.5609375 0.0296875 0.08203125
0 0.68046875 0.51640625 0.05703125 0.125
0 0.5671875 0.5046875 0.04375 0.0984375
0 0.6125 0.48359375 0.02734375 0.034375
0 0.478125 0.4859375 0.13515625 0.0734375
0 0.41328125 0.65859375 0.0546875 0.2765625
0 0.30703125 0.52890625 0.0640625 0.0921875
0 0.23359375 0.48828125 0.0203125 0.05703125