0 0.92890625 0.8375 0.14140625 0.3203125
0 0.76484375 0.796875 0.1453125 0.40234375
0 0.665625 0.71640625 0.059375 0.30390625
0 0.60703125 0.65859375 0.0203125 0.1109375
0 0.59140625 0.63359375 0.02734375 0.11328125
0 0.525 0.65703125 0.04296875 0.078125
0 0.49296875 0.6515625 0.0328125 0.14765625
0 0.4796875 0.6359375 0.02890625 0.13828125
0 0.4625 0.63125 0.02890625 0.1328125
0 0.43046875 0.6359375 0.03046875 0.13515625
0 0.378125 0.6609375 0.0390625 0.178125
0 0.3203125 0.74921875 0.0984375 0.3625
0 0.2421875 0.64296875 0.0515625 0.23671875
0 0.390625 0.65546875 0.03671875 0.175
0 0.5609375 0.6078125 0.04296875 0.06015625
0 0.453125 0.57734375 0.0171875 0.03671875
0 0.48515625 0.56796875 0.0328125 0.021875
0 0.20234375 0.50546875 0.03203125 0.05625