0 0.9765625 0.80390625 0.04609375 0.3234375
0 0.021875 0.815625 0.034375 0.253125
0 0.0296875 0.77734375 0.0546875 0.17265625
0 0.05703125 0.66796875 0.01796875 0.06171875
0 0.0734375 0.684375 0.02265625 0.07890625
0 0.09765625 0.77578125 0.0359375 0.20390625
0 0.12578125 0.76640625 0.02734375 0.21328125
0 0.13671875 0.7984375 0.03046875 0.2359375
0 0.15625 0.8015625 0.0453125 0.278125
0 0.1875 0.7609375 0.02890625 0.1578125
0 0.21875 0.8203125 0.0375 0.2828125
0 0.25546875 0.81953125 0.0515625 0.29609375
0 0.24140625 0.703125 0.01796875 0.06796875
0 0.26640625 0.73515625 0.01953125 0.1421875
0 0.2734375 0.69765625 0.01328125 0.0625
0 0.2890625 0.6828125 0.00703125 0.0359375
0 0.2953125 0.75703125 0.03359375 0.16875
0 0.3171875 0.69140625 0.0109375 0.0546875
0 0.32578125 0.69375 0.009375 0.0421875
0 0.3421875 0.6890625 0.0078125 0.03984375
0 0.3484375 0.6921875 0.00859375 0.04140625
0 0.30546875 0.6859375 0.009375 0.03359375
0 0.33203125 0.6890625 0.009375 0.03828125
0 0.334375 0.675 0.00546875 0.03046875
0 0.31640625 0.73671875 0.01796875 0.06328125
0 0.8203125 0.6984375 0.02734375 0.21015625
0 0.87265625 0.69296875 0.03203125 0.23515625
0 0.78125 0.7 0.02734375 0.16875
0 0.6234375 0.684375 0.0203125 0.125
0 0.49921875 0.675 0.0140625 0.0625
0 0.15234375 0.659375 0.00859375 0.04765625
0 0.18984375 0.6828125 0.01015625 0.04296875
0 0.275 0.67109375 0.0078125 0.0359375
0 0.2984375 0.66953125 0.0078125 0.01171875
0 0.30625 0.665625 0.01015625 0.009375
0 0.31171875 0.6890625 0.00546875 0.0375
0 0.32109375 0.67109375 0.00546875 0.01484375
0 0.32734375 0.6640625 0.0078125 0.0125
0 0.21328125 0.6796875 0.0125 0.02421875