0 0.859375 0.69375 0.13046875 0.359375
0 0.775 0.70703125 0.08125 0.30625
0 0.65546875 0.75859375 0.12265625 0.26640625
0 0.540625 0.71328125 0.14609375 0.328125
0 0.471875 0.63359375 0.040625 0.21328125
0 0.44296875 0.6484375 0.07109375 0.2390625
0 0.3265625 0.68515625 0.084375 0.25546875
0 0.321875 0.63125 0.0515625 0.21875
0 0.29296875 0.584375 0.03125 0.1015625
0 0.26328125 0.67890625 0.0765625 0.2546875
0 0.2421875 0.634375 0.05 0.20546875
0 0.23046875 0.61484375 0.02734375 0.16875
0 0.2015625 0.63671875 0.04921875 0.20078125
0 0.1609375 0.64765625 0.06796875 0.234375
0 0.13671875 0.63671875 0.03046875 0.19140625
0 0.3546875 0.5625 0.01484375 0.03203125
0 0.3578125 0.55546875 0.01484375 0.03203125
0 0.98203125 0.67265625 0.00859375 0.02421875
0 0.97734375 0.6734375 0.00859375 0.02421875
0 0.98203125 0.65234375 0.0140625 0.0171875
0 0.79609375 0.8359375 0.20625 0.103125
0 0.559375 0.84375 0.2296875 0.0984375
0 0.42421875 0.75 0.03984375 0.059375
0 0.29140625 0.77578125 0.134375 0.046875
0 0.240625 0.72890625 0.2015625 0.04765625