0 0.92578125 0.68515625 0.0390625 0.1390625
0 0.89453125 0.678125 0.0453125 0.15546875
0 0.90546875 0.69296875 0.04765625 0.11171875
0 0.88359375 0.6734375 0.0265625 0.11875
0 0.859375 0.675 0.0328125 0.125
0 0.74453125 0.6640625 0.02734375 0.11328125
0 0.7296875 0.65625 0.0203125 0.08046875
0 0.70703125 0.67421875 0.03046875 0.10625
0 0.66015625 0.64609375 0.01484375 0.059375
0 0.64921875 0.6515625 0.015625 0.0640625
0 0.6390625 0.64609375 0.01015625 0.05
0 0.61484375 0.65625 0.02421875 0.0859375
0 0.6046875 0.65390625 0.01171875 0.06015625
0 0.58671875 0.659375 0.021875 0.08671875
0 0.55625 0.6484375 0.0078125 0.046875
0 0.54765625 0.66171875 0.02421875 0.09453125
0 0.534375 0.6609375 0.0203125 0.09609375
0 0.525 0.675 0.02734375 0.115625
0 0.515625 0.63203125 0.0171875 0.0375
0 0.503125 0.66640625 0.025 0.1
0 0.49375 0.6328125 0.009375 0.03828125
0 0.48125 0.67265625 0.025 0.121875
0 0.46015625 0.6734375 0.03984375 0.1265625
0 0.42265625 0.6625 0.0296875 0.11015625
0 0.434375 0.6296875 0.0140625 0.03203125
0 0.39296875 0.6953125 0.05234375 0.18125
0 0.378125 0.65234375 0.015625 0.0625
0 0.35703125 0.659375 0.0203125 0.078125
0 0.34765625 0.65546875 0.01171875 0.06328125
0 0.33671875 0.7015625 0.03671875 0.1921875
0 0.3046875 0.70546875 0.0546875 0.19140625
0 0.28828125 0.640625 0.0171875 0.04921875
0 0.30234375 0.65703125 0.0171875 0.0796875
0 0.27265625 0.653125 0.015625 0.08125
0 0.259375 0.67578125 0.02734375 0.11328125
0 0.23984375 0.69375 0.05078125 0.19609375
0 0.21796875 0.6859375 0.0203125 0.1640625
0 0.209375 0.6703125 0.02109375 0.09453125
0 0.20546875 0.6609375 0.0140625 0.08359375
0 0.190625 0.68359375 0.034375 0.15859375
0 0.18203125 0.68125 0.0171875 0.13359375
0 0.17109375 0.671875 0.0265625 0.15
0 0.15234375 0.6234375 0.0265625 0.04375
0 0.13984375 0.69453125 0.02265625 0.1421875
0 0.165625 0.7046875 0.04765625 0.12890625
0 0.1296875 0.6296875 0.025 0.04921875
0 0.103125 0.715625 0.071875 0.21328125
0 0.07265625 0.7046875 0.04609375 0.15390625
0 0.0546875 0.6984375 0.0390625 0.15859375
0 0.88671875 0.63984375 0.01953125 0.07421875
0 0.596875 0.64375 0.0140625 0.04609375
0 0.62890625 0.6375 0.0109375 0.03515625
0 0.49765625 0.63125 0.00859375 0.01640625
0 0.47265625 0.66953125 0.0125 0.09140625
0 0.4453125 0.678125 0.0125 0.08203125
0 0.4140625 0.65234375 0.0109375 0.08046875
0 0.36484375 0.6203125 0.04140625 0.01484375
0 0.36796875 0.65390625 0.0140625 0.05390625
0 0.2796875 0.6546875 0.01171875 0.06484375
0 0.2140625 0.721875 0.01015625 0.0109375
0 0.09765625 0.62109375 0.0375 0.03125
0 0.8828125 0.60234375 0.009375 0.01015625
0 0.57109375 0.6421875 0.015625 0.0515625
0 0.52109375 0.62421875 0.009375 0.0171875
0 0.44375 0.62421875 0.01796875 0.02578125
0 0.29921875 0.63203125 0.0109375 0.02890625