0 0.071875 0.471875 0.08828125 0.2890625
0 0.21328125 0.45390625 0.07578125 0.240625
0 0.17265625 0.353125 0.015625 0.065625
0 0.5078125 0.56796875 0.11015625 0.4453125
0 0.66484375 0.553125 0.1390625 0.4359375
0 0.76953125 0.5921875 0.12109375 0.49375
0 0.91640625 0.590625 0.12578125 0.56796875
0 0.884375 0.35703125 0.0453125 0.1140625
0 0.8609375 0.409375 0.0453125 0.2015625
0 0.81640625 0.40859375 0.040625 0.20390625
0 0.79140625 0.33828125 0.028125 0.06640625
0 0.759375 0.3421875 0.04453125 0.0953125
0 0.728125 0.37109375 0.04140625 0.15546875
0 0.703125 0.353125 0.02578125 0.0734375
0 0.63828125 0.359375 0.0296875 0.090625
0 0.684375 0.35390625 0.01875 0.0953125
0 0.6703125 0.3265625 0.021875 0.03515625
0 0.621875 0.33828125 0.01953125 0.05859375
0 0.94453125 0.37265625 0.03046875 0.05234375
0 0.65390625 0.32578125 0.02109375 0.02890625
0 0.69140625 0.37890625 0.01015625 0.03515625
0 0.6171875 0.32109375 0.01171875 0.01953125
0 0.3703125 0.3484375 0.059375 0.0625
0 0.43359375 0.33203125 0.05859375 0.02734375
0 0.509375 0.32421875 0.06328125 0.01796875
0 0.08125 0.32890625 0.01953125 0.02109375
0 0.2703125 0.32734375 0.05546875 0.0234375
0 0.68359375 0.31640625 0.0203125 0.02109375