0 0.16640625 0.48515625 0.125 0.6609375
0 0.25625 0.5125 0.15390625 0.6109375
0 0.38984375 0.49296875 0.17890625 0.5921875
0 0.48984375 0.428125 0.09609375 0.3203125
0 0.55859375 0.37265625 0.05390625 0.275
0 0.5796875 0.421875 0.05703125 0.33125
0 0.534375 0.315625 0.028125 0.1421875
0 0.64921875 0.5015625 0.11875 0.584375
0 0.7171875 0.49296875 0.1671875 0.571875
0 0.865625 0.5046875 0.15625 0.6328125
0 0.98828125 0.3265625 0.021875 0.16328125
0 0.11953125 0.26015625 0.08515625 0.05625
0 0.30859375 0.284375 0.0796875 0.0875
0 0.4546875 0.26953125 0.078125 0.0875
0 0.51796875 0.265625 0.0203125 0.06875
0 0.5953125 0.25078125 0.01875 0.03046875
0 0.6671875 0.27578125 0.02265625 0.06171875
0 0.7609375 0.28984375 0.03046875 0.10703125
0 0.8125 0.26484375 0.065625 0.0796875
0 0.79609375 0.39453125 0.0375 0.01640625
0 0.95 0.3125 0.06171875 0.1265625
0 0.98828125 0.26328125 0.01640625 0.0375