0 0.97578125 0.7109375 0.02890625 0.07265625
0 0.971875 0.71484375 0.025 0.0640625
0 0.94296875 0.66640625 0.05625 0.16640625
0 0.82421875 0.715625 0.22421875 0.5578125
0 0.87734375 0.7578125 0.134375 0.3421875
0 0.59609375 0.73046875 0.18046875 0.49296875
0 0.70234375 0.72734375 0.159375 0.38828125
0 0.72578125 0.72265625 0.1 0.30546875
0 0.65390625 0.6609375 0.0421875 0.0921875
0 0.78125 0.7125 0.0203125 0.0640625
0 0.73828125 0.74609375 0.05859375 0.2640625
0 0.73515625 0.6 0.0109375 0.01875
0 0.56796875 0.7171875 0.04453125 0.165625
0 0.5890625 0.71875 0.0203125 0.08046875
0 0.528125 0.69140625 0.03203125 0.09765625
0 0.54765625 0.7109375 0.0234375 0.06796875
0 0.4953125 0.74140625 0.125 0.34453125
0 0.45625 0.70390625 0.0296875 0.1046875
0 0.425 0.74296875 0.109375 0.2859375
0 0.39375 0.70234375 0.22734375 0.5359375
0 0.3171875 0.7203125 0.10234375 0.37578125
0 0.31796875 0.73359375 0.1203125 0.31484375
0 0.1859375 0.703125 0.21875 0.5484375
0 0.128125 0.725 0.1609375 0.3921875
0 0.09375 0.7046875 0.0328125 0.1265625
0 0.02109375 0.7328125 0.04140625 0.12734375
0 0.9828125 0.63984375 0.0328125 0.09765625
0 0.84296875 0.79609375 0.06328125 0.2171875
0 0.89140625 0.62109375 0.02734375 0.04453125
0 0.725 0.60078125 0.01328125 0.02890625
0 0.5296875 0.6640625 0.034375 0.05078125
0 0.23359375 0.63828125 0.053125 0.07109375
0 0.20703125 0.8140625 0.0875 0.06328125