0 0.01796875 0.7359375 0.0359375 0.24765625
0 0.04765625 0.7 0.07265625 0.12421875
0 0.08984375 0.67421875 0.02734375 0.0578125
0 0.12890625 0.6890625 0.06015625 0.121875
0 0.21953125 0.71796875 0.12109375 0.17890625
0 0.178125 0.721875 0.09765625 0.1734375
0 0.21484375 0.72578125 0.16796875 0.203125
0 0.28359375 0.671875 0.0328125 0.05
0 0.39921875 0.6796875 0.04375 0.071875
0 0.38046875 0.67890625 0.03515625 0.071875
0 0.440625 0.6859375 0.040625 0.03046875
0 0.4640625 0.6703125 0.03203125 0.028125
0 0.54140625 0.675 0.0328125 0.06640625
0 0.5703125 0.6796875 0.05078125 0.07890625
0 0.60390625 0.671875 0.03828125 0.06328125
0 0.6234375 0.69296875 0.053125 0.10234375
0 0.57265625 0.6921875 0.05703125 0.1109375
0 0.659375 0.6890625 0.05625 0.1203125
0 0.76875 0.73125 0.121875 0.19921875
0 0.84453125 0.7515625 0.08125 0.16796875
0 0.9203125 0.69765625 0.10078125 0.16640625
0 0.86875 0.66484375 0.02421875 0.01953125
0 0.346875 0.85 0.17109375 0.1734375
0 0.09921875 0.6484375 0.0203125 0.02734375
0 0.61328125 0.6515625 0.01328125 0.0171875
0 0.64375 0.5140625 0.02265625 0.03828125
0 0.77109375 0.44765625 0.028125 0.03203125
0 0.63984375 0.28515625 0.02578125 0.034375
0 0.89453125 0.3078125 0.02890625 0.034375
0 0.771875 0.29609375 0.021875 0.040625
0 0.60078125 0.1546875 0.02890625 0.0375
0 0.91875 0.19609375 0.0296875 0.03515625
0 0.2265625 0.178125 0.03125 0.03359375
0 0.065625 0.15703125 0.04375 0.03359375