0 0.79140625 0.821875 0.10546875 0.35546875
0 0.67265625 0.7671875 0.0625 0.3171875
0 0.99453125 0.4328125 0.0078125 0.0375
0 0.95234375 0.4609375 0.0203125 0.1
0 0.94921875 0.4609375 0.0171875 0.0953125
0 0.859375 0.47578125 0.0375 0.103125
0 0.8578125 0.41796875 0.0078125 0.03125
0 0.8 0.415625 0.0078125 0.03046875
0 0.78046875 0.4203125 0.0078125 0.034375
0 0.73828125 0.4203125 0.00859375 0.03671875
0 0.85859375 0.41953125 0.00703125 0.028125
0 0.70078125 0.42265625 0.01015625 0.040625
0 0.60625 0.42265625 0.0078125 0.03671875
0 0.59765625 0.4234375 0.0078125 0.03671875
0 0.63046875 0.49296875 0.03125 0.16484375
0 0.52578125 0.5078125 0.0578125 0.17578125
0 0.48515625 0.43828125 0.00859375 0.034375
0 0.4546875 0.44140625 0.009375 0.0328125
0 0.42265625 0.43125 0.00703125 0.02109375
0 0.39921875 0.43125 0.0046875 0.02421875
0 0.3921875 0.43125 0.00390625 0.02421875
0 0.38984375 0.43046875 0.003125 0.02109375
0 0.36328125 0.440625 0.0125 0.0375
0 0.3390625 0.4375 0.00546875 0.0203125
0 0.3328125 0.4328125 0.00625 0.02734375
0 0.29296875 0.4328125 0.00546875 0.02578125
0 0.2859375 0.43359375 0.00390625 0.02578125
0 0.28671875 0.428125 0.0046875 0.02109375
0 0.2734375 0.42734375 0.00390625 0.01953125
0 0.2625 0.43515625 0.0078125 0.03046875
0 0.25078125 0.434375 0.00859375 0.03046875
0 0.24765625 0.43515625 0.009375 0.03125
0 0.24375 0.43203125 0.00703125 0.03125
0 0.2390625 0.434375 0.0078125 0.03046875
0 0.30078125 0.57734375 0.0546875 0.31171875
0 0.17578125 0.5234375 0.05234375 0.20703125
0 0.134375 0.52265625 0.04609375 0.21875
0 0.0609375 0.4796875 0.01953125 0.11875
0 0.0640625 0.46953125 0.0078125 0.08203125
0 0.0328125 0.47421875 0.03125 0.10078125
0 0.00625 0.4609375 0.0125 0.07265625
0 0.20703125 0.43828125 0.00703125 0.0265625
0 0.20390625 0.434375 0.0046875 0.03125
0 0.16875 0.434375 0.00625 0.0265625
0 0.1625 0.43515625 0.00546875 0.0296875
0 0.159375 0.4359375 0.00703125 0.0296875
0 0.14765625 0.43671875 0.00625 0.03125
0 0.10078125 0.43046875 0.00546875 0.0234375
0 0.0953125 0.4296875 0.00625 0.02265625
0 0.0671875 0.43828125 0.00625 0.0328125
0 0.046875 0.43046875 0.0046875 0.0234375
0 0.05 0.4296875 0.00390625 0.0234375
0 0.96875 0.42890625 0.01875 0.01875
0 0.92109375 0.428125 0.05 0.02265625
0 0.8953125 0.5171875 0.05 0.01640625
0 0.73359375 0.91640625 0.1203125 0.03828125
0 0.68203125 0.5640625 0.08046875 0.02109375
0 0.5703125 0.5859375 0.08359375 0.025
0 0.4984375 0.4234375 0.00546875 0.025
0 0.4625 0.425 0.015625 0.01328125
0 0.48125 0.42421875 0.00546875 0.01484375
0 0.4375 0.425 0.0140625 0.01484375
0 0.41171875 0.4265625 0.0203125 0.01484375
0 0.3953125 0.425 0.00390625 0.0140625
0 0.37890625 0.42578125 0.0203125 0.01484375
0 0.27109375 0.42421875 0.003125 0.0109375
0 0.228125 0.425 0.01796875 0.02109375
0 0.38125 0.71796875 0.11796875 0.034375
0 0.20390625 0.61953125 0.11796875 0.0265625
0 0.2109375 0.42734375 0.00859375 0.0140625
0 0.20390625 0.41953125 0.003125 0.00625
0 0.19375 0.42109375 0.01015625 0.01171875
0 0.17890625 0.42109375 0.01640625 0.0125
0 0.16484375 0.42734375 0.003125 0.0125
0 0.15078125 0.421875 0.01484375 0.01171875
0 0.11640625 0.42734375 0.009375 0.02421875
0 0.08046875 0.42421875 0.0109375 0.01875
0 0.0265625 0.42734375 0.01640625 0.0234375
0 0.05625 0.41796875 0.0046875 0.00703125
0 0.06640625 0.425 0.01171875 0.0078125
0 0.00546875 0.42578125 0.0109375 0.0234375
0 0.12265625 0.3546875 0.02734375 0.0171875
0 0.07890625 0.35234375 0.02421875 0.0171875
0 0.15078125 0.35546875 0.0078125 0.01171875
0 0.19140625 0.3578125 0.009375 0.0171875
0 0.26640625 0.3609375 0.0078125 0.01328125
0 0.2984375 0.3625 0.00625 0.01015625
0 0.40703125 0.37265625 0.0765625 0.01484375
0 0.40625 0.3375 0.07734375 0.01171875