0 0.096875 0.72890625 0.19140625 0.53359375
0 0.14140625 0.59921875 0.09296875 0.15390625
0 0.25390625 0.63515625 0.11953125 0.334375
0 0.36953125 0.5625 0.12890625 0.225
0 0.45390625 0.51328125 0.06796875 0.17890625
0 0.3921875 0.7359375 0.21171875 0.40546875
0 0.50078125 0.628125 0.128125 0.3359375
0 0.609375 0.653125 0.11015625 0.25703125
0 0.66796875 0.6640625 0.084375 0.278125
0 0.84609375 0.6203125 0.13671875 0.340625
0 0.9375 0.57890625 0.1 0.11953125
0 0.84765625 0.440625 0.13046875 0.27109375
0 0.846875 0.4953125 0.05390625 0.14609375
0 0.91015625 0.38828125 0.13046875 0.215625
0 0.95859375 0.39375 0.08125 0.209375
0 0.80546875 0.33046875 0.03515625 0.09140625
0 0.7 0.38203125 0.02890625 0.20859375
0 0.61953125 0.3125 0.071875 0.075
0 0.5484375 0.4625 0.08828125 0.4
0 0.47578125 0.309375 0.084375 0.09609375
0 0.35078125 0.30625 0.05546875 0.09609375
0 0.38984375 0.296875 0.05703125 0.1015625
0 0.29921875 0.30234375 0.10234375 0.09609375
0 0.2328125 0.3140625 0.08203125 0.15859375
0 0.16328125 0.34765625 0.103125 0.134375
0 0.08359375 0.35859375 0.084375 0.125
0 0.05859375 0.36953125 0.1 0.20546875
0 0.025 0.36875 0.05 0.19609375
0 0.2671875 0.2671875 0.03671875 0.059375
0 0.46484375 0.29609375 0.084375 0.103125
0 0.47109375 0.284375 0.08984375 0.121875
0 0.5515625 0.2828125 0.07421875 0.109375
0 0.62421875 0.284375 0.09140625 0.13203125
0 0.95546875 0.48984375 0.0875 0.10390625
0 0.05078125 0.2984375 0.07109375 0.08359375
0 0.57890625 0.2828125 0.03359375 0.07109375
0 0.42578125 0.303125 0.04140625 0.07109375
0 0.89296875 0.2921875 0.165625 0.09609375