0 0.115625 0.72421875 0.09375 0.2890625
0 0.2109375 0.72265625 0.06953125 0.2703125
0 0.27421875 0.71015625 0.0625 0.28828125
0 0.32734375 0.703125 0.071875 0.31328125
0 0.35 0.684375 0.0296875 0.22265625
0 0.38203125 0.69765625 0.0546875 0.2640625
0 0.4140625 0.71484375 0.071875 0.28515625
0 0.4421875 0.6375 0.04375 0.12734375
0 0.475 0.71484375 0.06640625 0.246875
0 0.46796875 0.58671875 0.01328125 0.02109375
0 0.51484375 0.66015625 0.0375 0.13671875
0 0.53046875 0.63046875 0.01875 0.08515625
0 0.553125 0.6546875 0.028125 0.1484375
0 0.5890625 0.6890625 0.0765625 0.24296875
0 0.6109375 0.6125 0.01875 0.0515625
0 0.61953125 0.63515625 0.025 0.084375
0 0.634375 0.621875 0.015625 0.07890625
0 0.64375 0.63125 0.02421875 0.09375
0 0.6609375 0.63125 0.0234375 0.0953125
0 0.6734375 0.61796875 0.01640625 0.05703125
0 0.68515625 0.63515625 0.0203125 0.0609375
0 0.69765625 0.646875 0.0234375 0.0578125
0 0.6859375 0.60078125 0.01484375 0.0265625
0 0.67890625 0.596875 0.00703125 0.009375
0 0.7 0.60859375 0.01796875 0.04765625
0 0.71484375 0.61796875 0.0140625 0.0578125
0 0.72421875 0.5984375 0.02265625 0.0421875
0 0.7421875 0.67734375 0.05234375 0.1953125
0 0.753125 0.6265625 0.0203125 0.075
0 0.78046875 0.63125 0.0203125 0.04609375
0 0.77265625 0.6296875 0.01640625 0.034375
0 0.8640625 0.65703125 0.025 0.0859375
0 0.3578125 0.60703125 0.0140625 0.03671875
0 0.56015625 0.59765625 0.0296875 0.02734375
0 0.53828125 0.62734375 0.0125 0.0890625
0 0.5234375 0.59765625 0.00625 0.01328125
0 0.49765625 0.63125 0.0234375 0.09140625
0 0.59375 0.7890625 0.071875 0.0328125
0 0.4890625 0.815625 0.053125 0.0484375
0 0.2921875 0.8296875 0.06171875 0.05078125
0 0.15546875 0.840625 0.09453125 0.0578125
0 0.59765625 0.60703125 0.0234375 0.0359375
0 0.65078125 0.62109375 0.01875 0.0859375
0 0.66796875 0.61484375 0.01328125 0.06328125
0 0.70859375 0.61484375 0.0109375 0.05390625
0 0.7890625 0.5953125 0.01796875 0.034375
0 0.8546875 0.6765625 0.0171875 0.034375
0 0.03203125 0.634375 0.04140625 0.0671875
0 0.24921875 0.6828125 0.03203125 0.14921875