0 0.4546875 0.809375 0.19609375 0.37265625
0 0.75625 0.7625 0.2125 0.47109375
0 0.6046875 0.73671875 0.1375 0.52265625
0 0.490625 0.69375 0.10546875 0.19609375
0 0.37265625 0.73828125 0.09296875 0.42265625
0 0.36015625 0.54140625 0.08203125 0.225
0 0.31640625 0.596875 0.0671875 0.31875
0 0.26015625 0.51796875 0.0765625 0.12734375
0 0.4390625 0.521875 0.07265625 0.21875
0 0.490625 0.515625 0.05625 0.18125
0 0.546875 0.48984375 0.1078125 0.24609375
0 0.6640625 0.64453125 0.0859375 0.51484375
0 0.6546875 0.43125 0.08203125 0.17109375
0 0.475 0.421875 0.0375 0.12265625
0 0.44921875 0.38359375 0.03203125 0.1
0 0.4 0.41640625 0.0421875 0.11640625
0 0.409375 0.46953125 0.04453125 0.13125
0 0.30703125 0.43515625 0.05078125 0.0625
0 0.29453125 0.428125 0.03984375 0.11015625
0 0.3375 0.44140625 0.034375 0.17109375
0 0.38359375 0.41171875 0.025 0.11015625
0 0.4984375 0.39140625 0.02578125 0.0875
0 0.578125 0.37734375 0.034375 0.10859375
0 0.26640625 0.42421875 0.02109375 0.05625
0 0.27734375 0.38203125 0.01796875 0.05625
0 0.30546875 0.38203125 0.025 0.06484375
0 0.41171875 0.365625 0.02109375 0.05625
0 0.59921875 0.38515625 0.03671875 0.11640625
0 0.7796875 0.59375 0.09375 0.30390625
0 0.8109375 0.47109375 0.075 0.16640625
0 0.78984375 0.38984375 0.0703125 0.10859375
0 0.8859375 0.603125 0.1515625 0.54765625
0 0.9828125 0.70625 0.03125 0.584375
0 0.2703125 0.37890625 0.0140625 0.04140625
0 0.35625 0.38359375 0.025 0.06640625
0 0.321875 0.37734375 0.01328125 0.04140625
0 0.35234375 0.40703125 0.03203125 0.11015625
0 0.40546875 0.371875 0.02265625 0.04765625
0 0.42734375 0.41484375 0.028125 0.07109375
0 0.2796875 0.346875 0.0296875 0.01875
0 0.3140625 0.38359375 0.015625 0.05390625
0 0.34765625 0.34453125 0.1046875 0.03984375
0 0.4265625 0.36953125 0.0296875 0.08515625
0 0.48671875 0.34609375 0.05546875 0.05
0 0.5625 0.29765625 0.053125 0.0375
0 0.56328125 0.34609375 0.01171875 0.05859375
0 0.59140625 0.34296875 0.01171875 0.05625
0 0.2890625 0.36796875 0.01640625 0.02265625
0 0.3703125 0.375 0.015625 0.025