0 0.07265625 0.74921875 0.065625 0.33984375
0 0.109375 0.75078125 0.06796875 0.34765625
0 0.22578125 0.72734375 0.05546875 0.28359375
0 0.29609375 0.78125 0.11015625 0.43359375
0 0.33359375 0.61328125 0.0390625 0.06484375
0 0.3453125 0.70625 0.034375 0.20859375
0 0.375 0.7125 0.0484375 0.3125
0 0.41796875 0.7375 0.06328125 0.36640625
0 0.45546875 0.715625 0.0328125 0.24765625
0 0.49140625 0.75234375 0.071875 0.33359375
0 0.51328125 0.60859375 0.034375 0.07890625
0 0.56953125 0.746875 0.1078125 0.37734375
0 0.58828125 0.73984375 0.0390625 0.27890625
0 0.5734375 0.59375 0.01796875 0.05
0 0.65625 0.70703125 0.05390625 0.25625
0 0.70625 0.70703125 0.04921875 0.27265625
0 0.70625 0.65625 0.04609375 0.14609375
0 0.72734375 0.77890625 0.08125 0.27109375
0 0.7515625 0.80625 0.05859375 0.2375
0 0.765625 0.6375 0.0515625 0.15859375
0 0.78515625 0.79140625 0.09375 0.29140625
0 0.83203125 0.65 0.028125 0.1
0 0.859375 0.634375 0.03671875 0.10234375
0 0.88984375 0.77734375 0.0984375 0.3125
0 0.95546875 0.703125 0.05390625 0.21875
0 0.98671875 0.728125 0.025 0.34375
0 0.90546875 0.66796875 0.034375 0.15625
0 0.2765625 0.62109375 0.02734375 0.07890625
0 0.3171875 0.61328125 0.01640625 0.05234375
0 0.3546875 0.60703125 0.01796875 0.04375
0 0.36171875 0.76484375 0.01640625 0.10390625
0 0.40625 0.79921875 0.03046875 0.08984375
0 0.43984375 0.61953125 0.01640625 0.03984375
0 0.44375 0.75078125 0.0140625 0.06875
0 0.46796875 0.60546875 0.015625 0.04765625
0 0.5015625 0.6 0.02265625 0.03359375
0 0.51328125 0.771875 0.01328125 0.11875
0 0.5296875 0.60234375 0.0203125 0.03359375
0 0.6109375 0.65078125 0.0625 0.16015625
0 0.684375 0.64453125 0.02578125 0.14375
0 0.73125 0.65625 0.0328125 0.15390625
0 0.83125 0.728125 0.03203125 0.09375
0 0.784375 0.61953125 0.025 0.07265625
0 0.821875 0.60859375 0.009375 0.04609375
0 0.84609375 0.60625 0.01640625 0.05
0 0.83203125 0.59453125 0.01171875 0.01484375
0 0.98125 0.60390625 0.03046875 0.04609375
0 0.92890625 0.66328125 0.04375 0.17734375
0 0.88125 0.63359375 0.03046875 0.1125
0 0.02109375 0.884375 0.0421875 0.22734375
0 0.2390625 0.1 0.0515625 0.10859375