0 0.0890625 0.634375 0.178125 0.72734375
0 0.159375 0.60703125 0.12578125 0.78125
0 0.28203125 0.59453125 0.12578125 0.63125
0 0.346875 0.55 0.0671875 0.36640625
0 0.38828125 0.51015625 0.04609375 0.25390625
0 0.4125 0.51171875 0.034375 0.23125
0 0.4328125 0.49609375 0.03203125 0.25390625
0 0.5171875 0.58671875 0.203125 0.82265625
0 0.615625 0.459375 0.02265625 0.14765625
0 0.65703125 0.43515625 0.0796875 0.32109375
0 0.7296875 0.61171875 0.196875 0.77265625
0 0.8546875 0.5375 0.08359375 0.42109375
0 0.9140625 0.50859375 0.04375 0.35
0 0.94453125 0.540625 0.05625 0.33984375
0 0.8921875 0.53671875 0.0421875 0.31484375
0 0.81640625 0.39140625 0.034375 0.10390625
0 0.02578125 0.35859375 0.0421875 0.15
0 0.23828125 0.365625 0.0421875 0.09375
0 0.346875 0.37265625 0.01796875 0.04140625
0 0.40859375 0.384375 0.01875 0.02265625
0 0.2859375 0.675 0.01796875 0.07890625
0 0.2453125 0.64921875 0.02109375 0.12734375
0 0.36875 0.60625 0.01171875 0.025
0 0.4390625 0.55859375 0.0140625 0.025
0 0.86484375 0.378125 0.01875 0.02265625
0 0.984375 0.53671875 0.0296875 0.38125
0 0.9 0.36953125 0.0234375 0.04765625