0 0.36484375 0.6625 0.7296875 0.671875
0 0.1609375 0.42734375 0.03828125 0.13984375
0 0.18125 0.4484375 0.021875 0.090625
0 0.19921875 0.42890625 0.04765625 0.12109375
0 0.2484375 0.46015625 0.0265625 0.07734375
0 0.24609375 0.446875 0.0328125 0.10078125
0 0.146875 0.41484375 0.02578125 0.10703125
0 0.26953125 0.48984375 0.0140625 0.0296875
0 0.646875 0.44765625 0.02421875 0.07109375
0 0.609375 0.42265625 0.00703125 0.01640625
0 0.66953125 0.46328125 0.0296875 0.103125
0 0.7109375 0.44921875 0.0421875 0.12578125
0 0.734375 0.434375 0.0203125 0.07265625
0 0.7515625 0.43125 0.02734375 0.06953125
0 0.753125 0.40234375 0.009375 0.01328125
0 0.75625 0.39921875 0.00703125 0.0125
0 0.7921875 0.409375 0.01875 0.04765625
0 0.79609375 0.39609375 0.0140625 0.02734375
0 0.8546875 0.42890625 0.03125 0.09453125
0 0.86953125 0.42109375 0.03515625 0.0890625
0 0.9125 0.38515625 0.01015625 0.03515625
0 0.9390625 0.41328125 0.02890625 0.109375
0 0.95078125 0.41484375 0.02578125 0.1234375
0 0.965625 0.4171875 0.040625 0.1234375
0 0.9859375 0.40859375 0.0265625 0.096875
0 0.16640625 0.37734375 0.03359375 0.04296875
0 0.18984375 0.4578125 0.04140625 0.0359375
0 0.2625 0.4421875 0.01640625 0.01640625
0 0.64921875 0.41953125 0.0296875 0.01484375
0 0.71953125 0.41328125 0.0109375 0.03828125
0 0.803125 0.41796875 0.00703125 0.02578125
0 0.6828125 0.4171875 0.0140625 0.01171875
0 0.80390625 0.3953125 0.01875 0.01640625
0 0.8640625 0.38203125 0.02109375 0.01484375
0 0.9203125 0.3796875 0.0140625 0.03203125