0 0.071875 0.87109375 0.0890625 0.25390625
0 0.1625 0.834375 0.0671875 0.18984375
0 0.18984375 0.79296875 0.03671875 0.12265625
0 0.2671875 0.79375 0.06015625 0.10390625
0 0.28125 0.75546875 0.02265625 0.06875
0 0.31953125 0.771875 0.02578125 0.07265625
0 0.34609375 0.85078125 0.05390625 0.22734375
0 0.3859375 0.790625 0.03203125 0.08984375
0 0.409375 0.796875 0.0328125 0.13515625
0 0.47734375 0.78984375 0.1359375 0.41640625
0 0.59765625 0.83046875 0.14921875 0.33515625
0 0.646875 0.80078125 0.0515625 0.26484375
0 0.67421875 0.721875 0.02265625 0.10234375
0 0.6953125 0.81484375 0.0625 0.25390625
0 0.72890625 0.77421875 0.03984375 0.20234375
0 0.759375 0.771875 0.0375 0.20625
0 0.78984375 0.76171875 0.0328125 0.14765625
0 0.86171875 0.85234375 0.06484375 0.19609375
0 0.87109375 0.73203125 0.02734375 0.09375
0 0.88125 0.71484375 0.0234375 0.10390625
0 0.94296875 0.73515625 0.025 0.125
0 0.78125 0.765625 0.01796875 0.15234375
0 0.42265625 0.75078125 0.01875 0.06875
0 0.26015625 0.84453125 0.04609375 0.21484375
0 0.0140625 0.875 0.028125 0.246875
0 0.240625 0.73046875 0.03515625 0.07734375
0 0.55234375 0.75703125 0.04609375 0.09375
0 0.62890625 0.709375 0.02109375 0.05234375
0 0.70078125 0.7 0.046875 0.075
0 0.74140625 0.68828125 0.01640625 0.04765625
0 0.81875 0.69921875 0.10703125 0.05625
0 0.83828125 0.75 0.06796875 0.04609375
0 0.91171875 0.721875 0.05390625 0.13515625
0 0.9734375 0.88828125 0.05078125 0.21875
0 0.878125 0.72578125 0.0140625 0.07265625
0 0.665625 0.69765625 0.0140625 0.03359375