0 0.12421875 0.525 0.0796875 0.11015625
0 0.17421875 0.5046875 0.0921875 0.10625
0 0.1546875 0.62890625 0.05859375 0.12578125
0 0.19296875 0.55234375 0.08125 0.1
0 0.20234375 0.73203125 0.16640625 0.2921875
0 0.26640625 0.73828125 0.165625 0.34375
0 0.2625 0.728125 0.1625 0.36015625
0 0.24140625 0.521875 0.04765625 0.0640625
0 0.28046875 0.6546875 0.16171875 0.234375
0 0.31171875 0.603125 0.15859375 0.2140625
0 0.36171875 0.72578125 0.20703125 0.36015625
0 0.3140625 0.4796875 0.06796875 0.08828125
0 0.3609375 0.47734375 0.07578125 0.15390625
0 0.39765625 0.45234375 0.03984375 0.1078125
0 0.46015625 0.45 0.14375 0.18828125
0 0.46484375 0.72734375 0.225 0.41796875
0 0.51875 0.715625 0.2375 0.4640625
0 0.53046875 0.525 0.07734375 0.121875
0 0.490625 0.4109375 0.075 0.13828125
0 0.55078125 0.41171875 0.12265625 0.20390625
0 0.59765625 0.41015625 0.08828125 0.1921875
0 0.6578125 0.37890625 0.09453125 0.21015625
0 0.74140625 0.334375 0.14921875 0.2359375
0 0.59296875 0.69375 0.271875 0.45625
0 0.7515625 0.62890625 0.265625 0.50625
0 0.84921875 0.603125 0.2984375 0.55390625
0 0.82265625 0.32109375 0.1171875 0.17421875
0 0.58515625 0.209375 0.09296875 0.2703125
0 0.3703125 0.2390625 0.03828125 0.08984375
0 0.90703125 0.271875 0.1546875 0.215625
0 0.8796875 0.1828125 0.16953125 0.365625
0 0.8953125 0.48984375 0.20703125 0.27578125
0 0.2703125 0.496875 0.04375 0.05390625
0 0.45390625 0.403125 0.04921875 0.09765625
0 0.9640625 0.234375 0.06953125 0.2921875