0 0.03828125 0.7578125 0.0265625 0.08984375
0 0.05 0.7484375 0.00859375 0.0421875
0 0.06484375 0.7625 0.02734375 0.08671875
0 0.13984375 0.76953125 0.02421875 0.0703125
0 0.16796875 0.7671875 0.02421875 0.0734375
0 0.24375 0.7625 0.02578125 0.08046875
0 0.32109375 0.7515625 0.01953125 0.05
0 0.36640625 0.7640625 0.02421875 0.06953125
0 0.35703125 0.76015625 0.01640625 0.065625
0 0.459375 0.77734375 0.03203125 0.103125
0 0.65390625 0.78984375 0.025 0.0296875
0 0.634375 0.79296875 0.02734375 0.0328125
0 0.75390625 0.8140625 0.0453125 0.15546875
0 0.82578125 0.815625 0.06796875 0.16796875
0 0.79765625 0.809375 0.0375 0.15390625
0 0.94921875 0.821875 0.0484375 0.1390625
0 0.91796875 0.66484375 0.01953125 0.06796875
0 0.8953125 0.6703125 0.0234375 0.05625
0 0.1234375 0.7421875 0.01484375 0.02421875