0 0.64765625 0.98203125 0.05546875 0.03125
0 0.62890625 0.88515625 0.08828125 0.15
0 0.58125 0.82578125 0.06796875 0.13125
0 0.6453125 0.765625 0.06484375 0.12734375
0 0.59453125 0.63203125 0.05546875 0.12265625
0 0.40625 0.88203125 0.09375 0.15234375
0 0.33203125 0.44921875 0.05390625 0.15625
0 0.4828125 0.38828125 0.04375 0.11015625
0 0.51328125 0.44921875 0.0484375 0.11875
0 0.4609375 0.278125 0.04609375 0.14375
0 0.4375 0.25546875 0.05546875 0.11875
0 0.47890625 0.175 0.0375 0.09140625
0 0.53515625 0.16953125 0.03984375 0.10625
0 0.59765625 0.303125 0.04609375 0.10234375
0 0.64140625 0.35078125 0.05078125 0.09765625
0 0.6703125 0.321875 0.0421875 0.10625
0 0.69140625 0.253125 0.04453125 0.08125
0 0.6625 0.1875 0.0484375 0.07890625
0 0.64921875 0.175 0.046875 0.09609375
0 0.609375 0.15234375 0.025 0.05390625
0 0.56796875 0.14765625 0.03984375 0.1
0 0.5953125 0.13671875 0.03671875 0.08515625
0 0.6234375 0.13515625 0.0375 0.09609375
0 0.6484375 0.115625 0.01796875 0.03984375
0 0.734375 0.23515625 0.02265625 0.0625
0 0.01640625 0.11640625 0.0328125 0.17109375
0 0.17890625 0.06796875 0.04609375 0.13515625
0 0.784375 0.76796875 0.06328125 0.10234375
0 0.71171875 0.6875 0.0625 0.12109375
0 0.75625 0.65 0.0578125 0.1375
0 0.72890625 0.60703125 0.06796875 0.12265625
0 0.7 0.56015625 0.0625 0.10859375
0 0.65703125 0.49453125 0.05390625 0.09765625
0 0.64296875 0.490625 0.05859375 0.10625
0 0.94765625 0.7625 0.0625 0.09140625
0 0.92421875 0.628125 0.04375 0.05234375
0 0.98359375 0.64609375 0.03046875 0.0625
0 0.9890625 0.58671875 0.00859375 0.02265625
0 0.9359375 0.54296875 0.053125 0.08515625
0 0.8703125 0.50234375 0.04140625 0.0875
0 0.840625 0.48046875 0.03984375 0.06875
0 0.86875 0.43984375 0.04140625 0.09140625
0 0.79296875 0.453125 0.053125 0.08984375
0 0.7703125 0.44296875 0.04375 0.09765625
0 0.8203125 0.43203125 0.03984375 0.06484375
0 0.784375 0.396875 0.03671875 0.06875
0 0.80546875 0.39296875 0.03984375 0.08125
0 0.78203125 0.34609375 0.03203125 0.05859375
0 0.79609375 0.34296875 0.034375 0.06484375
0 0.82109375 0.315625 0.0390625 0.09375
0 0.7578125 0.353125 0.0484375 0.08515625
0 0.7671875 0.27109375 0.0484375 0.09609375
0 0.05703125 0.171875 0.0390625 0.04765625
0 0.8109375 0.41171875 0.04453125 0.07265625
0 0.85078125 0.35 0.03984375 0.0875
0 0.82421875 0.35703125 0.01640625 0.03984375
0 0.88359375 0.27109375 0.04609375 0.06640625
0 0.8390625 0.14921875 0.03046875 0.05625
0 0.81328125 0.10078125 0.02109375 0.05625
0 0.659375 0.07109375 0.01875 0.02890625
0 0.70390625 0.08515625 0.01796875 0.05