0 0.71328125 0.753125 0.16875 0.48984375
0 0.571875 0.77109375 0.13125 0.45390625
0 0.45078125 0.71875 0.159375 0.55859375
0 0.3125 0.7125 0.14296875 0.57109375
0 0.23125 0.728125 0.103125 0.53984375
0 0.18828125 0.66171875 0.08359375 0.33984375
0 0.078125 0.76640625 0.071875 0.29140625
0 0.12421875 0.65546875 0.05625 0.11015625
0 0.15 0.63046875 0.04921875 0.18984375
0 0.33046875 0.54140625 0.0203125 0.0875
0 0.353125 0.59765625 0.0421875 0.18359375
0 0.6078125 0.61015625 0.0234375 0.05390625
0 0.6203125 0.625 0.03203125 0.075
0 0.65390625 0.58046875 0.0375 0.11875
0 0.765625 0.7125 0.09765625 0.5
0 0.87109375 0.7375 0.16171875 0.52109375
0 0.80078125 0.54609375 0.04140625 0.12109375
0 0.915625 0.671875 0.0796875 0.35234375
0 0.94921875 0.65234375 0.0234375 0.25
0 0.971875 0.6625 0.05390625 0.40859375
0 0.7296875 0.53984375 0.01640625 0.0375
0 0.16484375 0.55390625 0.025 0.07890625
0 0.0390625 0.64609375 0.05546875 0.11640625