0 0.0421875 0.9125 0.08203125 0.17109375
0 0.034375 0.86015625 0.05625 0.1
0 0.08671875 0.85625 0.04921875 0.23359375
0 0.12578125 0.86015625 0.04921875 0.225
0 0.1796875 0.89296875 0.05625 0.21015625
0 0.3015625 0.815625 0.0421875 0.12734375
0 0.43515625 0.790625 0.034375 0.13515625
0 0.4765625 0.78046875 0.0375 0.13515625
0 0.55546875 0.76328125 0.03671875 0.13984375
0 0.765625 0.89140625 0.0625 0.2125
0 0.81171875 0.89375 0.06015625 0.20859375
0 0.7515625 0.78203125 0.03515625 0.13125
0 0.7171875 0.81015625 0.0328125 0.15
0 0.67421875 0.85 0.034375 0.175
0 0.646875 0.846875 0.0328125 0.18125
0 0.6265625 0.85078125 0.034375 0.16875
0 0.61640625 0.75703125 0.025 0.11015625
0 0.59140625 0.75859375 0.02109375 0.125
0 0.52734375 0.69765625 0.028125 0.12109375
0 0.56796875 0.63984375 0.02109375 0.10859375
0 0.54453125 0.63828125 0.0234375 0.10234375
0 0.48046875 0.69375 0.02265625 0.10859375
0 0.45625 0.684375 0.0234375 0.09765625
0 0.465625 0.6625 0.02265625 0.10390625
0 0.48203125 0.640625 0.025 0.06015625
0 0.40703125 0.74765625 0.0375 0.1625
0 0.43515625 0.68359375 0.028125 0.09140625
0 0.3609375 0.684375 0.0296875 0.10234375
0 0.4609375 0.79140625 0.0328125 0.1125
0 0.32890625 0.66015625 0.02734375 0.12890625
0 0.30546875 0.68203125 0.0234375 0.09375
0 0.284375 0.69609375 0.028125 0.07109375
0 0.28203125 0.66328125 0.025 0.04375
0 0.253125 0.70859375 0.025 0.08359375
0 0.2078125 0.79375 0.03515625 0.075
0 0.21875 0.70546875 0.02265625 0.13515625
0 0.23046875 0.67265625 0.015625 0.0625
0 0.2453125 0.66953125 0.01640625 0.05234375
0 0.828125 0.81484375 0.0390625 0.17109375
0 0.3765625 0.68671875 0.02109375 0.11015625
0 0.7796875 0.80703125 0.025 0.06875
0 0.575 0.74765625 0.02578125 0.14140625
0 0.69296875 0.76796875 0.0203125 0.09765625
0 0.1640625 0.784375 0.0375 0.11484375
0 0.66484375 0.77578125 0.0296875 0.10234375
0 0.9359375 0.88515625 0.03671875 0.225
0 0.665625 0.63984375 0.1734375 0.225
0 0.55546875 0.571875 0.04453125 0.06875
0 0.51640625 0.81640625 0.028125 0.07890625
0 0.434375 0.60546875 0.11953125 0.13125
0 0.35 0.603125 0.0484375 0.10234375
0 0.35859375 0.76328125 0.0859375 0.16484375
0 0.24609375 0.90078125 0.0765625 0.19375
0 0.2875 0.60546875 0.028125 0.06484375
0 0.4625 0.32578125 0.0421875 0.10234375
0 0.68359375 0.91328125 0.09296875 0.16875
0 0.5203125 0.56484375 0.01328125 0.02109375
0 0.2953125 0.653125 0.01328125 0.03515625
0 0.3171875 0.65859375 0.0140625 0.05
0 0.40546875 0.678125 0.04140625 0.01484375
0 0.4515625 0.53046875 0.01328125 0.01875