0 0.0828125 0.81328125 0.01328125 0.04375
0 0.1484375 0.82421875 0.01328125 0.05625
0 0.15546875 0.82421875 0.015625 0.06484375
0 0.18046875 0.82421875 0.01796875 0.06875
0 0.23203125 0.86015625 0.0296875 0.12109375
0 0.2 0.859375 0.0296875 0.11875
0 0.240625 0.82109375 0.0140625 0.05859375
0 0.26796875 0.821875 0.01875 0.07265625
0 0.2515625 0.82734375 0.0203125 0.075
0 0.29453125 0.81875 0.0140625 0.06640625
0 0.31171875 0.81875 0.0203125 0.06640625
0 0.321875 0.825 0.01328125 0.05390625
0 0.40546875 0.8 0.01328125 0.05
0 0.42265625 0.85390625 0.03984375 0.14609375
0 0.43984375 0.840625 0.0234375 0.08984375
0 0.4953125 0.878125 0.0328125 0.14375
0 0.54296875 0.87109375 0.0296875 0.14140625
0 0.55078125 0.80703125 0.01796875 0.06875
0 0.6109375 0.8375 0.02734375 0.15390625
0 0.67421875 0.8375 0.0296875 0.12890625
0 0.7 0.80625 0.02265625 0.0875
0 0.715625 0.80234375 0.01171875 0.08359375
0 0.7484375 0.81640625 0.02734375 0.10390625
0 0.78125 0.80078125 0.0203125 0.08515625
0 0.796875 0.80234375 0.01875 0.08359375
0 0.9046875 0.88359375 0.06484375 0.22890625
0 0.9421875 0.865625 0.05625 0.21015625
0 0.08671875 0.88203125 0.05625 0.04765625
0 0.059375 0.696875 0.015625 0.03125
0 0.209375 0.79921875 0.0109375 0.03125
0 0.28515625 0.8 0.01171875 0.04609375
0 0.30078125 0.790625 0.00859375 0.01875
0 0.303125 0.83359375 0.0109375 0.04140625
0 0.34140625 0.8125 0.02578125 0.06640625
0 0.3640625 0.8 0.02109375 0.04140625
0 0.38046875 0.815625 0.01171875 0.07265625
0 0.39140625 0.740625 0.00859375 0.01484375
0 0.38359375 0.740625 0.00703125 0.01484375
0 0.4140625 0.79140625 0.01328125 0.02109375
0 0.503125 0.78515625 0.015625 0.01640625
0 0.59921875 0.77421875 0.01328125 0.02734375
0 0.6515625 0.784375 0.01171875 0.03984375
0 0.67578125 0.76015625 0.01328125 0.025
0 0.68046875 0.79296875 0.0109375 0.03984375
0 0.7484375 0.771875 0.01328125 0.02265625
0 0.75390625 0.80234375 0.009375 0.02890625
0 0.72578125 0.79296875 0.0109375 0.06015625
0 0.73671875 0.79921875 0.009375 0.03515625
0 0.73671875 0.76953125 0.009375 0.02265625
0 0.76484375 0.79765625 0.00625 0.025
0 0.85078125 0.77109375 0.01875 0.04140625
0 0.92578125 0.78203125 0.01875 0.04765625
0 0.9890625 0.77578125 0.015625 0.03984375
0 0.4390625 0.69140625 0.01171875 0.0375
0 0.49375 0.69296875 0.0140625 0.03125
0 0.37265625 0.69921875 0.02734375 0.02734375
0 0.32421875 0.78671875 0.009375 0.01484375
0 0.86953125 0.76640625 0.01640625 0.02890625