0 0.940625 0.40625 0.11640625 0.675
0 0.86640625 0.34765625 0.11640625 0.49609375
0 0.78203125 0.33359375 0.09296875 0.47109375
0 0.725 0.31953125 0.053125 0.28125
0 0.69609375 0.30546875 0.0328125 0.24765625
0 0.7296875 0.16953125 0.03046875 0.04375
0 0.69765625 0.18359375 0.02734375 0.06640625
0 0.66171875 0.35703125 0.06796875 0.44765625
0 0.59609375 0.525 0.15234375 0.7
0 0.4875 0.58671875 0.11171875 0.56015625
0 0.3921875 0.51640625 0.11953125 0.70390625
0 0.525 0.13203125 0.04375 0.11875
0 0.52578125 0.340625 0.10078125 0.36875
0 0.56171875 0.24609375 0.04375 0.19140625
0 0.475 0.2125 0.02578125 0.12890625
0 0.43984375 0.27421875 0.04921875 0.16484375
0 0.428125 0.1875 0.01796875 0.0625
0 0.4265625 0.23515625 0.02734375 0.12109375
0 0.34765625 0.3 0.04609375 0.24140625
0 0.3390625 0.203125 0.01640625 0.02734375
0 0.309375 0.30390625 0.04375 0.2375
0 0.30703125 0.17890625 0.015625 0.04609375
0 0.290625 0.20390625 0.01796875 0.07109375
0 0.278125 0.215625 0.0140625 0.10625
0 0.27109375 0.21328125 0.0140625 0.10625
0 0.25390625 0.16796875 0.01171875 0.03515625
0 0.109375 0.49921875 0.1734375 0.97265625
0 0.02890625 0.446875 0.0578125 0.72734375
0 0.1953125 0.22109375 0.04609375 0.15
0 0.20234375 0.2375 0.034375 0.10390625
0 0.2296875 0.40703125 0.075 0.40625
0 0.24765625 0.25546875 0.04921875 0.16484375
0 0.92421875 0.29140625 0.03203125 0.13359375
0 0.80546875 0.14375 0.01328125 0.0375
0 0.71015625 0.16640625 0.01171875 0.02890625
0 0.571875 0.18359375 0.03984375 0.09140625
0 0.4984375 0.175 0.02109375 0.05859375
0 0.43671875 0.18515625 0.00703125 0.02890625
0 0.3671875 0.21640625 0.0234375 0.07109375
0 0.1671875 0.15234375 0.071875 0.05390625
0 0.02109375 0.20234375 0.03984375 0.05859375