0 0.040625 0.346875 0.03046875 0.08515625
0 0.10234375 0.3453125 0.02734375 0.06796875
0 0.30546875 0.29375 0.015625 0.04375
0 0.3125 0.28984375 0.0203125 0.04609375
0 0.325 0.28359375 0.0109375 0.03828125
0 0.51640625 0.2734375 0.028125 0.10859375
0 0.55390625 0.26953125 0.0234375 0.0796875
0 0.62578125 0.23359375 0.03203125 0.0703125
0 0.64296875 0.2296875 0.02109375 0.05234375
0 0.65546875 0.26640625 0.05859375 0.128125
0 0.70078125 0.26953125 0.046875 0.1546875
0 0.72265625 0.234375 0.02734375 0.08984375
0 0.65859375 0.36484375 0.05859375 0.1546875
0 0.7390625 0.3421875 0.0609375 0.13984375
0 0.92890625 0.33203125 0.0703125 0.0859375
0 0.9765625 0.35546875 0.0453125 0.17421875
0 0.35078125 0.559375 0.5609375 0.88046875
0 0.7734375 0.5875 0.45 0.821875
0 0.29375 0.278125 0.00703125 0.0171875
0 0.34609375 0.26953125 0.01015625 0.0203125
0 0.47109375 0.26484375 0.0734375 0.06640625
0 0.765625 0.22109375 0.0421875 0.0984375