0 0.00703125 0.7 0.01328125 0.1078125
0 0.0421875 0.7078125 0.01796875 0.05234375
0 0.0515625 0.69765625 0.021875 0.0734375
0 0.08828125 0.615625 0.06015625 0.2296875
0 0.14140625 0.7578125 0.11875 0.48125
0 0.17578125 0.71015625 0.1375 0.5765625
0 0.23203125 0.8109375 0.14375 0.375
0 0.26171875 0.7453125 0.15234375 0.50625
0 0.3375 0.71796875 0.10625 0.553125
0 0.38359375 0.7578125 0.14921875 0.48125
0 0.43515625 0.72890625 0.1125 0.53125
0 0.52265625 0.7109375 0.11015625 0.5453125
0 0.53359375 0.75546875 0.13046875 0.484375
0 0.63515625 0.74921875 0.13359375 0.49921875
0 0.61171875 0.7171875 0.10078125 0.51328125
0 0.67578125 0.51328125 0.06875 0.11875
0 0.73203125 0.53671875 0.12421875 0.16875
0 0.75625 0.771875 0.14765625 0.45390625
0 0.7875 0.775 0.15625 0.446875
0 0.84296875 0.73671875 0.11328125 0.49921875
0 0.89765625 0.5875 0.04375 0.046875
0 0.0703125 0.7 0.03203125 0.06328125
0 0.0890625 0.8359375 0.046875 0.16171875
0 0.23671875 0.53984375 0.02265625 0.03203125
0 0.97578125 0.6296875 0.046875 0.1078125
0 0.88671875 0.62734375 0.05234375 0.11171875