0 0.0578125 0.93359375 0.04765625 0.13203125
0 0.07109375 0.94140625 0.0265625 0.115625
0 0.10703125 0.9265625 0.03515625 0.14453125
0 0.08671875 0.92578125 0.0234375 0.06640625
0 0.03984375 0.88515625 0.01171875 0.01328125
0 0.15 0.921875 0.015625 0.05625
0 0.1640625 0.92109375 0.02265625 0.05703125
0 0.16875 0.92109375 0.0171875 0.05390625
0 0.175 0.92421875 0.015625 0.04609375
0 0.2171875 0.91875 0.04765625 0.1609375
0 0.23828125 0.91328125 0.0078125 0.02734375
0 0.234375 0.9171875 0.01328125 0.03359375
0 0.26484375 0.91640625 0.01328125 0.02890625
0 0.275 0.9140625 0.0234375 0.0703125
0 0.2734375 0.9109375 0.0203125 0.07421875
0 0.30390625 0.91796875 0.015625 0.03515625
0 0.3140625 0.9203125 0.01015625 0.02734375
0 0.34375 0.915625 0.01953125 0.0703125
0 0.35 0.909375 0.009375 0.03515625
0 0.36171875 0.9109375 0.0125 0.046875
0 0.375 0.9234375 0.02421875 0.0453125
0 0.37109375 0.9 0.01015625 0.03203125
0 0.3828125 0.90390625 0.00859375 0.03046875
0 0.3875 0.9046875 0.01171875 0.05
0 0.4015625 0.90859375 0.01484375 0.03671875
0 0.41171875 0.9046875 0.0140625 0.06484375
0 0.4171875 0.90234375 0.00625 0.05
0 0.425 0.90625 0.01171875 0.05234375
0 0.42734375 0.9046875 0.01171875 0.05703125
0 0.43671875 0.90234375 0.0140625 0.059375
0 0.446875 0.89765625 0.01171875 0.05859375
0 0.47265625 0.87890625 0.01015625 0.0140625
0 0.46953125 0.8734375 0.0078125 0.015625
0 0.478125 0.88515625 0.0078125 0.0375
0 0.66640625 0.890625 0.03203125 0.11875
0 0.690625 0.87890625 0.01953125 0.05703125
0 0.7265625 0.89921875 0.03515625 0.13828125
0 0.97578125 0.8515625 0.0171875 0.05703125
0 0.99140625 0.84921875 0.01640625 0.06171875
0 0.9640625 0.8375 0.00625 0.03359375
0 0.6796875 0.8875 0.01796875 0.03515625