0 0.9484375 0.88828125 0.06328125 0.14140625
0 0.92578125 0.8921875 0.03828125 0.121875
0 0.91171875 0.89140625 0.046875 0.1171875
0 0.90078125 0.89140625 0.04140625 0.10859375
0 0.83046875 0.91484375 0.046875 0.125
0 0.81015625 0.90625 0.03046875 0.13828125
0 0.775 0.88203125 0.03125 0.0734375
0 0.76640625 0.86484375 0.01171875 0.034375
0 0.75546875 0.86015625 0.0234375 0.165625
0 0.7234375 0.85078125 0.065625 0.2953125
0 0.696875 0.87421875 0.03984375 0.23984375
0 0.67265625 0.86328125 0.01875 0.14453125
0 0.64609375 0.865625 0.01796875 0.10234375
0 0.62734375 0.74765625 0.046875 0.13984375
0 0.61953125 0.85703125 0.06171875 0.2828125
0 0.59765625 0.8734375 0.01875 0.1296875
0 0.58046875 0.86796875 0.021875 0.11015625
0 0.565625 0.86640625 0.0125 0.09765625
0 0.465625 0.76875 0.18125 0.459375
0 0.2828125 0.80703125 0.046875 0.240625
0 0.25625 0.83828125 0.04609375 0.2578125
0 0.23125 0.84453125 0.028125 0.18671875
0 0.190625 0.7875 0.0890625 0.421875
0 0.19453125 0.88515625 0.059375 0.22734375
0 0.11796875 0.76015625 0.096875 0.47734375
0 0.4 0.8796875 0.0234375 0.1328125
0 0.66328125 0.86484375 0.0203125 0.0875
0 0.6828125 0.8796875 0.01171875 0.0484375
0 0.55078125 0.8609375 0.03125 0.10703125
0 0.2390625 0.77265625 0.021875 0.0359375
0 0.0921875 0.553125 0.18359375 0.14921875
0 0.43203125 0.8328125 0.034375 0.18046875
0 0.4828125 0.9328125 0.02109375 0.03125