0 0.340625 0.83125 0.0234375 0.09140625
0 0.3171875 0.83125 0.025 0.10390625
0 0.3078125 0.82421875 0.0140625 0.08984375
0 0.2953125 0.82265625 0.02265625 0.10390625
0 0.27265625 0.76640625 0.01796875 0.08359375
0 0.2984375 0.76484375 0.0203125 0.05390625
0 0.36796875 0.71796875 0.01796875 0.07265625
0 0.38046875 0.71796875 0.01640625 0.07734375
0 0.42578125 0.65390625 0.01171875 0.05390625
0 0.4171875 0.65390625 0.01328125 0.05390625
0 0.42265625 0.61171875 0.009375 0.04375
0 0.43046875 0.61640625 0.01171875 0.04609375
0 0.4609375 0.578125 0.01328125 0.03984375
0 0.45234375 0.57734375 0.0109375 0.04140625
0 0.23671875 0.54921875 0.0140625 0.03125
0 0.43203125 0.56953125 0.01875 0.05234375
0 0.284375 0.49375 0.0109375 0.04140625
0 0.31953125 0.47578125 0.0296875 0.03984375
0 0.4484375 0.475 0.03046875 0.03359375
0 0.253125 0.44375 0.0109375 0.05390625
0 0.3078125 0.45234375 0.0203125 0.025
0 0.459375 0.528125 0.00859375 0.03984375