0 0.21171875 0.52890625 0.06953125 0.34609375
0 0.26171875 0.56953125 0.065625 0.23984375
0 0.27578125 0.50546875 0.0703125 0.31015625
0 0.321875 0.50703125 0.05859375 0.28515625
0 0.3765625 0.52109375 0.065625 0.26640625
0 0.41875 0.565625 0.04375 0.14375
0 0.48671875 0.52890625 0.0609375 0.27109375
0 0.53203125 0.525 0.065625 0.27890625
0 0.56328125 0.50234375 0.03515625 0.17109375
0 0.58828125 0.50078125 0.0328125 0.16015625
0 0.65078125 0.61015625 0.07890625 0.24140625
0 0.63203125 0.58515625 0.12578125 0.21640625
0 0.73203125 0.56640625 0.103125 0.4125
0 0.93828125 0.56484375 0.06015625 0.30859375
0 0.096875 0.43671875 0.1890625 0.08984375
0 0.3484375 0.50546875 0.02578125 0.26015625
0 0.78203125 0.45859375 0.0390625 0.1
0 0.9515625 0.49765625 0.0296875 0.14140625
0 0.8828125 0.45390625 0.01640625 0.02890625