0 0.7046875 0.6953125 0.20703125 0.60703125
0 0.81015625 0.71484375 0.125 0.56796875
0 0.82578125 0.6359375 0.053125 0.328125
0 0.9015625 0.69453125 0.115625 0.45859375
0 0.93125 0.50625 0.03359375 0.09296875
0 0.2765625 0.56640625 0.03125 0.1359375
0 0.2515625 0.5609375 0.02734375 0.08359375
0 0.2234375 0.546875 0.03515625 0.0640625
0 0.2 0.55078125 0.0265625 0.05703125
0 0.259375 0.528125 0.01796875 0.04296875
0 0.240625 0.5359375 0.01484375 0.0390625
0 0.1421875 0.54765625 0.0375 0.059375
0 0.84375 0.6046875 0.028125 0.215625
0 0.85390625 0.5203125 0.0203125 0.065625
0 0.86640625 0.54609375 0.03125 0.11953125
0 0.2234375 0.5453125 0.03359375 0.06796875
0 0.9140625 0.6859375 0.1703125 0.625
0 0.80546875 0.50625 0.0140625 0.02890625
0 0.7359375 0.51171875 0.02734375 0.034375
0 0.65546875 0.52265625 0.028125 0.034375
0 0.26875 0.5234375 0.01171875 0.01640625
0 0.18984375 0.53515625 0.0078125 0.034375
0 0.5875 0.521875 0.0234375 0.025