0 0.1453125 0.86171875 0.165625 0.27265625
0 0.18828125 0.84296875 0.11640625 0.31015625
0 0.05390625 0.74921875 0.1078125 0.3703125
0 0.06953125 0.61875 0.07265625 0.14140625
0 0.12890625 0.60703125 0.075 0.23984375
0 0.19921875 0.73515625 0.0796875 0.35390625
0 0.25859375 0.72265625 0.1 0.42109375
0 0.33828125 0.81328125 0.0859375 0.36875
0 0.4203125 0.81484375 0.1078125 0.36640625
0 0.35234375 0.63046875 0.07421875 0.13984375
0 0.73046875 0.825 0.1421875 0.34609375
0 0.46640625 0.5625 0.034375 0.19140625
0 0.1453125 0.56484375 0.0609375 0.17109375
0 0.16953125 0.53828125 0.03203125 0.12265625
0 0.1890625 0.540625 0.03515625 0.12734375
0 0.2171875 0.521875 0.028125 0.08125
0 0.2484375 0.503125 0.0375 0.07734375
0 0.3015625 0.546875 0.03046875 0.14375
0 0.33125 0.53359375 0.03984375 0.12109375
0 0.36796875 0.55234375 0.03671875 0.14140625
0 0.3609375 0.496875 0.01796875 0.06015625
0 0.28203125 0.50234375 0.02578125 0.075
0 0.3953125 0.51875 0.025 0.11640625
0 0.42578125 0.5125 0.02734375 0.10390625
0 0.446875 0.51640625 0.025 0.10390625
0 0.6125 0.57265625 0.046875 0.1875
0 0.675 0.57734375 0.046875 0.1875
0 0.51328125 0.5375 0.028125 0.12890625
0 0.534375 0.534375 0.03046875 0.11875
0 0.56953125 0.540625 0.0328125 0.16484375
0 0.59609375 0.53359375 0.03046875 0.14140625
0 0.62890625 0.53125 0.02109375 0.11640625
0 0.6484375 0.53125 0.02734375 0.14140625
0 0.68515625 0.49609375 0.02265625 0.05390625
0 0.78984375 0.58359375 0.03984375 0.17109375
0 0.73359375 0.55546875 0.0421875 0.17734375
0 0.7515625 0.503125 0.01796875 0.06875
0 0.7234375 0.47734375 0.02265625 0.0625
0 0.85546875 0.546875 0.0375 0.17265625
0 0.82421875 0.578125 0.04921875 0.17734375
0 0.78203125 0.55859375 0.0390625 0.15
0 0.82890625 0.53984375 0.0375 0.15859375
0 0.215625 0.475 0.0234375 0.05390625
0 0.31328125 0.48359375 0.01640625 0.0625
0 0.34375 0.48125 0.03046875 0.0625
0 0.375 0.46640625 0.03203125 0.05390625
0 0.40703125 0.48125 0.028125 0.08359375
0 0.5515625 0.47890625 0.25625 0.09140625
0 0.7015625 0.47734375 0.028125 0.075
0 0.79140625 0.49296875 0.05390625 0.10625
0 0.93671875 0.784375 0.12421875 0.23125
0 0.98125 0.57734375 0.03515625 0.16640625
0 0.91953125 0.490625 0.06484375 0.08125