0 0.10234375 0.415625 0.1453125 0.4484375
0 0.15859375 0.4234375 0.2375 0.6015625
0 0.14921875 0.08203125 0.06875 0.115625
0 0.23046875 0.43046875 0.1046875 0.39765625
0 0.33984375 0.51171875 0.184375 0.6875
0 0.4515625 0.51484375 0.15390625 0.69921875
0 0.38515625 0.134375 0.0546875 0.09140625
0 0.56328125 0.36015625 0.06953125 0.26484375
0 0.5734375 0.32734375 0.08359375 0.15078125
0 0.71015625 0.39921875 0.078125 0.28125
0 0.71015625 0.3578125 0.0703125 0.284375
0 0.825 0.1703125 0.04609375 0.11875
0 0.93828125 0.1796875 0.06171875 0.12578125
0 0.90390625 0.41640625 0.05625 0.34140625
0 0.8640625 0.42890625 0.14609375 0.3890625
0 0.05078125 0.26953125 0.04765625 0.1140625
0 0.04765625 0.3578125 0.06171875 0.21328125
0 0.984375 0.3921875 0.02890625 0.25703125
0 0.84453125 0.2890625 0.02578125 0.04609375
0 0.765625 0.3421875 0.0609375 0.1421875
0 0.675 0.2984375 0.0453125 0.1265625
0 0.59765625 0.334375 0.0375 0.1109375
0 0.40234375 0.51484375 0.08359375 0.20859375
0 0.2234375 0.2828125 0.10234375 0.12890625
0 0.32734375 0.24296875 0.025 0.025
0 0.94765625 0.0859375 0.103125 0.13359375
0 0.671875 0.13359375 0.04453125 0.05859375
0 0.0125 0.334375 0.025 0.1609375
0 0.06875 0.23828125 0.02265625 0.02421875
0 0.49921875 0.403125 0.0984375 0.421875