0 0.05859375 0.675 0.1171875 0.44609375
0 0.1625 0.62265625 0.13984375 0.54609375
0 0.05 0.46171875 0.0765625 0.22734375
0 0.0984375 0.54921875 0.04453125 0.33125
0 0.1046875 0.40703125 0.053125 0.11484375
0 0.1875 0.375 0.04140625 0.15
0 0.28203125 0.51796875 0.05859375 0.36015625
0 0.30234375 0.50703125 0.02734375 0.31875
0 0.37109375 0.509375 0.075 0.35234375
0 0.35859375 0.49765625 0.05078125 0.325
0 0.359375 0.47421875 0.0375 0.28984375
0 0.37109375 0.315625 0.0328125 0.06875
0 0.44140625 0.53203125 0.08203125 0.33515625
0 0.43671875 0.51484375 0.0375 0.325
0 0.45859375 0.34453125 0.0390625 0.07734375
0 0.48984375 0.4875 0.05078125 0.35390625
0 0.5265625 0.53125 0.0671875 0.3875
0 0.571875 0.5 0.05390625 0.3375
0 0.684375 0.47265625 0.05625 0.3125
0 0.725 0.46953125 0.071875 0.33515625
0 0.82890625 0.45234375 0.07734375 0.32890625
0 0.88125 0.48671875 0.06953125 0.28125
0 0.94921875 0.45078125 0.0515625 0.30234375
0 0.9796875 0.50234375 0.0390625 0.225
0 0.98203125 0.31328125 0.03046875 0.17734375
0 0.91875 0.32578125 0.03203125 0.20234375
0 0.8984375 0.32421875 0.025 0.15625
0 0.87421875 0.27421875 0.0421875 0.09765625
0 0.8484375 0.28515625 0.028125 0.11640625
0 0.81328125 0.29140625 0.028125 0.14140625
0 0.82265625 0.23671875 0.01640625 0.08515625
0 0.80078125 0.28984375 0.02109375 0.11640625
0 0.79765625 0.271875 0.02265625 0.13515625
0 0.7828125 0.28203125 0.01640625 0.11015625
0 0.72890625 0.259375 0.03046875 0.11015625
0 0.73828125 0.240625 0.0140625 0.08984375
0 0.678125 0.265625 0.0203125 0.07734375
0 0.68515625 0.21640625 0.01171875 0.07109375
0 0.5984375 0.34296875 0.0421875 0.19765625
0 0.6015625 0.2875 0.0390625 0.1125
0 0.5609375 0.31171875 0.03984375 0.20625
0 0.51171875 0.29609375 0.03515625 0.1125
0 0.5203125 0.28203125 0.0203125 0.07265625
0 0.496875 0.25078125 0.02265625 0.06484375
0 0.47265625 0.27734375 0.0390625 0.08359375
0 0.45390625 0.27265625 0.0328125 0.09609375
0 0.4609375 0.23359375 0.01796875 0.05
0 0.4390625 0.228125 0.02578125 0.06015625
0 0.4359375 0.33203125 0.05546875 0.23125
0 0.41328125 0.29375 0.02109375 0.16640625
0 0.36875 0.29453125 0.0625 0.17265625
0 0.3359375 0.29375 0.02265625 0.15390625
0 0.31015625 0.340625 0.04375 0.23515625
0 0.31015625 0.35078125 0.046875 0.21015625
0 0.265625 0.33359375 0.03671875 0.20390625
0 0.24296875 0.33046875 0.03046875 0.21484375
0 0.2203125 0.3375 0.03515625 0.20859375
0 0.20625 0.26640625 0.025 0.1
0 0.190625 0.26796875 0.02734375 0.07734375
0 0.13203125 0.30390625 0.04609375 0.16640625
0 0.1140625 0.284375 0.034375 0.08984375
0 0.159375 0.29453125 0.03046875 0.11484375
0 0.01640625 0.34765625 0.0328125 0.2046875
0 0.03203125 0.31796875 0.03046875 0.14765625
0 0.00546875 0.44375 0.0109375 0.0625
0 0.50546875 0.353125 0.03671875 0.10234375
0 0.78125 0.23359375 0.01328125 0.02109375
0 0.721875 0.22265625 0.01171875 0.025
0 0.70625 0.20390625 0.009375 0.04140625
0 0.675 0.22734375 0.009375 0.04140625
0 0.4828125 0.27265625 0.015625 0.05
0 0.390625 0.24765625 0.03203125 0.05390625
0 0.2921875 0.26484375 0.02109375 0.0625
0 0.10625 0.27109375 0.06015625 0.1125
0 0.04921875 0.30625 0.0234375 0.08359375