0 0.55234375 0.77421875 0.07421875 0.29375
0 0.23203125 0.78984375 0.07734375 0.35390625
0 0.1234375 0.78125 0.090625 0.37890625
0 0.1515625 0.63515625 0.02109375 0.04609375
0 0.034375 0.80390625 0.06796875 0.3875
0 0.0390625 0.75703125 0.053125 0.23515625
0 0.04296875 0.640625 0.0203125 0.04375
0 0.06015625 0.67265625 0.02265625 0.09609375
0 0.20390625 0.65625 0.01328125 0.05390625
0 0.25703125 0.65078125 0.0328125 0.09375
0 0.2703125 0.72109375 0.0375 0.1875
0 0.30390625 0.68125 0.02109375 0.08359375
0 0.3125 0.66796875 0.01875 0.07734375
0 0.34765625 0.671875 0.02109375 0.07265625
0 0.3375 0.65703125 0.00859375 0.04375
0 0.3890625 0.65703125 0.00859375 0.04375
0 0.39375 0.659375 0.01328125 0.04765625
0 0.428125 0.65703125 0.00859375 0.03125
0 0.4375 0.659375 0.01171875 0.04375
0 0.45 0.66484375 0.01328125 0.05
0 0.45859375 0.66328125 0.009375 0.04765625
0 0.46484375 0.66953125 0.009375 0.06015625
0 0.4765625 0.665625 0.01640625 0.07265625
0 0.4890625 0.66953125 0.01875 0.07734375
0 0.5015625 0.66875 0.01171875 0.06640625
0 0.50859375 0.67109375 0.01328125 0.07890625
0 0.5171875 0.67109375 0.01328125 0.075
0 0.52265625 0.65546875 0.0140625 0.07734375
0 0.5609375 0.65625 0.01171875 0.04609375
0 0.575 0.68828125 0.02578125 0.12734375
0 0.61171875 0.67109375 0.01875 0.0625
0 0.63125 0.70234375 0.03046875 0.14140625
0 0.63828125 0.69609375 0.01796875 0.12109375
0 0.65546875 0.68984375 0.015625 0.11640625
0 0.6671875 0.68984375 0.015625 0.09609375
0 0.6734375 0.653125 0.0109375 0.03515625
0 0.678125 0.7125 0.02109375 0.13359375
0 0.690625 0.65390625 0.01796875 0.05390625
0 0.70078125 0.72109375 0.0375 0.1625
0 0.69921875 0.69765625 0.0296875 0.10859375
0 0.715625 0.66796875 0.01796875 0.07265625
0 0.73203125 0.72109375 0.034375 0.14609375
0 0.73203125 0.66015625 0.015625 0.05390625
0 0.75234375 0.725 0.0375 0.18359375
0 0.76015625 0.64296875 0.015625 0.03984375
0 0.77421875 0.70859375 0.02265625 0.15
0 0.81171875 0.7125 0.0390625 0.15390625
0 0.8453125 0.728125 0.0515625 0.20234375
0 0.8734375 0.7 0.025 0.15
0 0.89375 0.72109375 0.034375 0.1625
0 0.91328125 0.70625 0.028125 0.15859375
0 0.97734375 0.73671875 0.04375 0.21875
0 0.61875 0.709375 0.01640625 0.09375
0 0.903125 0.721875 0.025 0.16015625
0 0.17578125 0.653125 0.01328125 0.06484375
0 0.24140625 0.63359375 0.01640625 0.04140625
0 0.29375 0.70625 0.00859375 0.02109375
0 0.29609375 0.653125 0.01328125 0.03984375
0 0.32421875 0.653125 0.01875 0.03515625
0 0.36796875 0.65078125 0.0390625 0.03984375
0 0.4234375 0.63828125 0.06484375 0.03515625
0 0.4640625 0.6375 0.0203125 0.0125
0 0.48203125 0.646875 0.00859375 0.02265625
0 0.49375 0.64140625 0.0046875 0.00859375
0 0.534375 0.65078125 0.01640625 0.04765625
0 0.59765625 0.67578125 0.015625 0.06875
0 0.61875 0.646875 0.01875 0.03515625
0 0.72265625 0.65234375 0.01171875 0.02890625
0 0.79453125 0.68515625 0.01640625 0.125
0 0.99453125 0.721875 0.00859375 0.05234375
0 0.2640625 0.33515625 0.0375 0.03359375
0 0.5203125 0.67890625 0.009375 0.04609375
0 0.8609375 0.75390625 0.01328125 0.05859375