0 0.95625 0.3765625 0.0859375 0.28046875
0 0.903125 0.38046875 0.0921875 0.2140625
0 0.87265625 0.346875 0.02890625 0.0640625
0 0.8859375 0.340625 0.0171875 0.059375
0 0.89453125 0.34453125 0.0140625 0.06484375
0 0.7453125 0.4140625 0.08515625 0.37734375
0 0.7421875 0.4078125 0.09765625 0.3140625
0 0.6015625 0.39140625 0.078125 0.196875
0 0.68828125 0.35234375 0.0109375 0.04609375
0 0.6984375 0.346875 0.01484375 0.05546875
0 0.5375 0.35078125 0.009375 0.03359375
0 0.5203125 0.35390625 0.00859375 0.03125
0 0.51328125 0.35234375 0.00859375 0.03046875
0 0.4828125 0.35078125 0.009375 0.03359375
0 0.47578125 0.3578125 0.0125 0.0359375
0 0.45 0.41015625 0.0390625 0.209375
0 0.4203125 0.4421875 0.0953125 0.27109375
0 0.3859375 0.44375 0.1015625 0.30859375
0 0.30078125 0.409375 0.06171875 0.20078125
0 0.32734375 0.3625 0.009375 0.034375
0 0.2703125 0.36640625 0.0125 0.05625
0 0.21875 0.415625 0.0671875 0.23671875
0 0.16328125 0.390625 0.04609375 0.14921875
0 0.19609375 0.39453125 0.03515625 0.1234375
0 0.01484375 0.39765625 0.02890625 0.08984375
0 0.24609375 0.390625 0.025 0.12421875
0 0.6625 0.34765625 0.034375 0.02578125
0 0.77890625 0.34140625 0.0171875 0.04296875
0 0.6140625 0.340625 0.00859375 0.01328125
0 0.4 0.34609375 0.02421875 0.03671875