0 0.09296875 0.88359375 0.1 0.225
0 0.03828125 0.69609375 0.04609375 0.14140625
0 0.08515625 0.74296875 0.04609375 0.09765625
0 0.12890625 0.75390625 0.06484375 0.275
0 0.18359375 0.68359375 0.0625 0.18359375
0 0.128125 0.790625 0.046875 0.21015625
0 0.16875 0.86171875 0.090625 0.27265625
0 0.21875 0.78203125 0.05546875 0.28125
0 0.26796875 0.69140625 0.03046875 0.09140625
0 0.30625 0.67421875 0.0328125 0.08984375
0 0.30234375 0.78359375 0.07421875 0.24609375
0 0.24765625 0.87109375 0.065625 0.13359375
0 0.27421875 0.946875 0.090625 0.10234375
0 0.41171875 0.8875 0.11875 0.22109375
0 0.3171875 0.85078125 0.11171875 0.29375
0 0.37734375 0.778125 0.06015625 0.31875
0 0.340625 0.68359375 0.025 0.14140625
0 0.359375 0.634375 0.01796875 0.05234375
0 0.37109375 0.62109375 0.0296875 0.06640625
0 0.44375 0.690625 0.0421875 0.17265625
0 0.409375 0.696875 0.03515625 0.17734375
0 0.49375 0.80546875 0.053125 0.27265625
0 0.54140625 0.734375 0.06328125 0.15625
0 0.51796875 0.86953125 0.14765625 0.25625
0 0.59375 0.86796875 0.06328125 0.25234375
0 0.64921875 0.84296875 0.07734375 0.31015625
0 0.7921875 0.79921875 0.06796875 0.30234375
0 0.8359375 0.83359375 0.1 0.32890625
0 0.95078125 0.81875 0.09609375 0.35859375
0 0.3171875 0.66015625 0.0296875 0.11640625
0 0.04453125 0.775 0.0234375 0.0375
0 0.00546875 0.946875 0.0109375 0.08984375
0 0.01171875 0.70859375 0.0234375 0.07890625
0 0.0578125 0.60625 0.04921875 0.12890625
0 0.234375 0.63203125 0.1984375 0.12265625
0 0.43046875 0.625 0.0328125 0.075
0 0.4 0.640625 0.0109375 0.01875
0 0.46171875 0.725 0.03671875 0.1125
0 0.24609375 0.71640625 0.01328125 0.04609375