0 0.165625 0.42421875 0.021875 0.128125
0 0.18046875 0.4734375 0.0875 0.29609375
0 0.2 0.49375 0.06171875 0.25078125
0 0.39140625 0.47109375 0.0203125 0.13359375
0 0.43046875 0.48828125 0.02734375 0.10625
0 0.44765625 0.49453125 0.02109375 0.09453125
0 0.46875 0.4921875 0.02578125 0.09921875
0 0.53984375 0.48046875 0.03515625 0.165625
0 0.6171875 0.4859375 0.06640625 0.29296875
0 0.5 0.47734375 0.0578125 0.22109375
0 0.8015625 0.49921875 0.271875 0.9984375
0 0.9265625 0.49921875 0.1421875 0.996875
0 0.50234375 0.48671875 0.05546875 0.11328125
0 0.10546875 0.49296875 0.0578125 0.06328125
0 0.75078125 0.9078125 0.41484375 0.18203125