0 0.12890625 0.7265625 0.1421875 0.54296875
0 0.19140625 0.61328125 0.0359375 0.18125
0 0.2375 0.659375 0.08125 0.31875
0 0.21796875 0.60234375 0.0296875 0.17734375
0 0.2796875 0.55078125 0.01875 0.05625
0 0.290625 0.61171875 0.034375 0.1390625
0 0.3125 0.60078125 0.028125 0.15703125
0 0.33125 0.6140625 0.05625 0.19765625
0 0.38046875 0.5921875 0.0234375 0.15234375
0 0.4015625 0.6140625 0.046875 0.18828125
0 0.4421875 0.621875 0.046875 0.1953125
0 0.47421875 0.6390625 0.0578125 0.2375
0 0.51953125 0.69921875 0.1171875 0.36796875
0 0.55 0.540625 0.0375 0.08046875
0 0.571875 0.62578125 0.065625 0.26484375
0 0.628125 0.675 0.1 0.32734375
0 0.6796875 0.6578125 0.059375 0.2890625
0 0.7359375 0.66171875 0.06875 0.2828125
0 0.75859375 0.6296875 0.0671875 0.3140625
0 0.81640625 0.6359375 0.0640625 0.38359375
0 0.8515625 0.63125 0.059375 0.3296875
0 0.8453125 0.63359375 0.04375 0.31171875
0 0.9078125 0.65234375 0.0875 0.35390625
0 0.921875 0.615625 0.040625 0.29375
0 0.9671875 0.6109375 0.034375 0.27109375
0 0.98125 0.64453125 0.034375 0.3703125
0 0.0359375 0.72109375 0.071875 0.4328125
0 0.1640625 0.53359375 0.028125 0.0359375
0 0.08984375 0.54296875 0.0171875 0.02265625
0 0.2609375 0.54453125 0.028125 0.04453125
0 0.32578125 0.5359375 0.0109375 0.02265625
0 0.359375 0.5828125 0.03125 0.12578125
0 0.42734375 0.5953125 0.0359375 0.128125
0 0.46171875 0.54375 0.0109375 0.02890625
0 0.4953125 0.54453125 0.03125 0.05859375
0 0.60390625 0.5390625 0.0203125 0.046875
0 0.6 0.765625 0.021875 0.0875
0 0.6328125 0.7671875 0.021875 0.09453125
0 0.6515625 0.540625 0.034375 0.05859375
0 0.70859375 0.58828125 0.0234375 0.13671875
0 0.20625 0.54296875 0.015625 0.0265625
0 0.27265625 0.62890625 0.0203125 0.025