0 0.02890625 0.4109375 0.0578125 0.11953125
0 0.04375 0.36796875 0.04765625 0.04921875
0 0.25703125 0.43125 0.0703125 0.1546875
0 0.54375 0.36484375 0.0203125 0.04453125
0 0.6640625 0.35390625 0.015625 0.03203125
0 0.6890625 0.35625 0.0140625 0.03359375
0 0.625 0.35625 0.03828125 0.03984375
0 0.64765625 0.36796875 0.02421875 0.05234375
0 0.6671875 0.396875 0.03828125 0.0609375
0 0.7328125 0.36328125 0.021875 0.04765625
0 0.703125 0.390625 0.02578125 0.03515625
0 0.721875 0.40546875 0.03203125 0.0609375
0 0.77578125 0.390625 0.03203125 0.03828125
0 0.93515625 0.3765625 0.0421875 0.0859375
0 0.875 0.45 0.0859375 0.2359375
0 0.96796875 0.55078125 0.06015625 0.375
0 0.79375 0.5203125 0.13984375 0.34765625
0 0.57265625 0.4015625 0.05 0.13046875
0 0.603125 0.42109375 0.07421875 0.15
0 0.66015625 0.6859375 0.2078125 0.5390625
0 0.0796875 0.38125 0.04375 0.04453125
0 0.5109375 0.38671875 0.021875 0.03984375
0 0.56171875 0.34921875 0.0203125 0.02265625
0 0.61015625 0.3453125 0.0078125 0.0078125
0 0.63203125 0.34453125 0.01171875 0.00625
0 0.74609375 0.390625 0.028125 0.03203125
0 0.971875 0.371875 0.05234375 0.04765625
0 0.9046875 0.36328125 0.034375 0.03828125
0 0.92265625 0.40859375 0.0296875 0.0640625
0 0.3828125 0.540625 0.34609375 0.9125