0 0.0609375 0.7046875 0.10078125 0.37265625
0 0.18984375 0.7 0.09609375 0.38125
0 0.2578125 0.71171875 0.0578125 0.22265625
0 0.23125 0.63046875 0.01484375 0.0828125
0 0.2484375 0.6671875 0.02265625 0.16171875
0 0.2734375 0.6359375 0.0375 0.103125
0 0.3 0.67578125 0.025 0.17890625
0 0.3171875 0.68515625 0.0578125 0.16484375
0 0.3171875 0.67890625 0.0328125 0.18671875
0 0.33515625 0.6765625 0.01953125 0.15703125
0 0.35390625 0.6890625 0.0484375 0.18671875
0 0.37578125 0.63828125 0.02265625 0.1140625
0 0.39375 0.6515625 0.02421875 0.109375
0 0.421875 0.64296875 0.02890625 0.12734375
0 0.409375 0.640625 0.01875 0.10078125
0 0.4359375 0.60546875 0.01484375 0.02578125
0 0.44453125 0.60625 0.025 0.034375
0 0.43203125 0.678125 0.03046875 0.1328125
0 0.45703125 0.59609375 0.0125 0.03203125
0 0.4609375 0.60390625 0.01640625 0.0234375
0 0.46953125 0.70625 0.06640625 0.2625
0 0.49765625 0.68515625 0.02421875 0.11875
0 0.48671875 0.60078125 0.0140625 0.034375
0 0.5 0.61796875 0.03125 0.071875
0 0.509375 0.60078125 0.01484375 0.02109375
0 0.5140625 0.6515625 0.01796875 0.1203125
0 0.5390625 0.60546875 0.040625 0.0625
0 0.53671875 0.65625 0.03984375 0.11796875
0 0.53984375 0.71953125 0.0484375 0.23359375
0 0.571875 0.609375 0.02265625 0.05078125
0 0.5796875 0.60625 0.0234375 0.03671875
0 0.565625 0.73515625 0.059375 0.23203125
0 0.61953125 0.71484375 0.10078125 0.33984375
0 0.6515625 0.70390625 0.04921875 0.28515625
0 0.6875 0.7640625 0.04609375 0.16484375
0 0.67109375 0.61875 0.025 0.05
0 0.74375 0.70859375 0.13046875 0.51171875
0 0.8109375 0.6921875 0.0453125 0.234375
0 0.87421875 0.70234375 0.05234375 0.22265625
0 0.98671875 0.64453125 0.015625 0.09453125
0 0.77734375 0.6671875 0.0265625 0.24453125
0 0.66796875 0.603125 0.0421875 0.04140625
0 0.45390625 0.5921875 0.29296875 0.04609375