0 0.365625 0.72890625 0.15390625 0.5375
0 0.70234375 0.71328125 0.165625 0.56875
0 0.9375 0.62109375 0.121875 0.7546875
0 0.8953125 0.67265625 0.1125 0.6375
0 0.05625 0.65546875 0.1125 0.3828125
0 0.0265625 0.66875 0.0390625 0.27109375
0 0.1234375 0.628125 0.05390625 0.31484375
0 0.15703125 0.61484375 0.0328125 0.20859375
0 0.2484375 0.675 0.1078125 0.40859375
0 0.23671875 0.65703125 0.05078125 0.39765625
0 0.20078125 0.61953125 0.05390625 0.27265625
0 0.18515625 0.59609375 0.03671875 0.24140625
0 0.4078125 0.55703125 0.08125 0.21875
0 0.34140625 0.653125 0.065625 0.35625
0 0.515625 0.65234375 0.1 0.40859375
0 0.58203125 0.646875 0.04921875 0.36875
0 0.4984375 0.64140625 0.06015625 0.36640625
0 0.5921875 0.61953125 0.07890625 0.37265625
0 0.6265625 0.54765625 0.0375 0.11640625
0 0.77578125 0.60234375 0.075 0.25
0 0.45390625 0.53046875 0.0203125 0.07265625
0 0.31796875 0.56640625 0.028125 0.13359375
0 0.29921875 0.55859375 0.02578125 0.11640625
0 0.76796875 0.49375 0.0421875 0.05390625
0 0.63515625 0.51796875 0.05390625 0.08984375
0 0.334375 0.51640625 0.0140625 0.025
0 0.1578125 0.53125 0.034375 0.08359375
0 0.09921875 0.553125 0.04375 0.14375
0 0.0140625 0.603125 0.028125 0.2
0 0.04453125 0.51484375 0.01875 0.075
0 0.04921875 0.76171875 0.01640625 0.05234375
0 0.36171875 0.26015625 0.12890625 0.12890625