0 0.059375 0.54453125 0.0984375 0.43203125
0 0.11484375 0.50546875 0.07265625 0.4015625
0 0.1359375 0.5515625 0.09140625 0.4265625
0 0.16875 0.53203125 0.05234375 0.403125
0 0.2015625 0.3453125 0.04609375 0.103125
0 0.24765625 0.35859375 0.03515625 0.0734375
0 0.225 0.540625 0.1046875 0.4453125
0 0.271875 0.34921875 0.04375 0.13828125
0 0.2921875 0.32421875 0.0359375 0.06484375
0 0.31953125 0.5109375 0.10859375 0.48515625
0 0.3796875 0.50546875 0.0546875 0.428125
0 0.41640625 0.53203125 0.0921875 0.43359375
0 0.44765625 0.3421875 0.03984375 0.078125
0 0.46015625 0.36328125 0.03515625 0.09296875
0 0.50234375 0.5328125 0.0953125 0.428125
0 0.53125 0.3265625 0.07265625 0.11640625
0 0.53203125 0.37265625 0.05859375 0.13828125
0 0.59296875 0.5296875 0.1015625 0.46015625
0 0.5953125 0.30546875 0.0671875 0.1046875
0 0.6515625 0.37578125 0.0875 0.21484375
0 0.69609375 0.3421875 0.04765625 0.13828125
0 0.71953125 0.5484375 0.09609375 0.4265625
0 0.759375 0.34296875 0.07890625 0.146875
0 0.771875 0.52578125 0.08125 0.4484375
0 0.8625 0.53359375 0.11484375 0.4765625
0 0.01328125 0.49296875 0.0265625 0.2796875