0 0.0546875 0.6296875 0.065625 0.2953125
0 0.1734375 0.4984375 0.0625 0.3140625
0 0.1765625 0.44765625 0.06015625 0.16484375
0 0.21640625 0.4859375 0.06953125 0.26484375
0 0.28359375 0.49296875 0.0984375 0.28671875
0 0.29140625 0.37578125 0.040625 0.08984375
0 0.36796875 0.453125 0.075 0.1796875
0 0.82109375 0.60625 0.0953125 0.26171875
0 0.33515625 0.4078125 0.05703125 0.1390625
0 0.23984375 0.215625 0.27890625 0.0984375
0 0.33125 0.63984375 0.18125 0.08125
0 0.46953125 0.615625 0.06875 0.10390625
0 0.1828125 0.38203125 0.0375 0.02734375
0 0.80546875 0.8609375 0.0625 0.2