0 0.0203125 0.54375 0.01171875 0.04609375
0 0.028125 0.540625 0.0140625 0.04765625
0 0.05859375 0.53984375 0.01171875 0.05390625
0 0.06640625 0.5375 0.015625 0.05859375
0 0.0921875 0.53515625 0.01328125 0.05859375
0 0.10078125 0.53203125 0.01640625 0.05625
0 0.1171875 0.53046875 0.0140625 0.05234375
0 0.12890625 0.53046875 0.01328125 0.05625
0 0.140625 0.496875 0.0109375 0.02734375
0 0.14609375 0.53828125 0.01796875 0.09765625
0 0.153125 0.49921875 0.0109375 0.03125
0 0.1625 0.53671875 0.01796875 0.10234375
0 0.14375 0.50703125 0.015625 0.03515625
0 0.1765625 0.50078125 0.01328125 0.06484375
0 0.19296875 0.50234375 0.015625 0.0625
0 0.21015625 0.50390625 0.01171875 0.07109375
0 0.21640625 0.5 0.0109375 0.0625
0 0.246875 0.48203125 0.0109375 0.04375
0 0.25390625 0.490625 0.015625 0.06015625
0 0.26328125 0.49609375 0.01328125 0.06640625
0 0.27109375 0.49375 0.01640625 0.05390625
0 0.2984375 0.515625 0.02578125 0.05234375
0 0.3453125 0.49765625 0.01328125 0.05859375
0 0.35625 0.49765625 0.01328125 0.05859375
0 0.36796875 0.50078125 0.0203125 0.06015625
0 0.4109375 0.47578125 0.02109375 0.03984375
0 0.428125 0.47265625 0.01875 0.04609375
0 0.45625 0.48359375 0.01796875 0.08359375
0 0.4734375 0.45625 0.01328125 0.0375
0 0.46875 0.51875 0.0203125 0.09140625
0 0.484375 0.50234375 0.0203125 0.0625
0 0.4875 0.48828125 0.0109375 0.07265625
0 0.50078125 0.50078125 0.01796875 0.08125
0 0.53828125 0.47421875 0.0109375 0.06875
0 0.54453125 0.46796875 0.0140625 0.07265625
0 0.55546875 0.52578125 0.02109375 0.11484375
0 0.5640625 0.521875 0.015625 0.09375
0 0.56640625 0.465625 0.015625 0.08125
0 0.571875 0.46796875 0.01328125 0.06015625
0 0.578125 0.471875 0.015625 0.08125
0 0.590625 0.46953125 0.01328125 0.07734375
0 0.59921875 0.475 0.01328125 0.06640625
0 0.60390625 0.46171875 0.00859375 0.06484375
0 0.609375 0.47421875 0.01328125 0.06875
0 0.6125 0.45546875 0.01171875 0.06015625
0 0.61796875 0.45703125 0.0109375 0.04765625
0 0.62578125 0.46015625 0.009375 0.0375
0 0.63359375 0.46015625 0.01328125 0.0625
0 0.64921875 0.46796875 0.01171875 0.06875
0 0.66015625 0.46953125 0.015625 0.06875
0 0.6765625 0.46015625 0.0109375 0.05390625
0 0.6828125 0.45390625 0.009375 0.0375
0 0.68671875 0.46484375 0.009375 0.05390625
0 0.6921875 0.48203125 0.01328125 0.06015625
0 0.70859375 0.46796875 0.01171875 0.05625
0 0.71328125 0.45546875 0.0109375 0.03984375
0 0.72265625 0.478125 0.01171875 0.06875
0 0.6421875 0.46953125 0.009375 0.02734375
0 0.72734375 0.48125 0.01328125 0.075
0 0.73359375 0.46953125 0.009375 0.05625
0 0.74140625 0.47421875 0.0109375 0.05234375
0 0.7484375 0.47890625 0.01328125 0.0625
0 0.75546875 0.47890625 0.0109375 0.05859375
0 0.75859375 0.48203125 0.01171875 0.06015625
0 0.7625 0.48046875 0.0109375 0.05625
0 0.7828125 0.48359375 0.01171875 0.05859375
0 0.7875 0.48671875 0.0140625 0.06484375
0 0.8046875 0.49609375 0.01796875 0.07890625
0 0.921875 0.484375 0.01328125 0.06015625
0 0.93046875 0.465625 0.009375 0.01875
0 0.93671875 0.49921875 0.01640625 0.07265625
0 0.95078125 0.51171875 0.01171875 0.08984375
0 0.95625 0.51875 0.01171875 0.09609375
0 0.88359375 0.490625 0.0109375 0.06875
0 0.959375 0.51015625 0.0109375 0.09140625
0 0.96875 0.51015625 0.0109375 0.07890625
0 0.97421875 0.52109375 0.01171875 0.0875
0 0.93046875 0.56796875 0.02734375 0.16875
0 0.9109375 0.584375 0.03046875 0.13984375
0 0.859375 0.59140625 0.02734375 0.1375
0 0.8515625 0.51484375 0.01328125 0.0625
0 0.86171875 0.50859375 0.01328125 0.025
0 0.8375 0.57421875 0.0296875 0.10625
0 0.82265625 0.55546875 0.03984375 0.11015625
0 0.78671875 0.52265625 0.01796875 0.0375
0 0.77265625 0.55234375 0.028125 0.075
0 0.7703125 0.503125 0.01171875 0.03984375
0 0.7609375 0.52578125 0.01875 0.05625
0 0.73203125 0.56328125 0.03203125 0.08515625
0 0.7328125 0.51328125 0.025 0.03984375
0 0.721875 0.56640625 0.02578125 0.09609375
0 0.70625 0.51875 0.0203125 0.0375
0 0.70703125 0.590625 0.0296875 0.09375
0 0.67109375 0.59453125 0.03046875 0.11484375
0 0.68515625 0.534375 0.01875 0.06015625
0 0.671875 0.5375 0.0296875 0.08359375
0 0.39140625 0.54921875 0.0390625 0.12265625
0 0.38984375 0.53984375 0.028125 0.12890625
0 0.23671875 0.5875 0.028125 0.15859375
0 0.9421875 0.49921875 0.01171875 0.05234375
0 0.9046875 0.49140625 0.01171875 0.075
0 0.13046875 0.73125 0.09375 0.18359375
0 0.8203125 0.47578125 0.04921875 0.04375
0 0.859375 0.478125 0.025 0.03125
0 0.89296875 0.48515625 0.01171875 0.04609375
0 0.99375 0.615625 0.0109375 0.10234375
0 0.91015625 0.52265625 0.04609375 0.025
0 0.81484375 0.52265625 0.04375 0.05390625
0 0.5171875 0.46328125 0.04375 0.03984375
0 0.37890625 0.48125 0.065625 0.05390625
0 0.00703125 0.52734375 0.009375 0.025
0 0.06484375 0.51875 0.00703125 0.02109375
0 0.228125 0.48984375 0.02265625 0.05390625
0 0.2890625 0.51640625 0.015625 0.0625
0 0.321875 0.47109375 0.0140625 0.03359375
0 0.55390625 0.43984375 0.0140625 0.02890625
0 0.6453125 0.45703125 0.01171875 0.04765625
0 0.6875 0.45703125 0.00703125 0.02265625
0 0.75390625 0.565625 0.0203125 0.07734375
0 0.9140625 0.48046875 0.00703125 0.03125