0 0.853125 0.915625 0.08203125 0.16484375
0 0.74765625 0.92109375 0.05859375 0.15390625
0 0.39140625 0.80078125 0.09375 0.39375
0 0.54453125 0.78515625 0.16171875 0.425
0 0.5796875 0.9 0.1109375 0.19609375
0 0.4453125 0.81953125 0.1625 0.35625
0 0.13046875 0.840625 0.0625 0.15234375
0 0.203125 0.859375 0.05625 0.12265625
0 0.146875 0.83671875 0.03515625 0.10234375
0 0.20390625 0.85390625 0.05625 0.1125
0 0.20625 0.78125 0.0359375 0.125
0 0.23828125 0.784375 0.04140625 0.11875
0 0.27109375 0.71328125 0.0234375 0.06875
0 0.28828125 0.70703125 0.025 0.06015625
0 0.0890625 0.70390625 0.0328125 0.14609375
0 0.12109375 0.70859375 0.0234375 0.125
0 0.0171875 0.72265625 0.01875 0.08359375
0 0.17421875 0.696875 0.01875 0.10234375
0 0.19140625 0.696875 0.02109375 0.11484375
0 0.13515625 0.703125 0.01953125 0.12265625
0 0.14453125 0.67421875 0.01875 0.07734375
0 0.30625 0.71484375 0.02890625 0.075
0 0.31171875 0.71171875 0.01875 0.08984375
0 0.3390625 0.71875 0.0234375 0.07109375
0 0.31953125 0.71796875 0.02890625 0.06875
0 0.64921875 0.84609375 0.0375 0.10859375
0 0.6609375 0.88046875 0.08203125 0.06875
0 0.71953125 0.825 0.0453125 0.125
0 0.59453125 0.70390625 0.02421875 0.1125
0 0.76171875 0.71640625 0.03046875 0.17109375
0 0.78671875 0.72421875 0.02890625 0.16484375
0 0.80625 0.71640625 0.02421875 0.15390625
0 0.82421875 0.71796875 0.03515625 0.17265625
0 0.846875 0.71328125 0.03046875 0.17734375
0 0.8609375 0.71640625 0.034375 0.1125
0 0.875 0.696875 0.0296875 0.13984375
0 0.90078125 0.709375 0.01953125 0.12265625
0 0.96171875 0.72109375 0.04140625 0.15859375
0 0.97890625 0.709375 0.02421875 0.18125
0 0.61796875 0.70703125 0.021875 0.09765625
0 0.6375 0.7 0.015625 0.03359375
0 0.68515625 0.721875 0.025 0.06484375
0 0.71953125 0.71640625 0.01875 0.07890625
0 0.73359375 0.72421875 0.0140625 0.06484375
0 0.7359375 0.68125 0.0140625 0.04609375
0 0.69921875 0.6875 0.01875 0.05390625
0 0.48203125 0.69921875 0.01640625 0.03984375
0 0.41875 0.68203125 0.01328125 0.05234375
0 0.42578125 0.67421875 0.01171875 0.05625
0 0.41171875 0.715625 0.03046875 0.06484375
0 0.46953125 0.70234375 0.01640625 0.0375
0 0.7390625 0.24453125 0.03828125 0.14765625
0 0.146875 0.65625 0.00625 0.01640625