0 0.90859375 0.646875 0.0984375 0.33515625
0 0.86796875 0.59296875 0.07265625 0.25625
0 0.8015625 0.52265625 0.040625 0.08203125
0 0.5328125 0.5234375 0.0171875 0.1109375
0 0.5109375 0.5265625 0.02578125 0.11328125
0 0.5328125 0.51953125 0.01953125 0.1015625
0 0.4609375 0.53046875 0.0359375 0.1265625
0 0.46328125 0.51015625 0.0328125 0.08828125
0 0.434375 0.52421875 0.03359375 0.1234375
0 0.41328125 0.51796875 0.01953125 0.07578125
0 0.38203125 0.5046875 0.0203125 0.07109375
0 0.37109375 0.49921875 0.01171875 0.05859375
0 0.3703125 0.4953125 0.0109375 0.05
0 0.0671875 0.634375 0.10546875 0.346875
0 0.2203125 0.50390625 0.01953125 0.0796875
0 0.2296875 0.49609375 0.0109375 0.059375
0 0.240625 0.50546875 0.02109375 0.065625
0 0.24609375 0.49765625 0.0109375 0.0609375
0 0.2546875 0.5 0.0125 0.053125
0 0.3515625 0.48828125 0.01171875 0.04609375
0 0.34609375 0.48828125 0.00859375 0.04296875
0 0.33515625 0.48984375 0.0109375 0.03984375
0 0.31875 0.48203125 0.0265625 0.04296875
0 0.26953125 0.48046875 0.02421875 0.0359375
0 0.2921875 0.471875 0.025 0.01953125