0 0.09609375 0.559375 0.0328125 0.16796875
0 0.134375 0.51484375 0.025 0.10078125
0 0.1515625 0.5234375 0.021875 0.0875
0 0.159375 0.4921875 0.0125 0.02890625
0 0.18203125 0.525 0.0171875 0.0765625
0 0.20234375 0.5125 0.0453125 0.09609375
0 0.24609375 0.58046875 0.0453125 0.2109375
0 0.29453125 0.57734375 0.0734375 0.20859375
0 0.33515625 0.534375 0.0390625 0.13671875
0 0.3578125 0.51875 0.01875 0.0921875
0 0.4109375 0.540625 0.05 0.18828125
0 0.540625 0.54296875 0.040625 0.14765625
0 0.58359375 0.54453125 0.0640625 0.175
0 0.6421875 0.56640625 0.04375 0.190625
0 0.665625 0.58203125 0.090625 0.1953125
0 0.6921875 0.56015625 0.0375 0.2015625
0 0.265625 0.54296875 0.01875 0.134375
0 0.23203125 0.546875 0.0265625 0.134375
0 0.18359375 0.48671875 0.0296875 0.0359375
0 0.225 0.4875 0.03125 0.04296875
0 0.2703125 0.4875 0.03125 0.03359375
0 0.3109375 0.49140625 0.025 0.03125
0 0.87734375 0.43984375 0.0234375 0.04921875
0 0.75859375 0.45078125 0.0453125 0.0765625
0 0.09140625 0.59765625 0.0234375 0.09609375
0 0.34765625 0.55390625 0.0140625 0.04921875
0 0.3265625 0.4796875 0.009375 0.01796875