0 0.015625 0.50546875 0.03046875 0.18515625
0 0.13359375 0.57578125 0.07890625 0.37265625
0 0.11875 0.49140625 0.0515625 0.29609375
0 0.17578125 0.50546875 0.04921875 0.28515625
0 0.196875 0.48125 0.053125 0.2625
0 0.23671875 0.48359375 0.03671875 0.25390625
0 0.265625 0.575 0.06796875 0.35
0 0.30703125 0.53359375 0.0484375 0.30390625
0 0.35234375 0.53828125 0.06953125 0.31875
0 0.3296875 0.48671875 0.0375 0.26875
0 0.4546875 0.55234375 0.05546875 0.36640625
0 0.475 0.5625 0.06328125 0.40859375
0 0.50078125 0.428125 0.02265625 0.05625
0 0.51796875 0.553125 0.04453125 0.28515625
0 0.5328125 0.525 0.01875 0.21640625
0 0.56171875 0.54140625 0.053125 0.26640625
0 0.63046875 0.53671875 0.075 0.38984375
0 0.6703125 0.4875 0.03046875 0.15390625
0 0.6546875 0.54375 0.0328125 0.17890625
0 0.696875 0.55234375 0.053125 0.25859375
0 0.71328125 0.52265625 0.03203125 0.26640625
0 0.7578125 0.52734375 0.05546875 0.3
0 0.83125 0.52421875 0.04921875 0.19765625
0 0.73515625 0.53046875 0.02265625 0.21875
0 0.725 0.51953125 0.02109375 0.20625
0 0.8078125 0.51796875 0.0390625 0.19375
0 0.98046875 0.51484375 0.034375 0.17109375
0 0.96015625 0.51953125 0.02578125 0.15234375
0 0.93828125 0.52265625 0.02734375 0.15390625
0 0.91484375 0.52578125 0.0296875 0.15234375
0 0.8828125 0.52109375 0.028125 0.14609375
0 0.8625 0.45390625 0.01171875 0.02109375
0 0.8484375 0.51484375 0.01875 0.15390625
0 0.78203125 0.55 0.0234375 0.15859375
0 0.89296875 0.51015625 0.01875 0.15390625
0 0.90625 0.51171875 0.02109375 0.15625
0 0.92578125 0.51640625 0.0140625 0.14140625
0 0.99375 0.51640625 0.009375 0.14609375
0 0.49609375 0.40703125 0.02109375 0.03515625
0 0.60234375 0.5375 0.0375 0.2875
0 0.6640625 0.434375 0.01640625 0.04375
0 0.8796875 0.45390625 0.2125 0.05
0 0.89921875 0.56484375 0.19921875 0.07109375
0 0.69453125 0.42109375 0.01171875 0.025
0 0.68671875 0.45 0.01171875 0.03359375