0 0.62265625 0.521875 0.2515625 0.71484375
0 0.36015625 0.41796875 0.1265625 0.45859375
0 0.23359375 0.4875 0.1984375 0.6359375
0 0.0890625 0.2984375 0.046875 0.146875
0 0.29453125 0.27265625 0.0203125 0.03984375
0 0.70859375 0.30390625 0.0265625 0.090625
0 0.73125 0.3015625 0.028125 0.090625
0 0.815625 0.3046875 0.028125 0.07734375
0 0.8421875 0.30546875 0.021875 0.07578125
0 0.85234375 0.30390625 0.0265625 0.08671875
0 0.87890625 0.31484375 0.0171875 0.05625
0 0.92734375 0.32265625 0.0171875 0.06796875
0 0.9765625 0.32421875 0.040625 0.06796875
0 0.396875 0.31796875 0.028125 0.0546875