0 0.06484375 0.70859375 0.0203125 0.0875
0 0.08671875 0.70390625 0.02109375 0.07890625
0 0.12265625 0.78671875 0.0953125 0.31015625
0 0.16640625 0.734375 0.03515625 0.13984375
0 0.18125 0.6875 0.015625 0.04140625
0 0.19453125 0.73515625 0.02734375 0.14140625
0 0.21484375 0.74765625 0.0421875 0.17109375
0 0.234375 0.73046875 0.01328125 0.10625
0 0.2390625 0.73125 0.02109375 0.10859375
0 0.32421875 0.75546875 0.05859375 0.21015625
0 0.35234375 0.76171875 0.025 0.18515625
0 0.390625 0.740625 0.028125 0.12734375
0 0.3828125 0.7375 0.01640625 0.10859375
0 0.40859375 0.70546875 0.01640625 0.07265625
0 0.421875 0.7125 0.025 0.09140625
0 0.4328125 0.728125 0.025 0.09375
0 0.4515625 0.7375 0.0140625 0.09140625
0 0.4625 0.73046875 0.0140625 0.07734375
0 0.521875 0.73203125 0.02265625 0.10234375
0 0.43203125 0.80390625 0.07734375 0.17890625
0 0.57109375 0.790625 0.08828125 0.41484375
0 0.60703125 0.746875 0.02265625 0.13125
0 0.625 0.74765625 0.025 0.1375
0 0.6421875 0.75 0.028125 0.1375
0 0.6609375 0.75234375 0.02578125 0.14140625
0 0.66171875 0.74375 0.02734375 0.12890625
0 0.690625 0.759375 0.025 0.14765625
0 0.72578125 0.75703125 0.03671875 0.17265625
0 0.72265625 0.746875 0.03203125 0.15234375
0 0.74609375 0.73515625 0.025 0.14609375
0 0.76328125 0.76171875 0.025 0.16015625
0 0.78671875 0.75625 0.0296875 0.175
0 0.8296875 0.81640625 0.121875 0.32890625
0 0.8765625 0.78671875 0.06796875 0.30625
0 0.9375 0.77421875 0.05546875 0.27734375
0 0.97265625 0.784375 0.0515625 0.31875
0 0.51171875 0.72890625 0.01640625 0.10859375
0 0.0515625 0.70390625 0.0140625 0.0625
0 0.1125 0.684375 0.01875 0.03515625
0 0.534375 0.72421875 0.02265625 0.12265625
0 0.5953125 0.69296875 0.0109375 0.01875
0 0.70078125 0.71015625 0.01171875 0.0375
0 0.79453125 0.70078125 0.01640625 0.06015625
0 0.84375 0.69375 0.0140625 0.04140625
0 0.890625 0.69921875 0.01796875 0.03515625