0 0.01328125 0.59609375 0.01015625 0.02109375
0 0.02421875 0.59375 0.0109375 0.0359375
0 0.034375 0.59296875 0.00703125 0.034375
0 0.03359375 0.59296875 0.0078125 0.0359375
0 0.03828125 0.59453125 0.00546875 0.03359375
0 0.04140625 0.59609375 0.01015625 0.028125
0 0.046875 0.5953125 0.01015625 0.03046875
0 0.09296875 0.5953125 0.00703125 0.0328125
0 0.09765625 0.59453125 0.00859375 0.03125
0 0.115625 0.59296875 0.0078125 0.0328125
0 0.12578125 0.59296875 0.01015625 0.0375
0 0.1375 0.59296875 0.01171875 0.034375
0 0.15546875 0.59296875 0.0109375 0.034375
0 0.175 0.590625 0.009375 0.025
0 0.20703125 0.59453125 0.0078125 0.0328125
0 0.3078125 0.59140625 0.00703125 0.01953125
0 0.27421875 0.60546875 0.01640625 0.0578125
0 0.27890625 0.6078125 0.0203125 0.0578125
0 0.5171875 0.6046875 0.0109375 0.053125
0 0.525 0.60234375 0.0125 0.053125
0 0.5640625 0.60234375 0.01328125 0.04609375
0 0.5875 0.61015625 0.01328125 0.053125
0 0.6015625 0.60546875 0.015625 0.06171875
0 0.65546875 0.60078125 0.01640625 0.05234375
0 0.696875 0.59765625 0.00859375 0.01796875
0 0.834375 0.59453125 0.01015625 0.028125
0 0.94375 0.59140625 0.00859375 0.0328125
0 0.98125 0.58984375 0.01640625 0.01953125
0 0.99375 0.59453125 0.01171875 0.025
0 0.06171875 0.59296875 0.01328125 0.0375
0 0.08046875 0.59296875 0.0109375 0.0328125
0 0.18125 0.59296875 0.00546875 0.021875
0 0.42265625 0.59140625 0.0078125 0.03125
0 0.48125 0.5734375 0.09453125 0.01953125
0 0.67421875 0.5953125 0.0171875 0.01953125
0 0.49921875 0.10546875 0.1390625 0.1390625
0 0.50078125 0.28671875 0.33671875 0.12109375
0 0.7625 0.59140625 0.009375 0.0265625
0 0.92578125 0.58984375 0.01328125 0.028125