0 0.04609375 0.68359375 0.0921875 0.5984375
0 0.21796875 0.70390625 0.11015625 0.5875
0 0.090625 0.61875 0.0359375 0.33359375
0 0.11015625 0.48828125 0.04296875 0.18515625
0 0.13671875 0.49375 0.06015625 0.20390625
0 0.13203125 0.621875 0.10546875 0.36875
0 0.01484375 0.43984375 0.0296875 0.1484375
0 0.2953125 0.721875 0.11640625 0.55234375
0 0.38671875 0.70703125 0.11171875 0.58125
0 0.3 0.62734375 0.11015625 0.39609375
0 0.26015625 0.46015625 0.0484375 0.15390625
0 0.34453125 0.55546875 0.040625 0.35625
0 0.490625 0.603125 0.09375 0.48125
0 0.56171875 0.621875 0.0921875 0.43984375
0 0.521875 0.53046875 0.04140625 0.29375
0 0.44765625 0.475 0.03203125 0.24609375
0 0.68125 0.71171875 0.16015625 0.57265625
0 0.821875 0.73671875 0.1515625 0.52265625
0 0.9609375 0.74375 0.07578125 0.50859375
0 0.921875 0.71484375 0.10078125 0.56640625
0 0.9671875 0.45390625 0.05703125 0.15390625
0 0.965625 0.40078125 0.0546875 0.10234375
0 0.9359375 0.396875 0.03828125 0.10625
0 0.90625 0.45234375 0.05859375 0.1875
0 0.88046875 0.484375 0.03515625 0.20625
0 0.88671875 0.37578125 0.0265625 0.06015625
0 0.84453125 0.515625 0.0625 0.23125
0 0.784375 0.52265625 0.06796875 0.26640625
0 0.82578125 0.42265625 0.04921875 0.0875
0 0.8453125 0.40859375 0.0359375 0.12109375
0 0.7328125 0.46015625 0.05078125 0.22890625
0 0.621875 0.53203125 0.059375 0.29765625
0 0.76875 0.43359375 0.0296875 0.125
0 0.596875 0.409375 0.03984375 0.16015625
0 0.56640625 0.415625 0.0453125 0.12265625
0 0.284375 0.396875 0.02734375 0.11875
0 0.303125 0.4 0.0328125 0.11640625
0 0.28203125 0.29375 0.02109375 0.12109375
0 0.253125 0.26640625 0.02109375 0.075
0 0.26796875 0.28125 0.015625 0.09609375
0 0.24375 0.30859375 0.02890625 0.0625
0 0.19140625 0.26875 0.021875 0.07109375
0 0.17109375 0.29375 0.01875 0.0875
0 0.0109375 0.775 0.021875 0.08359375
0 0.99140625 0.44140625 0.0140625 0.125
0 0.84609375 0.42734375 0.03046875 0.1
0 0.79609375 0.38046875 0.03828125 0.13984375
0 0.70546875 0.328125 0.1453125 0.30625
0 0.52578125 0.29765625 0.21640625 0.3125
0 0.45390625 0.54375 0.01796875 0.18359375
0 0.37109375 0.23984375 0.09453125 0.19609375
0 0.384375 0.41328125 0.05703125 0.09765625
0 0.434375 0.653125 0.0234375 0.16015625
0 0.40859375 0.50390625 0.0265625 0.08359375
0 0.29140625 0.19375 0.06953125 0.10859375
0 0.259375 0.346875 0.03984375 0.06875
0 0.0640625 0.41015625 0.0703125 0.175
0 0.1359375 0.34921875 0.078125 0.11015625
0 0.20390625 0.30859375 0.05390625 0.05