0 0.73984375 0.74296875 0.065625 0.246875
0 0.60859375 0.6640625 0.021875 0.090625
0 0.5921875 0.675 0.02109375 0.0890625
0 0.58828125 0.67265625 0.02578125 0.09609375
0 0.575 0.665625 0.0171875 0.08046875
0 0.5640625 0.6328125 0.00625 0.01640625
0 0.559375 0.646875 0.01328125 0.0453125
0 0.55078125 0.646875 0.01171875 0.0453125
0 0.53828125 0.6625 0.025 0.08359375
0 0.51015625 0.6625 0.015625 0.0796875
0 0.51640625 0.6796875 0.04140625 0.1296875
0 0.1078125 0.68046875 0.03203125 0.16015625
0 0.1140625 0.6125 0.01953125 0.0328125
0 0.1578125 0.6578125 0.025 0.11640625
0 0.1578125 0.6546875 0.01953125 0.10234375
0 0.225 0.66484375 0.03671875 0.13515625
0 0.259375 0.64921875 0.01640625 0.05546875
0 0.27265625 0.6453125 0.01796875 0.075
0 0.28359375 0.64453125 0.01484375 0.06875
0 0.29765625 0.66015625 0.0328125 0.10703125
0 0.3140625 0.65 0.0125 0.065625
0 0.31953125 0.64140625 0.01171875 0.046875
0 0.40078125 0.64296875 0.01875 0.05625
0 0.384375 0.640625 0.0171875 0.05546875
0 0.3734375 0.6609375 0.03046875 0.0890625
0 0.33203125 0.65 0.0140625 0.06171875
0 0.34765625 0.6484375 0.01640625 0.0625
0 0.35625 0.64609375 0.01484375 0.06484375
0 0.4203125 0.62265625 0.01015625 0.02890625
0 0.434375 0.621875 0.0078125 0.028125
0 0.4421875 0.61953125 0.00625 0.02578125
0 0.45 0.63203125 0.01015625 0.03125
0 0.45859375 0.6328125 0.0078125 0.03359375
0 0.48359375 0.64453125 0.01328125 0.04375
0 0.32734375 0.62421875 0.00859375 0.03125
0 0.15390625 0.1421875 0.02265625 0.0421875
0 0.76875 0.196875 0.034375 0.04921875
0 0.5421875 0.62578125 0.0078125 0.01484375
0 0.25703125 0.60859375 0.01015625 0.0390625
0 0.13359375 0.6109375 0.0171875 0.09453125
0 0.1140625 0.58359375 0.01953125 0.03125
0 0.19765625 0.628125 0.0140625 0.0453125
0 0.29140625 0.61484375 0.00625 0.01015625
0 0.34375 0.61640625 0.025 0.01640625
0 0.3640625 0.6359375 0.0109375 0.0484375
0 0.37734375 0.61484375 0.009375 0.01171875
0 0.4890625 0.62734375 0.01171875 0.03125
0 0.47109375 0.628125 0.01796875 0.0453125
0 0.48203125 0.61796875 0.00390625 0.01171875
0 0.45390625 0.60859375 0.0171875 0.01796875
0 0.39921875 0.609375 0.0328125 0.03046875
0 0.43046875 0.6046875 0.03125 0.01015625
0 0.428125 0.61640625 0.01015625 0.01640625
0 0.303125 0.6171875 0.0078125 0.01875
0 0.5015625 0.64140625 0.009375 0.034375
0 0.5296875 0.6265625 0.003125 0.01015625