0 0.0125 0.67734375 0.02421875 0.1953125
0 0.0359375 0.6796875 0.040625 0.20859375
0 0.053125 0.63828125 0.0171875 0.0953125
0 0.071875 0.6171875 0.02734375 0.08359375
0 0.090625 0.640625 0.02734375 0.11875
0 0.10859375 0.628125 0.01875 0.0984375
0 0.12109375 0.64453125 0.02734375 0.1234375
0 0.1625 0.5828125 0.02421875 0.0296875
0 0.165625 0.65234375 0.025 0.125
0 0.18359375 0.63203125 0.025 0.11015625
0 0.1921875 0.615625 0.01953125 0.08046875
0 0.203125 0.6453125 0.025 0.13046875
0 0.21640625 0.6390625 0.01875 0.1265625
0 0.225 0.63515625 0.01875 0.10390625
0 0.24140625 0.63125 0.02265625 0.11171875
0 0.2625 0.63828125 0.0296875 0.125
0 0.28046875 0.63125 0.0234375 0.1
0 0.30390625 0.62421875 0.0234375 0.10859375
0 0.33515625 0.6671875 0.0375 0.13671875
0 0.371875 0.63828125 0.01953125 0.11875
0 0.35546875 0.6421875 0.0171875 0.08671875
0 0.38828125 0.67578125 0.03984375 0.18203125
0 0.4265625 0.7078125 0.0546875 0.2640625
0 0.4765625 0.73359375 0.0703125 0.271875
0 0.5125 0.6703125 0.0265625 0.13046875
0 0.57109375 0.63671875 0.0203125 0.13046875
0 0.58671875 0.63046875 0.0296875 0.13046875
0 0.63203125 0.640625 0.0296875 0.13515625
0 0.69296875 0.6890625 0.04765625 0.20390625
0 0.71953125 0.625 0.0203125 0.10703125
0 0.74921875 0.625 0.02421875 0.11015625
0 0.790625 0.628125 0.0234375 0.096875
0 0.81015625 0.5984375 0.01875 0.04296875
0 0.81953125 0.665625 0.0375 0.16015625
0 0.8421875 0.58828125 0.0265625 0.0453125
0 0.84609375 0.671875 0.04375 0.18359375
0 0.8640625 0.65703125 0.0390625 0.175
0 0.8796875 0.6515625 0.0265625 0.13046875
0 0.90546875 0.62265625 0.02421875 0.08828125
0 0.915625 0.6296875 0.021875 0.10546875
0 0.93046875 0.6546875 0.03828125 0.1234375
0 0.9421875 0.59765625 0.01953125 0.046875
0 0.96171875 0.6734375 0.0375 0.18359375
0 0.98125 0.6 0.01171875 0.028125
0 0.990625 0.6359375 0.01640625 0.1234375
0 0.9734375 0.6015625 0.0125 0.028125
0 0.1390625 0.59453125 0.0265625 0.04140625
0 0.24296875 0.66171875 0.02734375 0.021875
0 0.346875 0.63359375 0.0140625 0.075
0 0.87734375 0.58828125 0.01875 0.028125
0 0.86484375 0.7140625 0.01484375 0.0546875
0 0.96015625 0.59453125 0.06328125 0.04140625
0 0.775 0.62265625 0.01171875 0.0296875
0 0.94609375 0.64140625 0.0203125 0.0734375