0 0.93671875 0.72265625 0.12421875 0.55
0 0.815625 0.69921875 0.13828125 0.59765625
0 0.76796875 0.66640625 0.08203125 0.47890625
0 0.86015625 0.57734375 0.0609375 0.31640625
0 0.965625 0.503125 0.06015625 0.17265625
0 0.91171875 0.496875 0.05078125 0.10625
0 0.7484375 0.48046875 0.0390625 0.11015625
0 0.72734375 0.59140625 0.0421875 0.32109375
0 0.68203125 0.58828125 0.06328125 0.34375
0 0.65859375 0.596875 0.03984375 0.29375
0 0.62890625 0.61015625 0.0609375 0.3625
0 0.603125 0.7 0.065625 0.55859375
0 0.559375 0.65625 0.12578125 0.68359375
0 0.49375 0.60859375 0.0671875 0.42109375
0 0.41640625 0.640625 0.1078125 0.65234375
0 0.465625 0.45625 0.0234375 0.0625
0 0.46796875 0.38046875 0.028125 0.14375
0 0.48046875 0.32578125 0.01796875 0.09375
0 0.5 0.34296875 0.01875 0.13515625
0 0.50625 0.35078125 0.02265625 0.11015625
0 0.3734375 0.37578125 0.0234375 0.11875
0 0.36484375 0.54453125 0.028125 0.18984375
0 0.3078125 0.57265625 0.0515625 0.2875
0 0.234375 0.64296875 0.1125 0.71015625
0 0.134375 0.61484375 0.15390625 0.56640625
0 0.08125 0.6125 0.06953125 0.4375
0 0.04453125 0.58203125 0.06328125 0.37734375
0 0.890625 0.48828125 0.06015625 0.07265625
0 0.95703125 0.46953125 0.05546875 0.05625
0 0.97734375 0.63671875 0.028125 0.19375
0 0.7984375 0.47109375 0.0234375 0.0625
0 0.63359375 0.465625 0.05546875 0.11875
0 0.52578125 0.32890625 0.028125 0.0875
0 0.346875 0.553125 0.07890625 0.27734375
0 0.26796875 0.628125 0.06015625 0.37734375
0 0.1734375 0.60703125 0.0796875 0.38515625
0 0.028125 0.55078125 0.05625 0.36015625