0 0.121875 0.79296875 0.07265625 0.28828125
0 0.18515625 0.81015625 0.09453125 0.3078125
0 0.2671875 0.821875 0.06875 0.26875
0 0.23984375 0.7421875 0.05078125 0.08984375
0 0.22421875 0.78359375 0.0421875 0.23984375
0 0.2125 0.725 0.02890625 0.11875
0 0.30625 0.83515625 0.04921875 0.2421875
0 0.25703125 0.69453125 0.034375 0.053125
0 0.33828125 0.70234375 0.02578125 0.06328125
0 0.33984375 0.81484375 0.07265625 0.2734375
0 0.38828125 0.83203125 0.07109375 0.33203125
0 0.42265625 0.8265625 0.0453125 0.2203125
0 0.4125 0.72421875 0.02578125 0.07265625
0 0.4578125 0.7796875 0.0875 0.1984375
0 0.540625 0.84765625 0.20546875 0.184375
0 0.57265625 0.8171875 0.0578125 0.14296875
0 0.4921875 0.79765625 0.08203125 0.128125
0 0.53828125 0.73828125 0.0328125 0.053125
0 0.52265625 0.721875 0.0234375 0.04375
0 0.57265625 0.81875 0.04375 0.1984375
0 0.6203125 0.73984375 0.02890625 0.04140625
0 0.63515625 0.83515625 0.09296875 0.184375
0 0.68359375 0.8921875 0.090625 0.19140625
0 0.734375 0.88828125 0.065625 0.21328125
0 0.71171875 0.7890625 0.034375 0.06796875
0 0.8046875 0.90703125 0.12578125 0.18125
0 0.86015625 0.89453125 0.0875 0.20546875
0 0.80390625 0.80859375 0.03984375 0.0578125
0 0.8 0.7796875 0.03984375 0.053125
0 0.771875 0.775 0.03828125 0.096875
0 0.74609375 0.80625 0.0421875 0.1359375
0 0.74453125 0.7359375 0.034375 0.0390625
0 0.734375 0.72421875 0.021875 0.0578125
0 0.6953125 0.740625 0.03125 0.0484375
0 0.665625 0.73125 0.01796875 0.02421875
0 0.65 0.72421875 0.0203125 0.04375
0 0.71171875 0.7328125 0.02734375 0.06015625
0 0.67734375 0.7515625 0.03125 0.09921875
0 0.6828125 0.6984375 0.02734375 0.05546875
0 0.65703125 0.69609375 0.02734375 0.05078125
0 0.821875 0.7703125 0.0328125 0.053125
0 0.8171875 0.73359375 0.03125 0.053125
0 0.84765625 0.7578125 0.03671875 0.0875
0 0.85 0.7625 0.0453125 0.12578125
0 0.87890625 0.79453125 0.05234375 0.11640625
0 0.89453125 0.753125 0.0546875 0.0921875
0 0.9421875 0.8984375 0.10546875 0.1984375
0 0.91171875 0.8640625 0.06015625 0.20859375
0 0.9390625 0.7703125 0.03125 0.0578125
0 0.94921875 0.67421875 0.01484375 0.06015625
0 0.98359375 0.66953125 0.01796875 0.05546875
0 0.9625 0.671875 0.01640625 0.065625
0 0.96640625 0.66015625 0.0125 0.04609375
0 0.9 0.66328125 0.01484375 0.0484375
0 0.8828125 0.66953125 0.01640625 0.04609375
0 0.8703125 0.66796875 0.0125 0.0484375
0 0.821875 0.67578125 0.021875 0.0578125
0 0.71796875 0.6546875 0.01484375 0.04140625
0 0.70546875 0.65703125 0.0109375 0.03125
0 0.66328125 0.65703125 0.01484375 0.0359375
0 0.68203125 0.65859375 0.0109375 0.03359375
0 0.31328125 0.703125 0.05625 0.05078125
0 0.5171875 0.73828125 0.01640625 0.02890625
0 0.59453125 0.71875 0.0578125 0.0484375
0 0.63671875 0.73359375 0.01484375 0.02421875
0 0.86171875 0.81484375 0.01484375 0.05078125
0 0.9796875 0.74609375 0.03671875 0.11640625
0 0.95234375 0.746875 0.021875 0.04140625
0 0.94453125 0.79765625 0.02734375 0.05546875
0 0.99296875 0.65859375 0.0109375 0.053125
0 0.96015625 0.6234375 0.03984375 0.0359375
0 0.9078125 0.64375 0.06328125 0.1015625
0 0.79765625 0.66796875 0.0421875 0.07265625
0 0.86015625 0.6234375 0.03671875 0.05078125
0 0.69453125 0.65390625 0.01484375 0.0390625
0 0.24921875 0.64921875 0.02890625 0.02890625
0 0.73359375 0.6546875 0.01640625 0.0359375
0 0.50390625 0.7140625 0.01796875 0.01953125
0 0.44375 0.703125 0.01796875 0.03125
0 0.3578125 0.671875 0.01796875 0.01171875