0 0.04453125 0.63203125 0.0890625 0.73125
0 0.11171875 0.39453125 0.065625 0.30625
0 0.18515625 0.71640625 0.1375 0.5625
0 0.18828125 0.61171875 0.109375 0.61875
0 0.18515625 0.43046875 0.1078125 0.26015625
0 0.20859375 0.31875 0.04375 0.15390625
0 0.26328125 0.5625 0.1046875 0.54140625
0 0.2890625 0.62734375 0.17265625 0.74140625
0 0.37109375 0.64609375 0.08125 0.675
0 0.40703125 0.378125 0.071875 0.16484375
0 0.44921875 0.29609375 0.03984375 0.12109375
0 0.46328125 0.64453125 0.1 0.70625
0 0.47890625 0.63046875 0.16171875 0.73515625
0 0.5671875 0.621875 0.12421875 0.75234375
0 0.6734375 0.65625 0.1453125 0.68359375
0 0.77734375 0.64453125 0.1234375 0.70625
0 0.89609375 0.61796875 0.20546875 0.76015625
0 0.85 0.64296875 0.0703125 0.64765625
0 0.87109375 0.63125 0.13125 0.73359375
0 0.9234375 0.64140625 0.1515625 0.7125
0 0.409375 0.37421875 0.0625 0.16015625
0 0.3078125 0.31953125 0.0296875 0.14765625
0 0.3828125 0.33203125 0.11953125 0.16015625
0 0.4328125 0.31953125 0.02265625 0.03984375
0 0.3828125 0.34609375 0.01171875 0.03359375
0 0.390625 0.315625 0.01875 0.03125
0 0.5203125 0.29765625 0.028125 0.0875
0 0.60703125 0.334375 0.07421875 0.16875
0 0.72734375 0.334375 0.08671875 0.20234375
0 0.803125 0.29921875 0.02109375 0.04375
0 0.92578125 0.27578125 0.1265625 0.11484375
0 0.61171875 0.771875 0.0515625 0.26015625
0 0.1875 0.31953125 0.0328125 0.14375
0 0.35625 0.85234375 0.0578125 0.1
0 0.94921875 0.74140625 0.1 0.5125
0 0.24609375 0.35703125 0.06015625 0.10625