0 0.01484375 0.3078125 0.0296875 0.1875
0 0.08671875 0.32265625 0.0484375 0.1234375
0 0.11875 0.24921875 0.028125 0.05703125
0 0.14453125 0.43515625 0.1546875 0.49921875
0 0.221875 0.35625 0.059375 0.14765625
0 0.259375 0.3390625 0.040625 0.0859375
0 0.29296875 0.33984375 0.0328125 0.09296875
0 0.3515625 0.33203125 0.025 0.12578125
0 0.40859375 0.409375 0.1109375 0.465625
0 0.546875 0.5140625 0.196875 0.70234375
0 0.6375 0.44609375 0.084375 0.39765625
0 0.80546875 0.3546875 0.0203125 0.07265625
0 0.8171875 0.36015625 0.015625 0.05703125
0 0.828125 0.3390625 0.015625 0.0375
0 0.8609375 0.34140625 0.015625 0.0375
0 0.815625 0.43515625 0.078125 0.171875
0 0.90234375 0.52421875 0.1609375 0.346875
0 0.9515625 0.5 0.065625 0.271875
0 0.00859375 0.36640625 0.0171875 0.053125
0 0.3578125 0.33515625 0.021875 0.11953125
0 0.67890625 0.36640625 0.0234375 0.11953125
0 0.815625 0.34453125 0.009375 0.04453125
0 0.875 0.3484375 0.0125 0.03984375
0 0.94140625 0.35625 0.0171875 0.04609375
0 0.96484375 0.3671875 0.0109375 0.04609375
0 0.9921875 0.3734375 0.0125 0.053125