0 0.24765625 0.484375 0.16875 0.75625
0 0.11484375 0.465625 0.06328125 0.47734375
0 0.32578125 0.47578125 0.10703125 0.51875
0 0.29609375 0.45234375 0.0390625 0.3375
0 0.36171875 0.42734375 0.03515625 0.37109375
0 0.58125 0.39453125 0.04140625 0.18984375
0 0.703125 0.41328125 0.04453125 0.25234375
0 0.7484375 0.42578125 0.034375 0.19765625
0 0.93046875 0.41328125 0.0671875 0.26484375
0 0.96171875 0.384375 0.0390625 0.18125
0 0.415625 0.33203125 0.01171875 0.03125
0 0.4046875 0.359375 0.01640625 0.08984375
0 0.3890625 0.353125 0.01796875 0.09765625
0 0.378125 0.35390625 0.01640625 0.07890625
0 0.384375 0.31640625 0.00859375 0.01640625
0 0.29140625 0.4375 0.046875 0.29140625