0 0.978125 0.809375 0.0203125 0.13203125
0 0.96484375 0.75859375 0.00625 0.02109375
0 0.940625 0.825 0.05390625 0.1328125
0 0.91875 0.8171875 0.0234375 0.10234375
0 0.89375 0.8078125 0.0265625 0.1140625
0 0.8671875 0.8140625 0.0234375 0.07734375
0 0.88046875 0.8078125 0.0140625 0.075
0 0.875 0.784375 0.00859375 0.01484375
0 0.865625 0.7859375 0.021875 0.02890625
0 0.85546875 0.80859375 0.015625 0.075
0 0.78046875 0.8046875 0.05 0.1140625
0 0.803125 0.80703125 0.01953125 0.10546875
0 0.76484375 0.78046875 0.0125 0.025
0 0.734375 0.7859375 0.0140625 0.021875
0 0.76015625 0.78046875 0.0109375 0.02421875
0 0.7203125 0.784375 0.01484375 0.03359375
0 0.7109375 0.778125 0.01015625 0.02265625
0 0.61953125 0.75703125 0.01171875 0.01953125
0 0.615625 0.8140625 0.04140625 0.11796875
0 0.60546875 0.7546875 0.009375 0.015625
0 0.56953125 0.79375 0.0203125 0.0640625
0 0.5625 0.76171875 0.015625 0.03046875
0 0.55390625 0.778125 0.009375 0.04609375
0 0.53046875 0.7875 0.0140625 0.04609375
0 0.553125 0.74296875 0.0078125 0.0453125
0 0.53984375 0.74453125 0.00859375 0.05
0 0.534375 0.74765625 0.01328125 0.0515625
0 0.52265625 0.74453125 0.0140625 0.04609375
0 0.50703125 0.75 0.00703125 0.04609375
0 0.5015625 0.75234375 0.01328125 0.04921875
0 0.4828125 0.74921875 0.01875 0.04921875
0 0.46171875 0.74296875 0.00859375 0.04921875
0 0.45703125 0.74765625 0.00859375 0.04921875
0 0.45 0.74921875 0.01015625 0.0484375
0 0.446875 0.75078125 0.009375 0.04375
0 0.4359375 0.74921875 0.0109375 0.04609375
0 0.4453125 0.72890625 0.0078125 0.01328125
0 0.26796875 0.74140625 0.009375 0.034375
0 0.26171875 0.7421875 0.01015625 0.0328125
0 0.25 0.73515625 0.009375 0.01875
0 0.24921875 0.728125 0.00625 0.01015625
0 0.25625 0.79609375 0.025 0.075
0 0.215625 0.8140625 0.0421875 0.1546875
0 0.23671875 0.790625 0.0109375 0.0609375
0 0.2 0.809375 0.0265625 0.13515625
0 0.16796875 0.8109375 0.0265625 0.0890625
0 0.15078125 0.78671875 0.0140625 0.0421875
0 0.13828125 0.7828125 0.01796875 0.046875
0 0.15390625 0.77265625 0.0140625 0.0375
0 0.13203125 0.77734375 0.01328125 0.03671875
0 0.8640625 0.7203125 0.01171875 0.046875
0 0.8765625 0.72109375 0.01484375 0.04375
0 0.92890625 0.7171875 0.0125 0.03984375
0 0.9515625 0.70234375 0.00625 0.01171875
0 0.18828125 0.7703125 0.0109375 0.02421875
0 0.99140625 0.81875 0.01640625 0.0953125
0 0.67421875 0.7765625 0.04609375 0.0328125
0 0.7375 0.77421875 0.009375 0.01875
0 0.3984375 0.73671875 0.07109375 0.03046875
0 0.03984375 0.7875 0.07890625 0.12265625
0 0.1203125 0.746875 0.08125 0.04609375
0 0.17734375 0.76640625 0.015625 0.01875
0 0.825 0.7734375 0.0125 0.0390625
0 0.103125 0.7953125 0.05 0.0515625