0 0.0734375 0.65546875 0.14609375 0.5546875
0 0.05546875 0.5546875 0.1109375 0.5015625
0 0.128125 0.5375 0.14140625 0.3640625
0 0.10546875 0.3640625 0.1046875 0.096875
0 0.1625 0.3640625 0.084375 0.1
0 0.3671875 0.66640625 0.19921875 0.65
0 0.8234375 0.55234375 0.21796875 0.3875
0 0.59140625 0.5515625 0.30546875 0.51015625
0 0.52578125 0.52109375 0.1296875 0.41953125
0 0.35625 0.6046875 0.275 0.58203125
0 0.26171875 0.41484375 0.140625 0.1796875
0 0.91484375 0.38671875 0.04375 0.1109375
0 0.98359375 0.3921875 0.0296875 0.103125