0 0.68359375 0.66484375 0.06171875 0.2390625
0 0.69453125 0.6515625 0.06640625 0.2265625
0 0.66171875 0.61953125 0.025 0.1359375
0 0.6296875 0.6203125 0.0234375 0.13125
0 0.60703125 0.6734375 0.0765625 0.25
0 0.5125 0.71953125 0.125 0.43359375
0 0.475 0.6 0.02890625 0.0796875
0 0.39921875 0.7 0.09609375 0.390625
0 0.3078125 0.59765625 0.03203125 0.09140625
0 0.3046875 0.609375 0.01796875 0.05234375
0 0.43203125 0.571875 0.0234375 0.040625
0 0.44453125 0.59765625 0.0140625 0.0640625
0 0.00703125 0.58359375 0.0140625 0.0859375
0 0.16484375 0.56875 0.0078125 0.03359375
0 0.171875 0.5703125 0.00859375 0.03046875
0 0.175 0.56875 0.00703125 0.02421875
0 0.1796875 0.5703125 0.00703125 0.02265625
0 0.49453125 0.56875 0.00546875 0.01171875
0 0.45546875 0.5734375 0.00703125 0.01953125
0 0.440625 0.5625 0.0078125 0.009375
0 0.08359375 0.57265625 0.0078125 0.01640625
0 0.05546875 0.5625 0.0453125 0.01484375