0 0.17421875 0.4546875 0.203125 0.3921875
0 0.2640625 0.371875 0.1484375 0.25859375
0 0.43359375 0.6390625 0.325 0.71875
0 0.29921875 0.33515625 0.1171875 0.2171875
0 0.41875 0.315625 0.13203125 0.20390625
0 0.525 0.28671875 0.125 0.29609375
0 0.53359375 0.51953125 0.1859375 0.4859375
0 0.61875 0.37421875 0.0796875 0.2390625
0 0.709375 0.62265625 0.34921875 0.75234375
0 0.8890625 0.41484375 0.20546875 0.3453125
0 0.6484375 0.2609375 0.05703125 0.1375
0 0.7875 0.31953125 0.0890625 0.19375
0 0.8265625 0.29140625 0.07890625 0.1578125
0 0.9546875 0.28046875 0.0890625 0.27890625
0 0.44765625 0.26015625 0.059375 0.2171875
0 0.88828125 0.16796875 0.071875 0.0984375
0 0.14140625 0.17734375 0.06953125 0.07734375