0 0.02265625 0.52265625 0.04453125 0.11640625
0 0.08203125 0.71328125 0.1640625 0.4296875
0 0.23203125 0.68671875 0.109375 0.43984375
0 0.37109375 0.70078125 0.11640625 0.46875
0 0.37890625 0.66953125 0.1078125 0.34765625
0 0.49140625 0.66953125 0.06796875 0.46484375
0 0.53828125 0.709375 0.13984375 0.47734375
0 0.63984375 0.6375 0.11015625 0.42890625
0 0.7265625 0.69140625 0.12421875 0.4625
0 0.85234375 0.64296875 0.06953125 0.43515625
0 0.9796875 0.325 0.0375 0.36640625
0 0.06015625 0.63203125 0.05390625 0.33984375
0 0.16328125 0.60546875 0.09140625 0.26875
0 0.10234375 0.4875 0.0328125 0.04609375
0 0.2765625 0.57890625 0.09296875 0.17890625
0 0.78359375 0.43125 0.05546875 0.075
0 0.921875 0.27890625 0.07890625 0.12109375