0 0.0109375 0.87578125 0.02109375 0.14375
0 0.04296875 0.88671875 0.03203125 0.08515625
0 0.0453125 0.79296875 0.025 0.05234375
0 0.08515625 0.79296875 0.02265625 0.06015625
0 0.08984375 0.78515625 0.034375 0.07109375
0 0.1859375 0.87734375 0.04375 0.14609375
0 0.178125 0.85 0.02734375 0.10859375
0 0.1625 0.77265625 0.034375 0.13359375
0 0.2015625 0.76875 0.028125 0.125
0 0.11875 0.68984375 0.0296875 0.07109375
0 0.12890625 0.67265625 0.015625 0.08359375
0 0.15546875 0.62265625 0.03671875 0.0625
0 0.1671875 0.590625 0.02265625 0.05625
0 0.17421875 0.57734375 0.01796875 0.05390625
0 0.275 0.35078125 0.01640625 0.08125
0 0.265625 0.34609375 0.0140625 0.075
0 0.22890625 0.64921875 0.03515625 0.13515625
0 0.2375 0.51875 0.0203125 0.1
0 0.2609375 0.50859375 0.015625 0.1
0 0.2703125 0.51796875 0.02578125 0.10625
0 0.33984375 0.76796875 0.03203125 0.15625
0 0.3640625 0.89453125 0.0390625 0.14765625
0 0.334375 0.62734375 0.0234375 0.11640625
0 0.359375 0.60703125 0.028125 0.13984375
0 0.38515625 0.61875 0.03515625 0.12890625
0 0.39453125 0.565625 0.01640625 0.06484375
0 0.4140625 0.434375 0.0203125 0.09765625
0 0.36796875 0.39921875 0.025 0.09765625
0 0.3890625 0.37890625 0.02265625 0.0875
0 0.3015625 0.39453125 0.0140625 0.08125
0 0.3234375 0.39921875 0.015625 0.08515625
0 0.3125 0.34140625 0.025 0.07109375
0 0.33046875 0.35078125 0.0203125 0.06875
0 0.39921875 0.24765625 0.01875 0.0875
0 0.36640625 0.24765625 0.01640625 0.07109375
0 0.35625 0.26015625 0.01328125 0.075
0 0.3453125 0.2625 0.01171875 0.075
0 0.4890625 0.94140625 0.034375 0.1125
0 0.54140625 0.93125 0.034375 0.13359375
0 0.5859375 0.92421875 0.0328125 0.14765625
0 0.615625 0.921875 0.034375 0.14765625
0 0.66640625 0.95703125 0.04375 0.08125
0 0.76328125 0.97265625 0.03203125 0.05
0 0.80546875 0.95234375 0.0421875 0.09140625
0 0.86328125 0.946875 0.04375 0.10234375
0 0.46484375 0.74453125 0.0328125 0.13984375
0 0.496875 0.72734375 0.0296875 0.125
0 0.571875 0.71171875 0.028125 0.12265625
0 0.61640625 0.64375 0.025 0.12109375
0 0.559375 0.61015625 0.02734375 0.11640625
0 0.53828125 0.590625 0.0296875 0.12265625
0 0.51796875 0.603125 0.0296875 0.11875
0 0.49609375 0.521875 0.0328125 0.10625
0 0.56015625 0.53515625 0.02265625 0.06640625
0 0.553125 0.48515625 0.02265625 0.09609375
0 0.57265625 0.49609375 0.02109375 0.09609375
0 0.5875 0.475 0.0203125 0.09140625
0 0.61484375 0.53125 0.0140625 0.06640625
0 0.6234375 0.50546875 0.01875 0.10625
0 0.6140625 0.47265625 0.009375 0.01640625
0 0.64453125 0.46328125 0.02109375 0.08515625
0 0.61875 0.46171875 0.0234375 0.08515625
0 0.59921875 0.45703125 0.0203125 0.09375
0 0.6578125 0.36875 0.02265625 0.0625
0 0.62890625 0.384375 0.01796875 0.08984375
0 0.6140625 0.38203125 0.01875 0.08984375
0 0.59453125 0.38203125 0.0203125 0.08515625
0 0.54609375 0.41015625 0.025 0.09609375
0 0.5265625 0.40859375 0.0203125 0.09140625
0 0.79140625 0.52421875 0.02109375 0.08125
0 0.79140625 0.51796875 0.0203125 0.08984375
0 0.784375 0.38515625 0.01640625 0.04140625
0 0.74296875 0.34375 0.01640625 0.04140625
0 0.73046875 0.346875 0.015625 0.06015625
0 0.62421875 0.30859375 0.01640625 0.05859375
0 0.628125 0.296875 0.01875 0.08125
0 0.515625 0.31640625 0.02109375 0.0875
0 0.6125 0.25546875 0.01640625 0.07265625
0 0.62578125 0.22265625 0.01640625 0.06640625
0 0.61328125 0.21875 0.01328125 0.06640625
0 0.57109375 0.23125 0.015625 0.07890625
0 0.56015625 0.23046875 0.0140625 0.08125
0 0.57265625 0.184375 0.0140625 0.06015625
0 0.5953125 0.196875 0.0140625 0.07265625
0 0.6046875 0.19140625 0.01640625 0.0625
0 0.62578125 0.1625 0.0140625 0.06640625
0 0.60703125 0.15 0.0109375 0.05859375
0 0.6796875 0.23046875 0.01875 0.06484375
0 0.69140625 0.21953125 0.02109375 0.06875
0 0.7046875 0.21484375 0.01796875 0.07109375
0 0.73125 0.18828125 0.01640625 0.06875
0 0.65703125 0.203125 0.01875 0.06875
0 0.67890625 0.184375 0.015625 0.05234375
0 0.69453125 0.171875 0.0140625 0.06875
0 0.65234375 0.165625 0.01875 0.05625
0 0.66171875 0.18671875 0.01171875 0.06484375
0 0.67109375 0.17109375 0.01328125 0.06640625
0 0.715625 0.12890625 0.01328125 0.0625
0 0.72578125 0.115625 0.0109375 0.05234375
0 0.62734375 0.11484375 0.0109375 0.05390625
0 0.6171875 0.1125 0.0140625 0.05859375
0 0.640625 0.13125 0.01640625 0.06640625
0 0.65 0.12578125 0.01328125 0.05625
0 0.65703125 0.11015625 0.02109375 0.07109375
0 0.66171875 0.1125 0.01171875 0.05390625
0 0.6828125 0.13515625 0.0109375 0.05859375
0 0.58359375 0.11953125 0.01640625 0.06484375
0 0.48984375 0.184375 0.015625 0.06484375
0 0.44375 0.13828125 0.01640625 0.06875
0 0.4234375 0.11328125 0.01328125 0.03515625
0 0.4328125 0.13203125 0.0109375 0.06015625
0 0.43046875 0.11796875 0.01328125 0.06015625
0 0.43046875 0.096875 0.01328125 0.02734375
0 0.425 0.084375 0.009375 0.03125
0 0.41015625 0.09609375 0.015625 0.0625
0 0.41171875 0.04609375 0.01171875 0.05
0 0.38828125 0.17109375 0.01171875 0.0625
0 0.365625 0.18203125 0.01328125 0.07265625
0 0.375 0.17109375 0.00859375 0.0625
0 0.3671875 0.11171875 0.0140625 0.04375
0 0.359375 0.09296875 0.015625 0.02265625
0 0.3328125 0.19609375 0.015625 0.07109375
0 0.34296875 0.19453125 0.01640625 0.06875
0 0.28984375 0.17265625 0.0140625 0.05859375
0 0.296875 0.16796875 0.01171875 0.06484375
0 0.303125 0.16796875 0.01171875 0.07734375
0 0.284375 0.12890625 0.0140625 0.06640625
0 0.278125 0.128125 0.009375 0.06015625
0 0.296875 0.09921875 0.01171875 0.06015625
0 0.28515625 0.08828125 0.0140625 0.04375
0 0.33671875 0.075 0.01171875 0.05
0 0.35078125 0.07578125 0.01640625 0.05625
0 0.3953125 0.028125 0.009375 0.04765625
0 0.40234375 0.12578125 0.015625 0.06484375
0 0.37265625 0.01875 0.0109375 0.0375
0 0.28671875 0.04375 0.009375 0.025
0 0.25546875 0.10703125 0.01328125 0.05234375
0 0.2203125 0.05625 0.0203125 0.05859375
0 0.2109375 0.09921875 0.01328125 0.06015625
0 0.240625 0.04296875 0.01171875 0.04765625
0 0.190625 0.021875 0.01328125 0.04375
0 0.1765625 0.02421875 0.01796875 0.04765625
0 0.16484375 0.096875 0.0203125 0.06015625
0 0.17578125 0.12265625 0.0140625 0.04140625
0 0.12109375 0.175 0.01875 0.0625
0 0.12265625 0.15390625 0.0109375 0.03359375
0 0.13359375 0.16875 0.015625 0.07109375
0 0.14296875 0.18359375 0.01328125 0.07109375
0 0.071875 0.1875 0.01796875 0.05859375
0 0.08671875 0.178125 0.0140625 0.05625
0 0.10546875 0.21875 0.0140625 0.07109375
0 0.11640625 0.225 0.01328125 0.05859375
0 0.0859375 0.22421875 0.02109375 0.07265625
0 0.13359375 0.26953125 0.01875 0.08125
0 0.146875 0.26953125 0.0140625 0.07265625
0 0.103125 0.28359375 0.02109375 0.07890625
0 0.075 0.27890625 0.02109375 0.07890625
0 0.01328125 0.34296875 0.0140625 0.08515625
0 0.0265625 0.28515625 0.01796875 0.07890625
0 0.015625 0.24765625 0.015625 0.075
0 0.0484375 0.21875 0.01796875 0.07109375
0 0.16171875 0.16171875 0.015625 0.06484375
0 0.16953125 0.17265625 0.01328125 0.06640625
0 0.178125 0.17734375 0.01328125 0.0625
0 0.175 0.15859375 0.0140625 0.05390625
0 0.18984375 0.21171875 0.01328125 0.06875
0 0.19140625 0.21484375 0.01171875 0.05859375
0 0.20390625 0.2375 0.0140625 0.06640625
0 0.2015625 0.21484375 0.015625 0.07109375
0 0.21328125 0.18359375 0.01171875 0.04609375
0 0.2140625 0.21640625 0.015625 0.06640625
0 0.06484375 0.90546875 0.0296875 0.15234375
0 0.12109375 0.97265625 0.03046875 0.05
0 0.15390625 0.67421875 0.01171875 0.04765625
0 0.19453125 0.50859375 0.05390625 0.0875
0 0.22421875 0.4375 0.046875 0.05859375
0 0.23046875 0.38671875 0.04609375 0.04375
0 0.2703125 0.31796875 0.03984375 0.08984375
0 0.29140625 0.25390625 0.03203125 0.04140625
0 0.296875 0.28984375 0.0140625 0.025
0 0.94375 0.91484375 0.08203125 0.14609375
0 0.98671875 0.73203125 0.025 0.10625
0 0.8125 0.509375 0.03203125 0.10625
0 0.78203125 0.359375 0.0140625 0.01015625
0 0.8015625 0.37734375 0.01171875 0.01640625
0 0.56796875 0.18359375 0.01171875 0.02109375
0 0.734375 0.13671875 0.0046875 0.01015625
0 0.63828125 0.14921875 0.00703125 0.02265625
0 0.690625 0.11640625 0.03671875 0.05
0 0.528125 0.11953125 0.09609375 0.06875
0 0.52421875 0.18515625 0.053125 0.06640625
0 0.46484375 0.096875 0.03046875 0.06875
0 0.46015625 0.040625 0.0421875 0.04375
0 0.4296875 0.03828125 0.01640625 0.04375
0 0.371875 0.13515625 0.02109375 0.03359375
0 0.34765625 0.115625 0.02578125 0.03984375
0 0.33828125 0.15 0.03984375 0.025
0 0.28359375 0.21015625 0.0484375 0.04609375
0 0.31875 0.19140625 0.02265625 0.0625
0 0.3875 0.096875 0.0234375 0.08515625
0 0.41875 0.03125 0.0046875 0.02890625
0 0.340625 0.025 0.01640625 0.0375
0 0.24375 0.09296875 0.0203125 0.06015625
0 0.21328125 0.03515625 0.01640625 0.02890625
0 0.134375 0.0234375 0.03125 0.046875
0 0.09765625 0.11875 0.03046875 0.07890625
0 0.07265625 0.15625 0.02109375 0.05
0 0.09765625 0.17265625 0.02734375 0.03359375
0 0.021875 0.17421875 0.04375 0.06875
0 0.0328125 0.22578125 0.0140625 0.04375
0 0.2390625 0.215625 0.04140625 0.09765625
0 0.2671875 0.25234375 0.015625 0.04140625
0 0.68359375 0.0625 0.07421875 0.05859375
0 0.63125 0.08515625 0.03203125 0.05
0 0.6515625 0.01875 0.0140625 0.02890625
0 0.02578125 0.0234375 0.0328125 0.046875
0 0.09375 0.01953125 0.01875 0.03125