0 0.02578125 0.78671875 0.0515625 0.21484375
0 0.0375 0.70859375 0.0328125 0.03515625
0 0.00703125 0.6796875 0.01328125 0.021875
0 0.06328125 0.79375 0.0921875 0.21640625
0 0.08828125 0.69609375 0.0234375 0.0296875
0 0.13359375 0.78984375 0.07890625 0.22421875
0 0.1765625 0.76875 0.05 0.1515625
0 0.19296875 0.6953125 0.03671875 0.05
0 0.2 0.7234375 0.0265625 0.05
0 0.22578125 0.76328125 0.0515625 0.15546875
0 0.2453125 0.721875 0.03671875 0.0484375
0 0.26171875 0.7234375 0.0265625 0.07578125
0 0.2921875 0.73125 0.034375 0.09296875
0 0.3171875 0.73359375 0.034375 0.09609375
0 0.34296875 0.7203125 0.03671875 0.0703125
0 0.3796875 0.70390625 0.0171875 0.040625
0 0.4046875 0.746875 0.02890625 0.0984375
0 0.4078125 0.70546875 0.0265625 0.0484375
0 0.36640625 0.7796875 0.06328125 0.178125
0 0.425 0.725 0.0234375 0.06875
0 0.44296875 0.715625 0.0484375 0.04609375
0 0.4421875 0.78359375 0.04609375 0.1515625
0 0.471875 0.80078125 0.0484375 0.15390625
0 0.4828125 0.72109375 0.0265625 0.0609375
0 0.50703125 0.765625 0.05546875 0.15390625
0 0.53671875 0.72578125 0.0265625 0.0703125
0 0.553125 0.784375 0.07109375 0.1984375
0 0.590625 0.81875 0.0421875 0.121875
0 0.5890625 0.725 0.025 0.05
0 0.61640625 0.73828125 0.040625 0.11640625
0 0.64140625 0.70078125 0.02109375 0.03515625
0 0.65390625 0.7109375 0.0234375 0.05546875
0 0.68828125 0.7359375 0.034375 0.1015625
0 0.7234375 0.75859375 0.05390625 0.1390625
0 0.7703125 0.7609375 0.0515625 0.1515625
0 0.80390625 0.7640625 0.06171875 0.171875
0 0.83359375 0.74296875 0.03671875 0.10703125
0 0.86171875 0.73046875 0.0421875 0.06484375
0 0.93671875 0.74921875 0.06171875 0.11640625
0 0.97578125 0.78125 0.04453125 0.1890625
0 0.903125 0.809375 0.11328125 0.24453125
0 0.6546875 0.81171875 0.0828125 0.1984375
0 0.3015625 0.68515625 0.015625 0.021875
0 0.3359375 0.68828125 0.02890625 0.03125
0 0.3765625 0.684375 0.05390625 0.04296875
0 0.425 0.6859375 0.0265625 0.02421875
0 0.4625 0.69140625 0.0328125 0.028125
0 0.46328125 0.71484375 0.015625 0.01875
0 0.15859375 0.69453125 0.03671875 0.040625
0 0.20390625 0.69453125 0.015625 0.02578125
0 0.221875 0.68359375 0.02109375 0.0109375
0 0.2671875 0.690625 0.0421875 0.021875
0 0.5109375 0.69296875 0.03671875 0.0296875
0 0.55859375 0.69375 0.0484375 0.03125
0 0.60859375 0.69375 0.009375 0.01328125
0 0.63046875 0.690625 0.015625 0.01875
0 0.67109375 0.69609375 0.03046875 0.02578125
0 0.82109375 0.69375 0.01953125 0.03125
0 0.8484375 0.69609375 0.01953125 0.02578125
0 0.865625 0.68984375 0.01953125 0.01328125
0 0.88203125 0.69921875 0.01328125 0.02421875
0 0.23828125 0.68203125 0.015625 0.0203125
0 0.59609375 0.69921875 0.015625 0.03125
0 0.73046875 0.69375 0.0421875 0.0203125
0 0.784375 0.69296875 0.015625 0.021875
0 0.56328125 0.63671875 0.06953125 0.03671875