0 0.5671875 0.7859375 0.09296875 0.19375
0 0.60234375 0.790625 0.0578125 0.17109375
0 0.41875 0.77578125 0.05546875 0.13046875
0 0.37421875 0.778125 0.05546875 0.1234375
0 0.3125 0.78125 0.0734375 0.16015625
0 0.21875 0.77890625 0.0765625 0.16171875
0 0.18359375 0.75703125 0.03828125 0.0828125
0 0.1203125 0.75 0.046875 0.08984375
0 0.03203125 0.74140625 0.03984375 0.06640625
0 0.01015625 0.75625 0.01953125 0.0890625
0 0.0453125 0.7296875 0.01640625 0.03828125
0 0.53203125 0.796875 0.03671875 0.071875
0 0.87578125 0.74921875 0.03359375 0.046875
0 0.79609375 0.7375 0.021875 0.025
0 0.84140625 0.7453125 0.01953125 0.03515625
0 0.8265625 0.74375 0.01640625 0.03359375
0 0.70546875 0.7421875 0.01640625 0.03359375
0 0.69140625 0.740625 0.01796875 0.025
0 0.278125 0.73515625 0.015625 0.02578125
0 0.20234375 0.72890625 0.021875 0.02890625
0 0.16171875 0.7265625 0.0421875 0.0203125
0 0.01328125 0.7171875 0.02578125 0.01875
0 0.35390625 0.73203125 0.01171875 0.01328125
0 0.25546875 0.73359375 0.01328125 0.02109375
0 0.2953125 0.73359375 0.01953125 0.025
0 0.64296875 0.74453125 0.025 0.03515625