0 0.0546875 0.69921875 0.109375 0.24140625
0 0.090625 0.60234375 0.03515625 0.05234375
0 0.128125 0.60078125 0.04296875 0.03984375
0 0.19609375 0.63046875 0.05859375 0.09609375
0 0.2453125 0.71640625 0.115625 0.28828125
0 0.32265625 0.74375 0.16328125 0.321875
0 0.39140625 0.63359375 0.059375 0.08828125
0 0.4109375 0.62890625 0.03203125 0.06953125
0 0.43671875 0.621875 0.02734375 0.05
0 0.45703125 0.6453125 0.06171875 0.10078125
0 0.53671875 0.66953125 0.08125 0.159375
0 0.57578125 0.6234375 0.03515625 0.06328125
0 0.60625 0.63203125 0.03125 0.06875
0 0.6671875 0.67734375 0.071875 0.196875
0 0.7265625 0.64765625 0.046875 0.11171875
0 0.7421875 0.61640625 0.02578125 0.03125
0 0.8109375 0.7109375 0.12109375 0.23984375
0 0.85078125 0.625 0.0375 0.0546875
0 0.83515625 0.609375 0.015625 0.01796875
0 0.69765625 0.6171875 0.01953125 0.04609375
0 0.68515625 0.61015625 0.01796875 0.02109375
0 0.63203125 0.61640625 0.02109375 0.04453125
0 0.61875 0.621875 0.01796875 0.04140625
0 0.6078125 0.63125 0.02578125 0.06953125
0 0.5984375 0.60546875 0.015625 0.02265625
0 0.4890625 0.61796875 0.01875 0.040625
0 0.50078125 0.6109375 0.01484375 0.028125
0 0.3671875 0.609375 0.02578125 0.03984375
0 0.35234375 0.61015625 0.01796875 0.03828125
0 0.34140625 0.6 0.01328125 0.01640625
0 0.115625 0.5890625 0.02109375 0.02109375
0 0.29453125 0.59765625 0.015625 0.01640625
0 0.684375 0.69140625 0.02109375 0.028125
0 0.9 0.64765625 0.01484375 0.0453125
0 0.7078125 0.6171875 0.009375 0.04296875
0 0.68359375 0.61875 0.01328125 0.01640625
0 0.68515625 0.63203125 0.00625 0.01171875
0 0.64296875 0.60078125 0.01640625 0.02265625
0 0.62734375 0.6 0.009375 0.01171875
0 0.61484375 0.59921875 0.01328125 0.00703125
0 0.6109375 0.60546875 0.00546875 0.00625
0 0.5890625 0.6 0.01015625 0.01953125
0 0.5546875 0.6046875 0.015625 0.01953125
0 0.56484375 0.6015625 0.00703125 0.00703125
0 0.58046875 0.6015625 0.00703125 0.00859375
0 0.51015625 0.603125 0.01015625 0.01171875
0 0.5078125 0.6171875 0.00859375 0.00859375
0 0.496875 0.6 0.00703125 0.01171875
0 0.48359375 0.6 0.009375 0.01328125
0 0.47421875 0.60234375 0.01171875 0.01875
0 0.46328125 0.5953125 0.009375 0.00625
0 0.4484375 0.60234375 0.01328125 0.015625
0 0.43515625 0.59765625 0.01328125 0.0125
0 0.4234375 0.603125 0.01015625 0.02421875
0 0.43203125 0.60703125 0.00703125 0.00625
0 0.415625 0.59921875 0.00703125 0.0140625
0 0.3984375 0.6015625 0.01171875 0.0109375
0 0.37109375 0.60859375 0.00859375 0.0140625
0 0.3796875 0.59765625 0.01171875 0.0125
0 0.36171875 0.59609375 0.01015625 0.01015625