0 0.9953125 0.45859375 0.00625 0.03125
0 0.9859375 0.45859375 0.015625 0.040625
0 0.9625 0.45859375 0.0125 0.040625
0 0.94609375 0.459375 0.0109375 0.03828125
0 0.91171875 0.46171875 0.0109375 0.03828125
0 0.91015625 0.4609375 0.0203125 0.0359375
0 0.7734375 0.50234375 0.01875 0.07890625
0 0.69609375 0.61875 0.0765625 0.303125
0 0.68984375 0.5890625 0.0546875 0.27890625
0 0.61171875 0.6546875 0.1265625 0.39296875
0 0.44765625 0.690625 0.1671875 0.50546875
0 0.55859375 0.59296875 0.0484375 0.23828125
0 0.534375 0.5390625 0.040625 0.184375
0 0.5765625 0.48984375 0.025 0.05859375
0 0.4109375 0.503125 0.01875 0.08125
0 0.26875 0.52734375 0.040625 0.14609375
0 0.22578125 0.53828125 0.0296875 0.1328125
0 0.88203125 0.50703125 0.0453125 0.07421875
0 0.81015625 0.459375 0.0921875 0.046875
0 0.86640625 0.453125 0.0203125 0.03359375
0 0.7359375 0.46328125 0.01875 0.05390625
0 0.6015625 0.4640625 0.128125 0.04296875
0 0.52109375 0.52109375 0.0390625 0.13515625
0 0.40625 0.48203125 0.0125 0.0515625
0 0.63046875 0.503125 0.0328125 0.040625
0 0.546875 0.5 0.01875 0.03359375
0 0.58046875 0.503125 0.0265625 0.040625