0 0.91875 0.6671875 0.16171875 0.64921875
0 0.62578125 0.70234375 0.121875 0.53046875
0 0.39921875 0.75859375 0.16484375 0.38203125
0 0.2484375 0.725 0.1828125 0.325
0 0.1359375 0.62578125 0.1203125 0.4734375
0 0.06796875 0.609375 0.1140625 0.45
0 0.20390625 0.5359375 0.071875 0.2609375
0 0.3234375 0.6265625 0.10703125 0.3953125
0 0.27109375 0.50078125 0.0828125 0.24609375
0 0.2265625 0.51171875 0.05625 0.29375
0 0.36171875 0.50078125 0.05859375 0.2375
0 0.415625 0.4828125 0.09765625 0.22578125
0 0.4765625 0.66796875 0.11015625 0.4359375
0 0.52578125 0.6171875 0.09921875 0.4578125
0 0.48046875 0.4234375 0.04140625 0.0828125
0 0.59453125 0.6625 0.10625 0.446875
0 0.625 0.596875 0.13359375 0.496875
0 0.753125 0.64296875 0.16015625 0.59921875
0 0.821875 0.62734375 0.0921875 0.52421875
0 0.67109375 0.41796875 0.0234375 0.08359375
0 0.025 0.53828125 0.04921875 0.1765625
0 0.0625 0.41171875 0.025 0.096875
0 0.08046875 0.40625 0.01640625 0.07109375
0 0.01015625 0.40703125 0.01953125 0.07109375
0 0.13046875 0.41875 0.01796875 0.05
0 0.38515625 0.4234375 0.0171875 0.04375
0 0.45078125 0.41875 0.02265625 0.0375
0 0.4515625 0.4203125 0.02265625 0.04296875
0 0.44609375 0.4125 0.0171875 0.03515625
0 0.5359375 0.41328125 0.01484375 0.03125
0 0.54765625 0.4265625 0.02109375 0.05859375
0 0.55703125 0.41796875 0.0171875 0.046875
0 0.75234375 0.41171875 0.015625 0.0265625
0 0.765625 0.41484375 0.0125 0.0296875
0 0.7765625 0.4125 0.01015625 0.02578125
0 0.83125 0.41796875 0.0171875 0.0390625
0 0.84453125 0.4078125 0.01796875 0.021875
0 0.85859375 0.41171875 0.01328125 0.025
0 0.87578125 0.40703125 0.01484375 0.02265625
0 0.89140625 0.41484375 0.015625 0.04140625
0 0.953125 0.396875 0.0171875 0.028125
0 0.9671875 0.40390625 0.01953125 0.03828125
0 0.9859375 0.41171875 0.0203125 0.0328125
0 0.63984375 0.403125 0.03671875 0.01640625
0 0.015625 0.590625 0.03125 0.09921875
0 0.040625 0.39453125 0.0265625 0.046875
0 0.03671875 0.45625 0.01796875 0.01484375
0 0.184375 0.40546875 0.01875 0.01640625
0 0.540625 0.38984375 0.0203125 0.015625
0 0.83828125 0.43984375 0.021875 0.01875
0 0.9890625 0.38125 0.0140625 0.03046875