0 0.2984375 0.7046875 0.1703125 0.25390625
0 0.34921875 0.6890625 0.0953125 0.215625
0 0.284375 0.74375 0.09921875 0.43515625
0 0.43515625 0.75859375 0.1234375 0.40078125
0 0.4046875 0.61875 0.05390625 0.13203125
0 0.47265625 0.65078125 0.059375 0.16484375
0 0.46796875 0.54140625 0.0296875 0.0734375
0 0.54140625 0.68125 0.0828125 0.37578125
0 0.61953125 0.709375 0.090625 0.35078125
0 0.74921875 0.69375 0.07265625 0.31328125
0 0.828125 0.73046875 0.10859375 0.371875
0 0.90078125 0.7390625 0.08984375 0.35703125
0 0.99296875 0.61015625 0.0109375 0.1421875
0 0.965625 0.5921875 0.02265625 0.12578125
0 0.946875 0.5734375 0.01796875 0.034375
0 0.909375 0.55703125 0.040625 0.06953125
0 0.865625 0.61015625 0.046875 0.19296875
0 0.7875 0.58671875 0.03515625 0.13046875
0 0.7890625 0.54453125 0.046875 0.0625
0 0.56015625 0.53984375 0.009375 0.03203125
0 0.5296875 0.54140625 0.021875 0.03359375
0 0.5703125 0.54375 0.01796875 0.0390625
0 0.58515625 0.55859375 0.0171875 0.08515625
0 0.6265625 0.534375 0.01640625 0.028125
0 0.6359375 0.5328125 0.0078125 0.021875
0 0.6453125 0.55390625 0.0203125 0.0703125
0 0.66484375 0.5546875 0.01796875 0.0734375
0 0.69375 0.571875 0.02109375 0.08515625
0 0.678125 0.54453125 0.02109375 0.03984375
0 0.67890625 0.5234375 0.00625 0.00859375
0 0.70234375 0.56484375 0.015625 0.096875
0 0.7171875 0.5625 0.01640625 0.07890625
0 0.73203125 0.5453125 0.01953125 0.0515625
0 0.7296875 0.5546875 0.021875 0.0640625
0 0.746875 0.55859375 0.04765625 0.06640625
0 0.76484375 0.5640625 0.015625 0.05078125
0 0.76640625 0.5359375 0.0203125 0.03671875
0 0.80390625 0.5375 0.01171875 0.02109375
0 0.81171875 0.55 0.01171875 0.0328125
0 0.82578125 0.54453125 0.015625 0.01953125
0 0.88515625 0.559375 0.0171875 0.06953125
0 0.9296875 0.58046875 0.0265625 0.09140625
0 0.971875 0.559375 0.0125 0.04453125
0 0.7625 0.525 0.0109375 0.0203125
0 0.06484375 0.55390625 0.06328125 0.12109375
0 0.15703125 0.53203125 0.0171875 0.02265625
0 0.53203125 0.48125 0.021875 0.0390625
0 0.525 0.52265625 0.00625 0.03125
0 0.3421875 0.56328125 0.0234375 0.103125
0 0.4015625 0.50078125 0.0109375 0.0625
0 0.7328125 0.51640625 0.0484375 0.0140625
0 0.65078125 0.52109375 0.0046875 0.02734375
0 0.8453125 0.53828125 0.00703125 0.0125
0 0.89765625 0.54140625 0.01171875 0.02734375
0 0.98203125 0.5546875 0.0109375 0.0578125