0 0.98359375 0.540625 0.03125 0.1578125
0 0.5140625 0.52265625 0.028125 0.0875
0 0.253125 0.52109375 0.0734375 0.27265625
0 0.3640625 0.51796875 0.06328125 0.259375
0 0.41953125 0.52578125 0.025 0.1046875
0 0.3375 0.4875 0.0375 0.1734375
0 0.40234375 0.46796875 0.02890625 0.13046875
0 0.41953125 0.47734375 0.0296875 0.12890625
0 0.4484375 0.4515625 0.02421875 0.0671875
0 0.4640625 0.4609375 0.01640625 0.02265625
0 0.46953125 0.44609375 0.0140625 0.040625
0 0.4796875 0.4453125 0.0140625 0.02890625
0 0.484375 0.4359375 0.0078125 0.01640625
0 0.01484375 0.415625 0.0203125 0.028125
0 0.0734375 0.41484375 0.0140625 0.01796875
0 0.08828125 0.42109375 0.01171875 0.021875
0 0.3265625 0.4234375 0.0078125 0.02421875
0 0.43046875 0.4515625 0.01875 0.059375
0 0.4703125 0.4421875 0.0328125 0.03671875
0 0.20078125 0.4171875 0.0453125 0.028125
0 0.31171875 0.4234375 0.04375 0.0359375
0 0.64375 0.44375 0.04609375 0.1171875
0 0.0734375 0.41953125 0.01640625 0.01484375