0 0.02578125 0.678125 0.0515625 0.38515625
0 0.1046875 0.63984375 0.05546875 0.2875
0 0.08359375 0.64765625 0.01640625 0.27890625
0 0.140625 0.58828125 0.03515625 0.08515625
0 0.18828125 0.60546875 0.04140625 0.06875
0 0.13984375 0.609375 0.0234375 0.05234375
0 0.18046875 0.56171875 0.03046875 0.05234375
0 0.23984375 0.6375 0.0390625 0.24140625
0 0.2671875 0.64140625 0.05078125 0.27890625
0 0.28671875 0.62578125 0.046875 0.26484375
0 0.32890625 0.63515625 0.0578125 0.2625
0 0.40703125 0.60234375 0.034375 0.07109375
0 0.54609375 0.590625 0.03984375 0.08984375
0 0.571875 0.559375 0.03671875 0.14375
0 0.62109375 0.55390625 0.0390625 0.13359375
0 0.71796875 0.57578125 0.1546875 0.56015625
0 0.8515625 0.61328125 0.0953125 0.21015625
0 0.77265625 0.65625 0.07265625 0.31640625
0 0.6578125 0.66328125 0.05546875 0.28125
0 0.45859375 0.66484375 0.0421875 0.2375
0 0.50859375 0.59921875 0.04453125 0.11015625
0 0.96953125 0.65625 0.05859375 0.37890625
0 0.16640625 0.60234375 0.025 0.06640625
0 0.2140625 0.603125 0.034375 0.06875
0 0.49375 0.57109375 0.05390625 0.15859375
0 0.54453125 0.54140625 0.02578125 0.05390625
0 0.8390625 0.51875 0.20390625 0.10390625
0 0.33671875 0.52734375 0.0140625 0.02890625
0 0.30546875 0.57265625 0.025 0.10390625
0 0.05703125 0.29140625 0.0109375 0.05
0 0.00859375 0.47421875 0.01640625 0.07265625