0 0.590625 0.82109375 0.0140625 0.07109375
0 0.74609375 0.82578125 0.01171875 0.06015625
0 0.6234375 0.89375 0.1 0.20859375
0 0.54140625 0.88984375 0.05546875 0.21640625
0 0.4921875 0.896875 0.0484375 0.20234375
0 0.44921875 0.89921875 0.05078125 0.19765625
0 0.38828125 0.88046875 0.05625 0.20625
0 0.425 0.88125 0.0375 0.18359375
0 0.34453125 0.81015625 0.0109375 0.04609375
0 0.35078125 0.81015625 0.01171875 0.05
0 0.35859375 0.81015625 0.01328125 0.05
0 0.36875 0.80078125 0.0109375 0.05234375
0 0.46640625 0.82265625 0.0203125 0.05390625
0 0.4703125 0.82890625 0.0203125 0.075
0 0.4234375 0.79375 0.06328125 0.0375