0 0.878125 0.675 0.08671875 0.4328125
0 0.72421875 0.6484375 0.10703125 0.478125
0 0.6078125 0.64140625 0.084375 0.42890625
0 0.53359375 0.65 0.1046875 0.45859375
0 0.4171875 0.63828125 0.0921875 0.47421875
0 0.4125 0.75078125 0.07890625 0.18984375
0 0.6625 0.65625 0.046875 0.2765625
0 0.23984375 0.65390625 0.0890625 0.4265625
0 0.3171875 0.6515625 0.0703125 0.36953125
0 0.275 0.6765625 0.05703125 0.365625
0 0.11328125 0.6703125 0.07578125 0.39921875
0 0.0875 0.60390625 0.0546875 0.10859375
0 0.05546875 0.6640625 0.1109375 0.46875
0 0.1546875 0.6828125 0.05 0.32578125
0 0.36171875 0.59765625 0.0390625 0.2546875
0 0.47734375 0.56015625 0.034375 0.1796875
0 0.79921875 0.54453125 0.03984375 0.08515625
0 0.76953125 0.5671875 0.034375 0.20546875
0 0.33828125 0.57421875 0.0234375 0.15234375
0 0.20078125 0.6484375 0.03671875 0.3515625
0 0.69453125 0.64140625 0.0265625 0.29453125
0 0.37265625 0.48125 0.0390625 0.06953125
0 0.4703125 0.4890625 0.05703125 0.06953125
0 0.5625 0.49921875 0.07109375 0.07734375
0 0.17578125 0.53359375 0.03359375 0.07890625
0 0.2921875 0.5109375 0.0265625 0.0734375
0 0.65078125 0.50703125 0.03984375 0.06953125
0 0.771875 0.72890625 0.034375 0.13046875