0 0.13046875 0.8078125 0.1609375 0.3828125
0 0.0859375 0.63671875 0.0453125 0.08984375
0 0.29453125 0.8203125 0.16484375 0.35703125
0 0.40625 0.8 0.096875 0.39765625
0 0.51953125 0.71796875 0.09453125 0.3734375
0 0.565625 0.69921875 0.06484375 0.36953125
0 0.4796875 0.71953125 0.0375 0.20625
0 0.6296875 0.7125 0.0421875 0.38125
0 0.66953125 0.740625 0.0984375 0.51640625
0 0.75 0.6 0.0609375 0.24296875
0 0.79375 0.63671875 0.065625 0.22578125
0 0.88359375 0.81171875 0.1140625 0.36796875
0 0.94921875 0.8671875 0.1 0.2640625
0 0.92421875 0.60078125 0.06640625 0.30390625
0 0.9703125 0.58671875 0.04375 0.14375
0 0.89140625 0.5109375 0.0421875 0.2015625
0 0.79140625 0.5875 0.0984375 0.26796875
0 0.84609375 0.61015625 0.0609375 0.30234375
0 0.7140625 0.53125 0.04765625 0.1078125
0 0.6421875 0.51015625 0.0328125 0.10546875
0 0.60859375 0.6078125 0.02890625 0.2109375
0 0.58828125 0.6375 0.0421875 0.30859375
0 0.5359375 0.5203125 0.034375 0.125
0 0.51875 0.56640625 0.0421875 0.115625
0 0.4984375 0.54765625 0.03125 0.15546875
0 0.4703125 0.571875 0.0296875 0.171875
0 0.4296875 0.59609375 0.04375 0.25078125
0 0.36015625 0.6546875 0.08671875 0.2875
0 0.39453125 0.57890625 0.025 0.05546875
0 0.34296875 0.54140625 0.02578125 0.08984375
0 0.3234375 0.61953125 0.0421875 0.2171875
0 0.296875 0.62109375 0.0546875 0.17421875
0 0.26015625 0.5875 0.0390625 0.16875
0 0.2453125 0.58515625 0.0265625 0.13515625
0 0.1765625 0.6265625 0.05 0.1859375
0 0.1921875 0.5890625 0.0234375 0.09609375
0 0.1921875 0.525 0.03359375 0.07421875
0 0.13203125 0.58671875 0.03359375 0.14609375
0 0.09375 0.53359375 0.025 0.06953125
0 0.07578125 0.565625 0.02421875 0.0828125
0 0.05390625 0.57265625 0.03046875 0.13203125
0 0.04453125 0.6 0.0421875 0.0796875
0 0.79375 0.87265625 0.16796875 0.253125
0 0.553125 0.42265625 0.7640625 0.14765625
0 0.99375 0.3890625 0.01171875 0.07734375
0 0.39375 0.5015625 0.065625 0.0125
0 0.30078125 0.50859375 0.06953125 0.0265625
0 0.2296875 0.5125 0.0453125 0.03125
0 0.221875 0.746875 0.0703125 0.38671875
0 0.48125 0.903125 0.178125 0.1875