0 0.04375 0.9203125 0.0671875 0.15546875
0 0.11015625 0.9109375 0.03984375 0.1734375
0 0.12734375 0.821875 0.04765625 0.19140625
0 0.1671875 0.884375 0.05234375 0.2265625
0 0.18359375 0.621875 0.0328125 0.12890625
0 0.2984375 0.546875 0.0453125 0.1203125
0 0.31015625 0.4375 0.02265625 0.0890625
0 0.396875 0.57890625 0.0234375 0.11328125
0 0.41953125 0.58984375 0.02109375 0.0953125
0 0.446875 0.578125 0.02890625 0.16015625
0 0.4671875 0.58203125 0.02265625 0.12421875
0 0.41484375 0.68671875 0.03984375 0.178125
0 0.434375 0.78359375 0.0359375 0.1890625
0 0.4453125 0.7125 0.0234375 0.0953125
0 0.4640625 0.73125 0.02734375 0.07578125
0 0.528125 0.71875 0.03125 0.14921875
0 0.5546875 0.92578125 0.05 0.14453125
0 0.60234375 0.94765625 0.0375 0.1
0 0.58359375 0.49140625 0.025 0.1109375
0 0.5859375 0.56796875 0.02734375 0.1046875
0 0.63828125 0.55703125 0.02109375 0.0640625
0 0.6515625 0.565625 0.01875 0.0640625
0 0.671875 0.5921875 0.02890625 0.13125
0 0.66015625 0.63203125 0.0421875 0.14453125
0 0.6640625 0.41328125 0.01484375 0.07578125
0 0.678125 0.4765625 0.02109375 0.1046875
0 0.70390625 0.4734375 0.0203125 0.084375
0 0.7046875 0.54453125 0.02890625 0.12890625
0 0.765625 0.66328125 0.03125 0.14453125
0 0.825 0.62578125 0.02734375 0.13984375
0 0.8546875 0.634375 0.03984375 0.14453125
0 0.6796875 0.403125 0.01640625 0.0734375
0 0.69765625 0.4109375 0.0171875 0.06640625
0 0.74609375 0.4125 0.0171875 0.06015625
0 0.75078125 0.45859375 0.02109375 0.1
0 0.7703125 0.41015625 0.0203125 0.08671875
0 0.8015625 0.42109375 0.0171875 0.08203125
0 0.81796875 0.42109375 0.01640625 0.0734375
0 0.990625 0.51875 0.01640625 0.1
0 0.65078125 0.428125 0.02109375 0.1
0 0.17265625 0.515625 0.02265625 0.1109375
0 0.56640625 0.2046875 0.1828125 0.07109375
0 0.03359375 0.73359375 0.06484375 0.0625
0 0.475 0.9765625 0.05 0.0421875
0 0.5609375 0.98125 0.0375 0.03359375
0 0.55859375 0.346875 0.0828125 0.0890625
0 0.83359375 0.3078125 0.2046875 0.14921875
0 0.9421875 0.17578125 0.1140625 0.053125
0 0.98125 0.4859375 0.02265625 0.03359375
0 0.8765625 0.4703125 0.03984375 0.0375
0 0.53125 0.41640625 0.0125 0.02421875
0 0.57109375 0.4265625 0.01015625 0.03125
0 0.434375 0.39765625 0.0109375 0.01796875
0 0.41171875 0.4046875 0.00859375 0.0265625
0 0.49609375 0.3578125 0.0171875 0.04453125
0 0.7140625 0.40546875 0.0359375 0.1265625
0 0.734375 0.4234375 0.00625 0.08671875
0 0.55546875 0.41328125 0.01640625 0.0265625
0 0.5984375 0.40703125 0.0078125 0.01796875
0 0.4515625 0.3609375 0.04140625 0.0375
0 0.3765625 0.384375 0.01015625 0.021875
0 0.3984375 0.3875 0.0109375 0.02890625
0 0.2359375 0.44453125 0.0453125 0.0625
0 0.2484375 0.1796875 0.03125 0.0625