0 0.778125 0.828125 0.19609375 0.34140625
0 0.84609375 0.66953125 0.1796875 0.321875
0 0.6 0.75625 0.20390625 0.48515625
0 0.65390625 0.6234375 0.10234375 0.284375
0 0.3609375 0.75625 0.18671875 0.48515625
0 0.1390625 0.75859375 0.1578125 0.2953125
0 0.171875 0.64375 0.15625 0.41640625
0 0.1171875 0.57578125 0.234375 0.35
0 0.10703125 0.43359375 0.096875 0.2390625
0 0.07265625 0.359375 0.04296875 0.08828125
0 0.1953125 0.41953125 0.08046875 0.2546875
0 0.2953125 0.278125 0.0609375 0.09296875
0 0.290625 0.4515625 0.09609375 0.38125
0 0.3640625 0.47890625 0.13203125 0.3
0 0.440625 0.42265625 0.084375 0.34296875
0 0.5015625 0.3875 0.0734375 0.32734375
0 0.54375 0.3578125 0.10078125 0.2453125
0 0.55703125 0.4875 0.08671875 0.38125
0 0.64765625 0.3859375 0.11796875 0.24453125
0 0.61015625 0.38046875 0.04140625 0.17578125
0 0.75703125 0.390625 0.05546875 0.22734375
0 0.71171875 0.359375 0.07890625 0.278125
0 0.746875 0.26171875 0.03515625 0.1078125
0 0.68828125 0.26015625 0.05546875 0.10390625
0 0.6390625 0.240625 0.04375 0.07890625
0 0.665625 0.26953125 0.025 0.128125
0 0.6078125 0.27578125 0.071875 0.13828125
0 0.59296875 0.2140625 0.053125 0.11875
0 0.50625 0.225 0.05078125 0.1109375
0 0.46640625 0.2765625 0.03671875 0.06953125
0 0.42421875 0.271875 0.0484375 0.134375
0 0.45234375 0.2078125 0.04375 0.10625
0 0.38359375 0.21796875 0.0484375 0.11328125
0 0.384375 0.32109375 0.065625 0.19921875
0 0.3625 0.315625 0.12109375 0.153125
0 0.3234375 0.25234375 0.05 0.07265625
0 0.3171875 0.2234375 0.0359375 0.05625
0 0.346875 0.2296875 0.03203125 0.08359375
0 0.31328125 0.2046875 0.028125 0.06328125
0 0.34140625 0.18671875 0.04140625 0.0828125
0 0.4203125 0.20703125 0.03203125 0.07265625
0 0.4734375 0.2015625 0.0296875 0.1171875
0 0.5296875 0.23203125 0.03671875 0.09453125
0 0.546875 0.2078125 0.0359375 0.07109375
0 0.9046875 0.83984375 0.125 0.134375
0 0.3875 0.81953125 0.11796875 0.17890625
0 0.05859375 0.7640625 0.1171875 0.29140625
0 0.53828125 0.271875 0.01640625 0.053125
0 0.534375 0.10703125 0.36875 0.0921875
0 0.409375 0.178125 0.09609375 0.05234375
0 0.53359375 0.18515625 0.1046875 0.06640625
0 0.62734375 0.17109375 0.0859375 0.0375