0 0.06015625 0.7 0.0328125 0.1203125
0 0.15078125 0.71640625 0.09921875 0.41953125
0 0.20546875 0.734375 0.078125 0.36015625
0 0.26640625 0.7140625 0.0484375 0.096875
0 0.3265625 0.7 0.034375 0.06015625
0 0.3296875 0.69140625 0.0421875 0.07734375
0 0.3484375 0.6828125 0.01328125 0.06015625
0 0.3328125 0.63984375 0.01328125 0.02734375
0 0.38046875 0.66015625 0.03359375 0.1484375
0 0.4 0.66015625 0.01953125 0.09375
0 0.40546875 0.63125 0.009375 0.03125
0 0.41328125 0.6484375 0.0125 0.06015625
0 0.42578125 0.6671875 0.01953125 0.07265625
0 0.43203125 0.66171875 0.03359375 0.1484375
0 0.45859375 0.66015625 0.01953125 0.0703125
0 0.4703125 0.65078125 0.01796875 0.0734375
0 0.49453125 0.65625 0.02734375 0.0875
0 0.49140625 0.6546875 0.01640625 0.0796875
0 0.5234375 0.66171875 0.02734375 0.09921875
0 0.5375 0.6625 0.01796875 0.1
0 0.559375 0.66953125 0.021875 0.04765625
0 0.58046875 0.68203125 0.0328125 0.1265625
0 0.62109375 0.6796875 0.02265625 0.1046875
0 0.63984375 0.69375 0.02734375 0.13515625
0 0.65078125 0.6796875 0.02265625 0.1140625
0 0.6015625 0.63828125 0.00546875 0.03359375
0 0.6609375 0.659375 0.01796875 0.05390625
0 0.66953125 0.6546875 0.01484375 0.05625
0 0.68828125 0.64453125 0.0109375 0.04140625
0 0.65 0.63515625 0.00703125 0.03203125
0 0.71953125 0.6578125 0.01171875 0.053125
0 0.72109375 0.66484375 0.0140625 0.0703125
0 0.73515625 0.6578125 0.0140625 0.0578125
0 0.753125 0.70703125 0.04140625 0.1453125
0 0.04921875 0.64453125 0.0140625 0.03828125
0 0.18515625 0.70703125 0.02265625 0.11796875
0 0.30546875 0.62890625 0.02578125 0.01640625
0 0.475 0.62421875 0.00625 0.01484375
0 0.4609375 0.6265625 0.00859375 0.0140625
0 0.50546875 0.64609375 0.01796875 0.065625
0 0.51875 0.61953125 0.00859375 0.01171875
0 0.546875 0.615625 0.01953125 0.0140625
0 0.559375 0.6390625 0.0265625 0.03203125
0 0.6140625 0.63359375 0.01875 0.034375
0 0.63125 0.62890625 0.00703125 0.01484375
0 0.640625 0.6265625 0.00859375 0.0234375
0 0.665625 0.62890625 0.0171875 0.0171875
0 0.76171875 0.615625 0.0171875 0.01171875
0 0.8703125 0.6359375 0.009375 0.03359375
0 0.6109375 0.690625 0.00625 0.01953125
0 0.54765625 0.66953125 0.00625 0.02890625