0 0.93046875 0.59375 0.13671875 0.809375
0 0.1453125 0.56171875 0.196875 0.66640625
0 0.2765625 0.49296875 0.1609375 0.5640625
0 0.19140625 0.309375 0.05625 0.115625
0 0.46171875 0.61953125 0.1515625 0.6
0 0.515625 0.55 0.071875 0.446875
0 0.66171875 0.515625 0.1671875 0.58828125
0 0.73359375 0.4625 0.065625 0.41015625
0 0.79765625 0.49765625 0.1 0.3921875
0 0.85625 0.4625 0.065625 0.34296875
0 0.228125 0.3140625 0.03515625 0.08359375
0 0.04140625 0.33125 0.0671875 0.12265625
0 0.5953125 0.36015625 0.05 0.09921875
0 0.6921875 0.29296875 0.0171875 0.02890625