0 0.06953125 0.58203125 0.09765625 0.71484375
0 0.13828125 0.603125 0.11875 0.78984375
0 0.21640625 0.58984375 0.0859375 0.59140625
0 0.25625 0.60390625 0.12578125 0.64140625
0 0.33828125 0.61640625 0.1359375 0.7625
0 0.42109375 0.528125 0.07890625 0.48984375
0 0.5203125 0.51328125 0.15625 0.51015625
0 0.63125 0.60546875 0.1609375 0.78515625
0 0.696875 0.39453125 0.06953125 0.17265625
0 0.74296875 0.45 0.03984375 0.1375
0 0.80859375 0.65078125 0.1734375 0.39765625
0 0.37109375 0.296875 0.175 0.18125
0 0.9640625 0.59765625 0.06875 0.8015625
0 0.5203125 0.103125 0.04375 0.06875