0 0.1078125 0.47890625 0.1546875 0.30859375
0 0.28515625 0.51953125 0.065625 0.13125
0 0.20859375 0.646875 0.29609375 0.70234375
0 0.3703125 0.503125 0.05546875 0.16875
0 0.43046875 0.71875 0.1828125 0.55859375
0 0.4234375 0.71953125 0.17734375 0.55625
0 0.4734375 0.49921875 0.0671875 0.26015625
0 0.52265625 0.72890625 0.1046875 0.5375
0 0.54921875 0.63671875 0.05390625 0.41484375
0 0.5765625 0.490625 0.02578125 0.07265625
0 0.62109375 0.68984375 0.103125 0.61640625
0 0.68203125 0.703125 0.17578125 0.58984375
0 0.81015625 0.68203125 0.17734375 0.63125
0 0.92109375 0.721875 0.13046875 0.55234375
0 0.9765625 0.75390625 0.04453125 0.49140625
0 0.18125 0.4875 0.03203125 0.12109375
0 0.50390625 0.453125 0.0296875 0.06015625
0 0.59375 0.48203125 0.03046875 0.05234375
0 0.65625 0.47578125 0.03046875 0.05625
0 0.67890625 0.434375 0.0203125 0.03984375
0 0.76015625 0.49296875 0.04140625 0.09375