0 0.09765625 0.95078125 0.02578125 0.09375
0 0.0078125 0.70546875 0.015625 0.08125
0 0.01796875 0.70546875 0.01328125 0.06484375
0 0.09453125 0.675 0.01796875 0.07109375
0 0.1109375 0.77734375 0.025 0.0875
0 0.24140625 0.89453125 0.03046875 0.11484375
0 0.315625 0.82265625 0.02578125 0.09609375
0 0.37109375 0.784375 0.01796875 0.08125
0 0.1421875 0.57578125 0.01171875 0.04765625
0 0.16484375 0.571875 0.0109375 0.04765625
0 0.171875 0.57421875 0.01328125 0.05234375
0 0.20390625 0.58359375 0.0140625 0.05390625
0 0.209375 0.584375 0.0109375 0.04375
0 0.590625 0.89765625 0.02578125 0.12109375
0 0.72734375 0.85859375 0.025 0.09609375
0 0.73203125 0.85390625 0.02109375 0.09609375
0 0.71015625 0.74140625 0.01640625 0.075
0 0.76953125 0.74453125 0.0296875 0.07734375
0 0.609375 0.628125 0.01328125 0.05234375
0 0.8859375 0.90546875 0.01875 0.08984375
0 0.91640625 0.896875 0.02578125 0.11015625
0 0.890625 0.728125 0.01875 0.07265625
0 0.99296875 0.70078125 0.01171875 0.06875
0 0.9203125 0.66171875 0.0140625 0.04375
0 0.91171875 0.653125 0.0140625 0.05625
0 0.92734375 0.65390625 0.01171875 0.05859375
0 0.978125 0.58359375 0.01328125 0.05
0 0.88828125 0.59609375 0.01171875 0.05
0 0.8765625 0.59296875 0.01328125 0.05234375
0 0.80625 0.58046875 0.01171875 0.05234375
0 0.7875 0.58125 0.009375 0.05
0 0.80234375 0.55078125 0.00859375 0.02265625
0 0.8125 0.55234375 0.0109375 0.04140625
0 0.82734375 0.56015625 0.0140625 0.05
0 0.8328125 0.53125 0.0109375 0.05
0 0.8578125 0.5375 0.0140625 0.04609375
0 0.86953125 0.546875 0.01171875 0.04375
0 0.87109375 0.53828125 0.00859375 0.02265625
0 0.8828125 0.54609375 0.009375 0.03359375
0 0.9015625 0.54609375 0.01171875 0.04140625
0 0.91328125 0.54765625 0.009375 0.04609375
0 0.7796875 0.57578125 0.009375 0.04375
0 0.70859375 0.56796875 0.01171875 0.04765625
0 0.6890625 0.53671875 0.01171875 0.04375
0 0.62890625 0.575 0.01328125 0.04609375
0 0.6171875 0.57734375 0.01171875 0.05
0 0.61484375 0.55078125 0.00703125 0.02265625
0 0.60234375 0.559375 0.01796875 0.04765625
0 0.56953125 0.57265625 0.009375 0.04609375
0 0.559375 0.56015625 0.0109375 0.04609375
0 0.57890625 0.52109375 0.00859375 0.04609375
0 0.58359375 0.52265625 0.0109375 0.04609375
0 0.52265625 0.5625 0.01171875 0.05
0 0.50546875 0.56328125 0.01328125 0.04375
0 0.475 0.58203125 0.009375 0.03125
0 0.46328125 0.55 0.0109375 0.04609375
0 0.41171875 0.578125 0.0140625 0.04765625
0 0.4046875 0.55859375 0.0109375 0.04609375
0 0.38828125 0.55859375 0.0203125 0.05390625
0 0.17890625 0.46796875 0.3296875 0.16875
0 0.62421875 0.45234375 0.5609375 0.125
0 0.9515625 0.48984375 0.0953125 0.125
0 0.63828125 0.36875 0.01796875 0.04609375
0 0.51484375 0.34453125 0.0484375 0.09375
0 0.33828125 0.57109375 0.0109375 0.04140625