0 0.74609375 0.565625 0.15390625 0.7375
0 0.44921875 0.4859375 0.14921875 0.628125
0 0.18046875 0.52578125 0.2 0.85390625
0 0.253125 0.4796875 0.115625 0.69140625
0 0.83046875 0.53203125 0.028125 0.13359375
0 0.28359375 0.4953125 0.01953125 0.0640625
0 0.34921875 0.4890625 0.08203125 0.08828125
0 0.02421875 0.50703125 0.046875 0.05390625
0 0.05234375 0.56484375 0.02109375 0.03359375
0 0.5234375 0.44921875 0.0625 0.04140625
0 0.5671875 0.43515625 0.0109375 0.02265625
0 0.671875 0.4359375 0.01875 0.03828125
0 0.64921875 0.4296875 0.00859375 0.01640625