0 0.97265625 0.76875 0.02890625 0.14609375
0 0.9265625 0.76796875 0.02734375 0.13515625
0 0.5359375 0.74765625 0.01953125 0.10859375
0 0.5609375 0.75625 0.02734375 0.125
0 0.4578125 0.75625 0.025 0.12890625
0 0.4515625 0.75546875 0.015625 0.12734375
0 0.4296875 0.75546875 0.021875 0.12734375
0 0.15078125 0.80390625 0.04375 0.14140625
0 0.09140625 0.703125 0.01796875 0.04765625
0 0.11171875 0.765625 0.021875 0.11484375
0 0.115625 0.71171875 0.025 0.06015625
0 0.140625 0.77734375 0.02890625 0.10859375
0 0.26015625 0.76171875 0.02890625 0.13515625
0 0.90625 0.76484375 0.0234375 0.08359375
0 0.94140625 0.765625 0.00859375 0.08984375
0 0.8578125 0.72890625 0.0234375 0.075
0 0.77734375 0.4125 0.13515625 0.72890625
0 0.63671875 0.74453125 0.14375 0.26015625
0 0.36171875 0.709375 0.1515625 0.42265625
0 0.55 0.75546875 0.01640625 0.05625
0 0.49765625 0.7375 0.0546875 0.07890625
0 0.14375 0.71328125 0.04296875 0.06484375
0 0.20703125 0.73828125 0.084375 0.09375
0 0.2765625 0.72734375 0.01953125 0.07109375