0 0.8109375 0.665625 0.13984375 0.484375
0 0.95703125 0.546875 0.065625 0.23515625
0 0.86875 0.553125 0.02421875 0.1140625
0 0.746875 0.5453125 0.0140625 0.040625
0 0.71328125 0.55859375 0.02109375 0.08984375
0 0.72265625 0.53515625 0.01328125 0.04296875
0 0.03515625 0.60703125 0.0703125 0.30859375
0 0.08515625 0.56015625 0.05390625 0.1640625
0 0.175 0.615625 0.08203125 0.3046875
0 0.284375 0.52109375 0.03984375 0.0828125
0 0.3671875 0.6484375 0.09921875 0.3515625
0 0.53828125 0.58203125 0.075 0.25625
0 0.4359375 0.5625 0.0484375 0.18125
0 0.4515625 0.5484375 0.03125 0.12890625
0 0.4234375 0.48515625 0.0203125 0.03671875
0 0.40390625 0.4859375 0.0234375 0.059375
0 0.50703125 0.553125 0.03203125 0.165625
0 0.496875 0.53203125 0.03203125 0.1765625
0 0.60625 0.540625 0.0484375 0.165625
0 0.58828125 0.54375 0.02890625 0.14921875
0 0.5765625 0.5390625 0.01328125 0.11171875
0 0.634375 0.5484375 0.02265625 0.1140625
0 0.6515625 0.54375 0.025 0.1171875
0 0.6875 0.546875 0.034375 0.13203125
0 0.69921875 0.55078125 0.015625 0.10546875
0 0.91796875 0.5421875 0.02890625 0.0515625
0 0.56640625 0.48828125 0.01328125 0.01484375
0 0.63203125 0.48671875 0.0125 0.01484375
0 0.98984375 0.534375 0.01953125 0.13984375