0 0.06953125 0.65390625 0.090625 0.28515625
0 0.1171875 0.60625 0.0578125 0.209375
0 0.32421875 0.690625 0.09140625 0.35078125
0 0.36875 0.64765625 0.0671875 0.31015625
0 0.40859375 0.70390625 0.096875 0.346875
0 0.49609375 0.61953125 0.05390625 0.2234375
0 0.5453125 0.61875 0.05859375 0.25078125
0 0.51484375 0.51796875 0.02421875 0.05234375
0 0.46875 0.55625 0.015625 0.090625
0 0.47890625 0.52734375 0.01640625 0.03515625
0 0.58359375 0.55859375 0.02890625 0.1015625
0 0.575 0.54609375 0.01484375 0.0703125
0 0.5875 0.50703125 0.00859375 0.00859375
0 0.61875 0.5578125 0.028125 0.10546875
0 0.6078125 0.54609375 0.015625 0.0828125
0 0.62578125 0.51640625 0.01328125 0.02734375
0 0.6375 0.5515625 0.025 0.08046875
0 0.63125 0.52578125 0.01328125 0.0484375
0 0.67421875 0.6328125 0.07578125 0.25625
0 0.77109375 0.615625 0.0890625 0.29296875
0 0.82265625 0.56484375 0.0390625 0.1453125
0 0.24140625 0.6875 0.04921875 0.0484375
0 0.296875 0.55078125 0.03203125 0.0421875
0 0.471875 0.51640625 0.009375 0.01875
0 0.484375 0.51640625 0.0109375 0.021875
0 0.44296875 0.5109375 0.03671875 0.01875
0 0.55234375 0.515625 0.0109375 0.021875
0 0.5796875 0.51328125 0.0078125 0.01640625
0 0.66171875 0.52109375 0.0140625 0.03515625