0 0.1421875 0.38515625 0.18671875 0.63671875
0 0.27109375 0.38515625 0.11015625 0.52734375
0 0.37890625 0.49296875 0.2609375 0.98515625
0 0.6 0.4984375 0.228125 0.99609375
0 0.83046875 0.43046875 0.2234375 0.8609375
0 0.740625 0.38359375 0.07734375 0.334375
0 0.0546875 0.39921875 0.109375 0.52578125
0 0.08515625 0.36640625 0.06875 0.3765625
0 0.4921875 0.36328125 0.05546875 0.45078125
0 0.528125 0.35234375 0.04765625 0.3890625
0 0.9578125 0.4765625 0.08125 0.91640625
0 0.94453125 0.359375 0.05 0.278125
0 0.0171875 0.76796875 0.03359375 0.0671875
0 0.67265625 0.5515625 0.0390625 0.05625
0 0.234375 0.17734375 0.0375 0.07421875
0 0.31484375 0.18125 0.04140625 0.07421875