0 0.06953125 0.53046875 0.10546875 0.33125
0 0.16796875 0.521875 0.0515625 0.21875
0 0.36484375 0.47265625 0.02109375 0.07109375
0 0.475 0.52421875 0.06015625 0.28984375
0 0.5046875 0.51953125 0.03046875 0.20234375
0 0.5203125 0.51953125 0.0203125 0.17265625
0 0.54921875 0.53125 0.046875 0.13359375
0 0.5734375 0.48125 0.02265625 0.1125
0 0.590625 0.509375 0.03515625 0.16875
0 0.609375 0.47890625 0.01328125 0.0625
0 0.62109375 0.47578125 0.02578125 0.11015625
0 0.63203125 0.659375 0.08359375 0.36015625
0 0.66171875 0.57734375 0.05546875 0.40390625
0 0.72421875 0.61484375 0.1125 0.55859375
0 0.790625 0.496875 0.02734375 0.13125
0 0.82578125 0.48515625 0.02265625 0.0875
0 0.91875 0.671875 0.08125 0.31875
0 0.91328125 0.48984375 0.04453125 0.1875
0 0.975 0.48671875 0.02734375 0.12265625
0 0.54375 0.46328125 0.04921875 0.07734375
0 0.58359375 0.45546875 0.015625 0.04375
0 0.63671875 0.47109375 0.00625 0.03359375
0 0.946875 0.48515625 0.00703125 0.07109375
0 0.96796875 0.45625 0.01171875 0.025
0 0.79765625 0.48515625 0.0203125 0.1