0 0.0640625 0.62890625 0.09296875 0.58359375
0 0.13515625 0.66484375 0.11953125 0.64140625
0 0.21640625 0.63359375 0.12109375 0.65390625
0 0.26875 0.61171875 0.08671875 0.59375
0 0.3609375 0.59609375 0.10234375 0.67890625
0 0.4390625 0.653125 0.16640625 0.68984375
0 0.5015625 0.584375 0.0765625 0.59765625
0 0.61328125 0.63828125 0.18671875 0.59765625
0 0.771875 0.59453125 0.19375 0.63125
0 0.9453125 0.60859375 0.10703125 0.63359375
0 0.72734375 0.496875 0.0859375 0.36875
0 0.521875 0.3 0.0390625 0.10390625
0 0.490625 0.29296875 0.028125 0.08125
0 0.16484375 0.40703125 0.05546875 0.15234375
0 0.42109375 0.325 0.09765625 0.12890625
0 0.66484375 0.35625 0.0765625 0.19140625
0 0.734375 0.26875 0.0203125 0.06640625
0 0.60859375 0.29375 0.0390625 0.09609375
0 0.5640625 0.37578125 0.053125 0.24375
0 0.51796875 0.34453125 0.0421875 0.12265625
0 0.503125 0.26640625 0.0203125 0.03359375
0 0.47734375 0.2875 0.01640625 0.02109375
0 0.1703125 0.103125 0.0375 0.16875