0 0.07265625 0.50859375 0.046875 0.0875
0 0.103125 0.53359375 0.03046875 0.10859375
0 0.11640625 0.65078125 0.03671875 0.28515625
0 0.15859375 0.53359375 0.01640625 0.04140625
0 0.07734375 0.71953125 0.065625 0.41015625
0 0.1328125 0.71015625 0.0515625 0.41640625
0 0.18203125 0.72890625 0.11015625 0.51640625
0 0.22421875 0.50234375 0.02578125 0.1
0 0.25234375 0.5125 0.02109375 0.10390625
0 0.27265625 0.615625 0.0515625 0.27734375
0 0.29375 0.48515625 0.0296875 0.06640625
0 0.3125 0.50078125 0.03046875 0.08125
0 0.32578125 0.53984375 0.02265625 0.15
0 0.34375 0.53515625 0.03046875 0.14609375
0 0.4078125 0.48203125 0.025 0.06875
0 0.42265625 0.51640625 0.01875 0.07109375
0 0.4140625 0.565625 0.025 0.08125
0 0.45078125 0.628125 0.065625 0.31875
0 0.31640625 0.7625 0.1046875 0.47109375
0 0.409375 0.74296875 0.11953125 0.51015625
0 0.475 0.48046875 0.015625 0.03984375
0 0.4609375 0.54921875 0.025 0.13984375
0 0.4796875 0.61796875 0.04375 0.24375
0 0.52109375 0.49453125 0.01875 0.10234375
0 0.5421875 0.49765625 0.02109375 0.10390625
0 0.5625 0.48125 0.0203125 0.04609375
0 0.5765625 0.503125 0.034375 0.07265625
0 0.56328125 0.67421875 0.09375 0.34375
0 0.62578125 0.71328125 0.1078125 0.52265625
0 0.6625 0.53984375 0.0109375 0.05
0 0.6703125 0.53046875 0.02578125 0.12265625
0 0.690625 0.58046875 0.0390625 0.20625
0 0.7265625 0.578125 0.046875 0.21875
0 0.75390625 0.54453125 0.04921875 0.18125
0 0.80625 0.51953125 0.0234375 0.11875
0 0.80859375 0.54296875 0.01875 0.09765625
0 0.82421875 0.52421875 0.01875 0.11015625
0 0.84140625 0.53671875 0.0234375 0.12734375
0 0.859375 0.54453125 0.03984375 0.17734375
0 0.8953125 0.58203125 0.02578125 0.25234375
0 0.909375 0.58203125 0.03203125 0.28515625
0 0.21796875 0.52578125 0.0421875 0.08984375
0 0.2265625 0.69375 0.028125 0.07890625
0 0.22265625 0.453125 0.01796875 0.03125
0 0.5484375 0.47734375 0.03046875 0.05390625
0 0.5921875 0.48515625 0.06015625 0.1
0 0.65234375 0.49296875 0.02734375 0.08984375
0 0.6859375 0.48515625 0.01328125 0.0625
0 0.70859375 0.46171875 0.03203125 0.03125
0 0.71171875 0.49296875 0.02265625 0.03515625
0 0.7359375 0.459375 0.0234375 0.02734375
0 0.7765625 0.47578125 0.0390625 0.06484375
0 0.7390625 0.4875 0.01796875 0.02890625
0 0.7921875 0.528125 0.0140625 0.03984375
0 0.80078125 0.465625 0.009375 0.03984375
0 0.821875 0.45 0.03671875 0.02890625
0 0.8328125 0.47734375 0.01328125 0.025
0 0.8453125 0.459375 0.009375 0.02265625
0 0.8765625 0.44765625 0.05078125 0.01640625
0 0.878125 0.48125 0.03046875 0.05
0 0.89921875 0.47109375 0.0140625 0.02890625
0 0.63046875 0.45625 0.01875 0.01640625
0 0.44921875 0.47890625 0.01875 0.0375
0 0.00703125 0.49609375 0.0140625 0.1