0 0.63671875 0.5546875 0.36640625 0.846875
0 0.8734375 0.42109375 0.20546875 0.43984375
0 0.78203125 0.440625 0.13203125 0.47265625
0 0.48203125 0.3953125 0.18515625 0.5140625
0 0.2078125 0.4296875 0.26640625 0.55078125
0 0.36875 0.32109375 0.09453125 0.20390625
0 0.31171875 0.33671875 0.071875 0.18671875
0 0.34921875 0.325 0.03984375 0.16796875
0 0.084375 0.28359375 0.03984375 0.06484375
0 0.04140625 0.3328125 0.0828125 0.178125
0 0.94765625 0.41640625 0.1015625 0.3171875
0 0.4078125 0.25234375 0.0453125 0.02421875
0 0.33359375 0.25703125 0.07734375 0.03828125
0 0.015625 0.3640625 0.03046875 0.13203125
0 0.075 0.25 0.14921875 0.0640625
0 0.05390625 0.38828125 0.04921875 0.03125
0 0.36328125 0.38671875 0.0703125 0.05390625