0 0.084375 0.8078125 0.16875 0.38046875
0 0.32578125 0.5296875 0.0265625 0.1203125
0 0.34453125 0.59609375 0.05390625 0.22265625
0 0.42265625 0.60390625 0.05 0.259375
0 0.46015625 0.4828125 0.0203125 0.05859375
0 0.48359375 0.44296875 0.01484375 0.0484375
0 0.48359375 0.47421875 0.03125 0.0640625
0 0.50234375 0.4484375 0.0265625 0.0421875
0 0.475 0.51796875 0.0421875 0.0734375
0 0.5078125 0.5265625 0.03515625 0.12734375
0 0.521875 0.5078125 0.0234375 0.12578125
0 0.5453125 0.5171875 0.0296875 0.13359375
0 0.5625 0.52890625 0.040625 0.1390625
0 0.48203125 0.6515625 0.06171875 0.325
0 0.546875 0.68984375 0.078125 0.28671875
0 0.56640625 0.45234375 0.01953125 0.046875
0 0.5890625 0.44765625 0.0140625 0.03984375
0 0.68828125 0.4671875 0.01953125 0.08203125
0 0.6109375 0.721875 0.04765625 0.18125
0 0.6296875 0.65234375 0.05625 0.2796875
0 0.6421875 0.78671875 0.053125 0.1921875
0 0.66015625 0.69453125 0.04296875 0.1890625
0 0.69609375 0.70234375 0.04609375 0.2359375
0 0.728125 0.66328125 0.0515625 0.26328125
0 0.8609375 0.7953125 0.1078125 0.40703125
0 0.80078125 0.7984375 0.17578125 0.4
0 0.57578125 0.43203125 0.0109375 0.02890625
0 0.534375 0.42578125 0.0328125 0.03828125
0 0.53515625 0.45546875 0.01953125 0.0234375
0 0.50859375 0.41796875 0.0171875 0.021875
0 0.55546875 0.4296875 0.01171875 0.0453125
0 0.54765625 0.44765625 0.00703125 0.00859375
0 0.653125 0.45546875 0.0109375 0.03515625
0 0.75078125 0.203125 0.021875 0.046875
0 0.55546875 0.459375 0.0046875 0.0171875
0 0.7796875 0.58984375 0.04609375 0.06171875
0 0.94921875 0.37890625 0.1 0.3515625
0 0.49453125 0.45625 0.0125 0.01875