0 0.18828125 0.78515625 0.178125 0.27734375
0 0.46015625 0.78515625 0.1578125 0.2421875
0 0.48125 0.7859375 0.10703125 0.23828125
0 0.7046875 0.809375 0.13046875 0.25
0 0.81328125 0.80234375 0.0984375 0.22578125
0 0.315625 0.76796875 0.07890625 0.11640625
0 0.1203125 0.6890625 0.0484375 0.05546875
0 0.25078125 0.7046875 0.0265625 0.02421875
0 0.353125 0.709375 0.05859375 0.040625
0 0.40625 0.75390625 0.04375 0.1
0 0.39921875 0.70625 0.03828125 0.03828125
0 0.37578125 0.70546875 0.0359375 0.03046875
0 0.6703125 0.740625 0.05625 0.109375
0 0.57890625 0.7984375 0.14921875 0.27265625
0 0.63203125 0.72578125 0.03359375 0.0515625
0 0.90625 0.72890625 0.0828125 0.1421875
0 0.9734375 0.6796875 0.0484375 0.059375
0 0.95234375 0.69609375 0.02734375 0.08671875
0 0.9234375 0.66640625 0.03203125 0.03671875
0 0.8609375 0.73046875 0.040625 0.13125
0 0.83515625 0.70625 0.05859375 0.06328125
0 0.775 0.78828125 0.06015625 0.215625
0 0.753125 0.68984375 0.0578125 0.0671875
0 0.72421875 0.6703125 0.03125 0.02421875
0 0.8078125 0.68203125 0.0265625 0.0296875
0 0.99296875 0.67734375 0.01171875 0.0546875
0 0.96953125 0.72578125 0.05859375 0.078125
0 0.54296875 0.69609375 0.05 0.02265625
0 0.9875 0.771875 0.0234375 0.13515625
0 0.79921875 0.66015625 0.03671875 0.0171875
0 0.884375 0.67421875 0.0234375 0.0171875
0 0.86875 0.66015625 0.02578125 0.0109375
0 0.91796875 0.64765625 0.01171875 0.0046875
0 0.60859375 0.703125 0.01640625 0.01171875
0 0.04296875 0.7296875 0.04296875 0.01328125
0 0.30859375 0.678125 0.03671875 0.059375
0 0.4234375 0.6546875 0.04609375 0.0140625