0 0.90859375 0.76796875 0.13359375 0.46015625
0 0.82109375 0.821875 0.1125 0.35234375
0 0.96328125 0.69609375 0.0703125 0.32109375
0 0.840625 0.70546875 0.0640625 0.29375
0 0.75390625 0.70703125 0.115625 0.39375
0 0.71015625 0.68515625 0.05625 0.28359375
0 0.66171875 0.71875 0.075 0.29140625
0 0.59296875 0.69609375 0.0921875 0.37109375
0 0.5171875 0.69921875 0.0625 0.31015625
0 0.42890625 0.590625 0.0359375 0.06015625
0 0.3953125 0.790625 0.30703125 0.41484375
0 0.22265625 0.59140625 0.0375 0.15
0 0.3484375 0.58515625 0.0390625 0.13359375
0 0.3046875 0.59609375 0.0546875 0.1625
0 0.79140625 0.57265625 0.053125 0.08359375
0 0.83515625 0.58359375 0.053125 0.1
0 0.58203125 0.746875 0.1046875 0.23125
0 0.7984375 0.29375 0.0640625 0.19140625
0 0.3140625 0.59921875 0.0359375 0.14765625
0 0.40625 0.58671875 0.075 0.07265625
0 0.46015625 0.64453125 0.0390625 0.17734375
0 0.66171875 0.57890625 0.090625 0.09609375
0 0.97734375 0.58828125 0.0421875 0.12265625
0 0.10390625 0.58203125 0.2078125 0.1453125
0 0.0671875 0.825 0.134375 0.346875
0 0.5140625 0.58046875 0.05625 0.04375
0 0.86875 0.58359375 0.0359375 0.075
0 0.934375 0.578125 0.04375 0.06484375