0 0.04375 0.45859375 0.0234375 0.0625
0 0.10078125 0.446875 0.03046875 0.08515625
0 0.0609375 0.73984375 0.121875 0.5171875
0 0.14453125 0.78984375 0.20859375 0.41640625
0 0.34921875 0.759375 0.1703125 0.47734375
0 0.42578125 0.91484375 0.15 0.16640625
0 0.4796875 0.59296875 0.03203125 0.16484375
0 0.571875 0.475 0.046875 0.1
0 0.603125 0.74921875 0.12421875 0.48984375
0 0.64765625 0.55 0.04375 0.15
0 0.71328125 0.81484375 0.24765625 0.36640625
0 0.9078125 0.79375 0.11875 0.40859375
0 0.76796875 0.578125 0.05078125 0.13125
0 0.85078125 0.68515625 0.075 0.34609375
0 0.9015625 0.64296875 0.05625 0.21015625
0 0.95234375 0.56953125 0.071875 0.15625
0 0.7484375 0.496875 0.06796875 0.13515625
0 0.965625 0.49453125 0.0671875 0.28125
0 0.86171875 0.51015625 0.08359375 0.19609375
0 0.7890625 0.53203125 0.03671875 0.20234375
0 0.81171875 0.44453125 0.04140625 0.11484375
0 0.8359375 0.44921875 0.02109375 0.04765625
0 0.3078125 0.97421875 0.08125 0.04765625
0 0.421875 0.40078125 0.03671875 0.03984375
0 0.93359375 0.81328125 0.1296875 0.3703125
0 0.63828125 0.409375 0.0421875 0.06484375
0 0.7109375 0.48359375 0.03984375 0.13359375
0 0.90234375 0.446875 0.06953125 0.15625
0 0.96171875 0.43828125 0.03671875 0.06484375
0 0.225 0.41875 0.02265625 0.05390625
0 0.7703125 0.48828125 0.0234375 0.05625
0 0.83828125 0.43125 0.025 0.05