0 0.0515625 0.4828125 0.103125 0.5046875
0 0.21171875 0.33125 0.0703125 0.171875
0 0.28125 0.346875 0.04609375 0.203125
0 0.40078125 0.2671875 0.02421875 0.04375
0 0.41171875 0.45234375 0.09765625 0.50703125
0 0.4703125 0.484375 0.12421875 0.5125
0 0.515625 0.3875 0.08984375 0.353125
0 0.62578125 0.575 0.15390625 0.7375
0 0.7328125 0.459375 0.2078125 0.5609375
0 0.80234375 0.4390625 0.09140625 0.37265625
0 0.90234375 0.403125 0.12109375 0.453125
0 0.16171875 0.6296875 0.2484375 0.73515625
0 0.34765625 0.51328125 0.14375 0.46796875
0 0.64921875 0.2609375 0.03125 0.10078125
0 0.984375 0.38203125 0.028125 0.29921875
0 0.0421875 0.171875 0.04921875 0.13203125
0 0.30234375 0.30625 0.54609375 0.15703125
0 0.0734375 0.4140625 0.0390625 0.06875