0 0.07421875 0.60078125 0.0609375 0.31171875
0 0.1828125 0.60859375 0.08515625 0.3125
0 0.1484375 0.5953125 0.0546875 0.28671875
0 0.1265625 0.5578125 0.03515625 0.15078125
0 0.20625 0.5453125 0.02421875 0.153125
0 0.25234375 0.59609375 0.075 0.13984375
0 0.2625 0.59140625 0.0640625 0.3109375
0 0.33984375 0.62578125 0.084375 0.32265625
0 0.3828125 0.50625 0.015625 0.0375
0 0.4125 0.640625 0.08203125 0.33984375
0 0.44609375 0.52109375 0.01953125 0.08984375
0 0.46015625 0.5375 0.02578125 0.1296875
0 0.53515625 0.48984375 0.0171875 0.05703125
0 0.56328125 0.53359375 0.0234375 0.11640625
0 0.55 0.55703125 0.03984375 0.16484375
0 0.590625 0.55703125 0.0421875 0.1609375
0 0.621875 0.521875 0.0125 0.0703125
0 0.67109375 0.64609375 0.0671875 0.321875
0 0.72421875 0.5328125 0.03671875 0.1578125
0 0.78984375 0.690625 0.1140625 0.4578125
0 0.86171875 0.48828125 0.0265625 0.04453125
0 0.87421875 0.48984375 0.015625 0.03046875
0 0.8875 0.49453125 0.0203125 0.0453125
0 0.95546875 0.68984375 0.08828125 0.609375
0 0.7640625 0.6328125 0.075 0.34296875
0 0.10390625 0.51015625 0.0234375 0.0578125
0 0.1328125 0.4890625 0.0359375 0.03046875
0 0.2234375 0.4890625 0.02109375 0.01796875
0 0.2890625 0.63046875 0.03984375 0.075
0 0.33671875 0.4890625 0.0140625 0.0359375
0 0.42734375 0.5125 0.0234375 0.028125
0 0.47734375 0.5125 0.0125 0.06640625
0 0.52265625 0.50703125 0.01953125 0.0375
0 0.6453125 0.50859375 0.02265625 0.04453125
0 0.80546875 0.49140625 0.03125 0.028125
0 0.8546875 0.6515625 0.0734375 0.25546875
0 0.9015625 0.5046875 0.01796875 0.04140625