0 0.10390625 0.628125 0.08671875 0.3421875
0 0.21796875 0.76015625 0.0859375 0.26796875
0 0.265625 0.759375 0.0765625 0.265625
0 0.31171875 0.76640625 0.121875 0.2796875
0 0.38125 0.71328125 0.08515625 0.3515625
0 0.43125 0.70625 0.06875 0.36328125
0 0.4890625 0.7015625 0.08671875 0.3671875
0 0.53828125 0.715625 0.059375 0.35546875
0 0.60078125 0.709375 0.13359375 0.41953125
0 0.6921875 0.7203125 0.078125 0.375
0 0.759375 0.7203125 0.0828125 0.38046875
0 0.71640625 0.51953125 0.07890625 0.15625
0 0.73828125 0.47890625 0.0328125 0.04453125
0 0.653125 0.55078125 0.0765625 0.22890625
0 0.59296875 0.5171875 0.0765625 0.12109375
0 0.6078125 0.484375 0.04609375 0.0625
0 0.54375 0.53125 0.0484375 0.15078125
0 0.49296875 0.51640625 0.06640625 0.13125
0 0.43671875 0.5234375 0.0765625 0.1328125
0 0.4078125 0.50390625 0.0390625 0.11171875
0 0.36484375 0.54296875 0.06328125 0.16953125
0 0.31328125 0.56640625 0.06640625 0.23984375
0 0.26953125 0.5484375 0.05859375 0.16640625
0 0.20390625 0.6078125 0.0890625 0.3421875
0 0.309375 0.3265625 0.1 0.1640625
0 0.40625 0.36953125 0.0859375 0.16953125
0 0.56171875 0.36171875 0.18359375 0.20859375
0 0.784375 0.40390625 0.203125 0.19296875
0 0.915625 0.36953125 0.14140625 0.27890625
0 0.96015625 0.2453125 0.07734375 0.24375
0 0.88125 0.6265625 0.0953125 0.2875