0 0.0640625 0.33203125 0.06328125 0.16015625
0 0.15546875 0.56875 0.17421875 0.6421875
0 0.16640625 0.60703125 0.21328125 0.7234375
0 0.21953125 0.33984375 0.1 0.25546875
0 0.35078125 0.3171875 0.0703125 0.12578125
0 0.36875 0.5390625 0.0671875 0.4953125
0 0.4328125 0.54375 0.14453125 0.63671875
0 0.5125 0.27421875 0.09140625 0.15859375
0 0.534375 0.53984375 0.121875 0.6046875
0 0.6234375 0.47421875 0.05859375 0.44765625
0 0.68359375 0.24609375 0.08828125 0.2125
0 0.76953125 0.53671875 0.07734375 0.58671875
0 0.8484375 0.57421875 0.15234375 0.63359375
0 0.865625 0.4828125 0.128125 0.57890625
0 0.95703125 0.54140625 0.084375 0.51875
0 0.9640625 0.278125 0.07109375 0.21796875
0 0.30390625 0.5796875 0.1890625 0.6453125
0 0.6546875 0.58984375 0.29921875 0.81796875
0 0.95625 0.1734375 0.02890625 0.06015625
0 0.16328125 0.3390625 0.0546875 0.0796875
0 0.575 0.48984375 0.06328125 0.4265625
0 0.93359375 0.31796875 0.02578125 0.0640625
0 0.2703125 0.709375 0.06484375 0.0546875