0 0.94375 0.71796875 0.02109375 0.0359375
0 0.91875 0.72734375 0.01015625 0.01796875
0 0.84765625 0.71953125 0.02265625 0.03828125
0 0.84140625 0.72265625 0.01171875 0.03203125
0 0.81953125 0.71640625 0.01640625 0.04453125
0 0.83125 0.6640625 0.02578125 0.15
0 0.7921875 0.65390625 0.03828125 0.17109375
0 0.540625 0.65546875 0.03828125 0.18984375
0 0.51171875 0.70078125 0.08671875 0.40546875
0 0.47421875 0.73046875 0.02109375 0.03125
0 0.41953125 0.64921875 0.0390625 0.2140625
0 0.1171875 0.709375 0.10703125 0.49296875
0 0.02421875 0.71171875 0.04765625 0.49609375
0 0.6328125 0.7359375 0.00859375 0.0109375
0 0.1875 0.63828125 0.01484375 0.065625