0 0.946875 0.71796875 0.1046875 0.375
0 0.909375 0.678125 0.065625 0.33515625
0 0.7671875 0.82421875 0.09453125 0.1640625
0 0.82578125 0.72421875 0.12421875 0.3640625
0 0.87265625 0.5828125 0.0578125 0.2453125
0 0.98203125 0.471875 0.0296875 0.10078125
0 0.95 0.48203125 0.053125 0.1375
0 0.953125 0.44140625 0.05703125 0.0828125
0 0.9046875 0.459375 0.03828125 0.1046875
0 0.9046875 0.4359375 0.04296875 0.08359375
0 0.88515625 0.4375 0.0203125 0.0671875
0 0.871875 0.43203125 0.01875 0.06328125
0 0.565625 0.67578125 0.1046875 0.465625
0 0.63359375 0.70234375 0.1046875 0.4078125
0 0.71015625 0.62578125 0.0890625 0.35859375
0 0.70234375 0.58125 0.06953125 0.28125
0 0.803125 0.54921875 0.05703125 0.15859375
0 0.7625 0.55390625 0.05234375 0.2390625
0 0.83671875 0.490625 0.04765625 0.12890625
0 0.8546875 0.44375 0.02578125 0.05
0 0.86015625 0.4296875 0.01328125 0.0375
0 0.8390625 0.41796875 0.015625 0.0296875
0 0.78125 0.45390625 0.03125 0.08828125
0 0.79921875 0.43515625 0.02890625 0.08515625
0 0.81171875 0.39296875 0.0203125 0.03515625
0 0.615625 0.5015625 0.053125 0.1296875
0 0.6453125 0.4671875 0.04375 0.11015625
0 0.68828125 0.4609375 0.03828125 0.10078125
0 0.7296875 0.46015625 0.03359375 0.0796875
0 0.7640625 0.4234375 0.02421875 0.03671875
0 0.765625 0.3890625 0.01484375 0.03359375
0 0.77109375 0.4015625 0.015625 0.021875
0 0.728125 0.40703125 0.015625 0.02421875
0 0.7484375 0.40703125 0.01171875 0.0203125
0 0.740625 0.4125 0.015625 0.03359375
0 0.7578125 0.396875 0.0109375 0.01796875
0 0.70546875 0.41875 0.01484375 0.04140625
0 0.6859375 0.415625 0.03125 0.04765625
0 0.7015625 0.38984375 0.015625 0.025
0 0.6734375 0.4296875 0.0140625 0.06015625
0 0.66328125 0.45546875 0.025 0.12578125
0 0.6109375 0.4453125 0.034375 0.0671875
0 0.63046875 0.42109375 0.01796875 0.0453125
0 0.60390625 0.4234375 0.02734375 0.053125
0 0.39765625 0.76953125 0.175 0.27734375
0 0.4703125 0.63984375 0.0640625 0.28125
0 0.4109375 0.575 0.07265625 0.19765625
0 0.40625 0.5 0.05546875 0.08046875
0 0.49609375 0.478125 0.0359375 0.12578125
0 0.5265625 0.47421875 0.034375 0.13515625
0 0.56328125 0.45625 0.0484375 0.1046875
0 0.57734375 0.4375 0.025 0.06171875
0 0.578125 0.4140625 0.0265625 0.03515625
0 0.55390625 0.40625 0.0203125 0.04609375
0 0.5375 0.4234375 0.021875 0.06796875
0 0.51796875 0.41484375 0.01796875 0.0546875
0 0.50390625 0.4109375 0.01953125 0.0546875
0 0.4765625 0.45078125 0.03203125 0.1078125
0 0.46796875 0.45 0.015625 0.10390625
0 0.24296875 0.73046875 0.153125 0.34765625
0 0.13671875 0.6546875 0.1359375 0.29765625
0 0.1328125 0.54609375 0.09921875 0.1265625
0 0.065625 0.7046875 0.07734375 0.40859375
0 0.29375 0.57421875 0.07421875 0.18828125
0 0.228125 0.56640625 0.0671875 0.19296875
0 0.3421875 0.571875 0.0796875 0.3125
0 0.3703125 0.49921875 0.03671875 0.16328125
0 0.43203125 0.45546875 0.02578125 0.11484375
0 0.409375 0.43984375 0.03125 0.07890625
0 0.4484375 0.43359375 0.025 0.0953125
0 0.03828125 0.65078125 0.0765625 0.3875
0 0.0125 0.49140625 0.025 0.125
0 0.07421875 0.4734375 0.0484375 0.078125
0 0.134375 0.484375 0.034375 0.05859375
0 0.16328125 0.5078125 0.0375 0.1265625
0 0.19609375 0.53828125 0.0625 0.215625
0 0.06640625 0.425 0.02890625 0.040625
0 0.10390625 0.44609375 0.04453125 0.09296875
0 0.13515625 0.453125 0.03828125 0.05859375
0 0.18046875 0.44453125 0.034375 0.075
0 0.2375 0.43359375 0.06484375 0.0640625
0 0.22734375 0.453125 0.03828125 0.05625
0 0.2484375 0.453125 0.034375 0.07421875
0 0.29140625 0.4515625 0.0453125 0.0953125
0 0.271875 0.42578125 0.0265625 0.04921875
0 0.3109375 0.4359375 0.03046875 0.08359375
0 0.334375 0.42578125 0.02890625 0.053125
0 0.36484375 0.41484375 0.025 0.0640625
0 0.38515625 0.43515625 0.025 0.096875
0 0.40703125 0.40625 0.0234375 0.03203125
0 0.06875 0.4125 0.03359375 0.04921875
0 0.1046875 0.40703125 0.02890625 0.06171875
0 0.13359375 0.4296875 0.04609375 0.06640625
0 0.146875 0.42890625 0.025 0.05390625
0 0.16875 0.4171875 0.02578125 0.0578125
0 0.159375 0.3921875 0.01796875 0.05390625
0 0.17734375 0.3921875 0.01328125 0.046875
0 0.20703125 0.40859375 0.0203125 0.04765625
0 0.23046875 0.39609375 0.01640625 0.01640625
0 0.25234375 0.40234375 0.02734375 0.04765625
0 0.2671875 0.4 0.0125 0.0375
0 0.2890625 0.3984375 0.02890625 0.046875
0 0.30625 0.4 0.015625 0.0328125
0 0.24375 0.39921875 0.015625 0.05
0 0.26953125 0.3859375 0.0171875 0.03046875
0 0.33984375 0.40234375 0.025 0.0375
0 0.31171875 0.38359375 0.01171875 0.02421875
0 0.325 0.3921875 0.01328125 0.04453125
0 0.36328125 0.4125 0.021875 0.0625
0 0.43515625 0.3984375 0.01796875 0.04453125
0 0.46015625 0.40859375 0.01640625 0.053125
0 0.48203125 0.4015625 0.021875 0.03515625
0 0.984375 0.87890625 0.0296875 0.053125
0 0.98359375 0.5421875 0.03125 0.12109375
0 0.88515625 0.4125 0.03203125 0.04140625
0 0.81484375 0.440625 0.02578125 0.07421875
0 0.71875 0.40703125 0.02578125 0.053125
0 0.63671875 0.425 0.0140625 0.02265625
0 0.134375 0.88984375 0.07734375 0.06640625
0 0.02578125 0.44453125 0.0328125 0.05546875
0 0.1421875 0.4125 0.03046875 0.053125
0 0.47265625 0.38515625 0.54765625 0.084375