0 0.215625 0.434375 0.0390625 0.1203125
0 0.19453125 0.440625 0.04140625 0.11875
0 0.37890625 0.61796875 0.20546875 0.75
0 0.4515625 0.58984375 0.296875 0.81640625
0 0.29453125 0.37578125 0.00859375 0.021875
0 0.2609375 0.375 0.00859375 0.0203125
0 0.6390625 0.3796875 0.0140625 0.03671875
0 0.628125 0.38203125 0.009375 0.028125
0 0.66796875 0.3796875 0.0109375 0.040625
0 0.6828125 0.38046875 0.0125 0.03515625
0 0.7234375 0.38125 0.0140625 0.040625
0 0.73359375 0.3796875 0.00859375 0.0296875
0 0.75 0.38046875 0.00859375 0.028125
0 0.75703125 0.37890625 0.0109375 0.03125
0 0.65234375 0.3796875 0.009375 0.021875