0 0.3546875 0.91796875 0.09375 0.16015625
0 0.39609375 0.76796875 0.090625 0.46015625
0 0.284375 0.73671875 0.06953125 0.34765625
0 0.2 0.659375 0.0671875 0.25625
0 0.15703125 0.65625 0.05546875 0.25390625
0 0.10859375 0.67890625 0.0859375 0.27109375
0 0.07421875 0.67265625 0.06328125 0.28359375
0 0.028125 0.67890625 0.05625 0.2890625
0 0.02578125 0.67109375 0.0515625 0.2671875
0 0.0625 0.55390625 0.01875 0.05
0 0.24140625 0.62265625 0.02734375 0.12890625
0 0.2671875 0.59296875 0.0203125 0.06875
0 0.30078125 0.58984375 0.02265625 0.08359375
0 0.32109375 0.61640625 0.03203125 0.15390625
0 0.3328125 0.596875 0.015625 0.10234375
0 0.3484375 0.61875 0.028125 0.12890625
0 0.36875 0.59296875 0.028125 0.11875
0 0.4171875 0.57421875 0.025 0.07265625
0 0.44375 0.6 0.02578125 0.12890625
0 0.4796875 0.67578125 0.08359375 0.27734375
0 0.54140625 0.60234375 0.0296875 0.15
0 0.5609375 0.603125 0.028125 0.14765625
0 0.609375 0.59921875 0.03046875 0.14375
0 0.63203125 0.625 0.025 0.09609375
0 0.59140625 0.58359375 0.01640625 0.0875
0 0.5765625 0.58125 0.015625 0.09140625
0 0.66796875 0.67265625 0.0703125 0.29609375
0 0.72265625 0.69453125 0.0578125 0.25234375
0 0.696875 0.61796875 0.03671875 0.24375
0 0.75859375 0.62578125 0.046875 0.23515625
0 0.821875 0.62421875 0.05859375 0.27265625
0 0.92109375 0.740625 0.1546875 0.51875
0 0.98203125 0.69765625 0.0328125 0.325
0 0.86171875 0.61640625 0.034375 0.25
0 0.05546875 0.65390625 0.028125 0.2
0 0.09296875 0.575 0.0140625 0.02109375
0 0.2265625 0.59765625 0.0140625 0.075
0 0.25078125 0.646875 0.00859375 0.02734375
0 0.25625 0.58828125 0.0109375 0.04765625
0 0.40703125 0.54921875 0.00703125 0.01875
0 0.89296875 0.52109375 0.02109375 0.0625
0 0.7796875 0.571875 0.02109375 0.06484375
0 0.7234375 0.559375 0.0484375 0.09375
0 0.65 0.56171875 0.01796875 0.03125
0 0.58203125 0.56875 0.009375 0.05390625
0 0.59921875 0.546875 0.0109375 0.01875
0 0.54765625 0.53515625 0.00859375 0.02109375
0 0.515625 0.58359375 0.0421875 0.1125
0 0.48828125 0.56015625 0.0140625 0.05859375
0 0.4609375 0.55859375 0.02109375 0.04609375
0 0.43046875 0.57265625 0.01796875 0.08359375
0 0.44453125 0.5375 0.01328125 0.02109375