0 0.60078125 0.7734375 0.19140625 0.4515625
0 0.46640625 0.79921875 0.1609375 0.4
0 0.34140625 0.82421875 0.19609375 0.34921875
0 0.81875 0.85703125 0.0234375 0.0734375
0 0.18671875 0.8609375 0.03203125 0.06171875
0 0.07734375 0.85859375 0.034375 0.1078125
0 0.03515625 0.8640625 0.0109375 0.05390625
0 0.0171875 0.8625 0.034375 0.10390625
0 0.9890625 0.85078125 0.01953125 0.06328125
0 0.96484375 0.8390625 0.0109375 0.0265625
0 0.91171875 0.85546875 0.015625 0.06015625
0 0.75 0.83515625 0.03125 0.0265625
0 0.85546875 0.834375 0.028125 0.02578125