0 0.4421875 0.51875 0.390625 0.59921875
0 0.9390625 0.2671875 0.11875 0.48203125
0 0.796875 0.265625 0.19140625 0.4953125
0 0.79921875 0.23046875 0.20078125 0.415625
0 0.68203125 0.19140625 0.10546875 0.35625
0 0.6828125 0.09921875 0.140625 0.19765625
0 0.590625 0.159375 0.065625 0.290625
0 0.4578125 0.26796875 0.21796875 0.4609375
0 0.44375 0.0640625 0.1375 0.109375
0 0.3390625 0.21796875 0.15390625 0.425
0 0.22578125 0.28203125 0.30390625 0.50078125
0 0.07734375 0.3015625 0.1546875 0.515625
0 0.0953125 0.09609375 0.09375 0.19140625
0 0.3859375 0.04765625 0.09921875 0.0953125
0 0.190625 0.05859375 0.0875 0.1171875
0 0.96953125 0.23359375 0.05859375 0.43828125
0 0.934375 0.2171875 0.1015625 0.353125
0 0.3703125 0.08359375 0.0921875 0.16640625
0 0.28046875 0.0484375 0.06953125 0.08671875
0 0.15390625 0.0234375 0.05078125 0.046875
0 0.89609375 0.01796875 0.20546875 0.0296875
0 0.03515625 0.0234375 0.0703125 0.046875