0 0.03125 0.64140625 0.0390625 0.17109375
0 0.08828125 0.634375 0.05625 0.19375
0 0.01875 0.60625 0.03046875 0.1625
0 0.040625 0.63046875 0.03203125 0.15234375
0 0.090625 0.62890625 0.0375 0.17109375
0 0.1265625 0.63046875 0.03984375 0.15234375
0 0.171875 0.63828125 0.0390625 0.18125
0 0.1875 0.62578125 0.04453125 0.17734375
0 0.17109375 0.62578125 0.03984375 0.15625
0 0.22890625 0.63984375 0.04453125 0.1625
0 0.2796875 0.646875 0.0625 0.18515625
0 0.32109375 0.6375 0.0484375 0.14609375
0 0.3453125 0.63515625 0.0421875 0.1875
0 0.3890625 0.64921875 0.053125 0.20625
0 0.40546875 0.66640625 0.07890625 0.25390625
0 0.43125 0.67265625 0.04140625 0.19140625
0 0.4453125 0.66015625 0.03671875 0.19140625
0 0.4828125 0.653125 0.053125 0.19765625
0 0.51015625 0.68125 0.06953125 0.2625
0 0.5390625 0.69296875 0.04375 0.26875
0 0.59375 0.66953125 0.05859375 0.19765625
0 0.59296875 0.6625 0.04921875 0.16640625
0 0.6359375 0.65625 0.03203125 0.18359375
0 0.66875 0.70234375 0.04609375 0.22890625
0 0.73046875 0.68828125 0.08125 0.23984375
0 0.70546875 0.68828125 0.0375 0.21015625
0 0.78125 0.70703125 0.06015625 0.26875
0 0.82890625 0.72421875 0.04453125 0.18984375
0 0.8078125 0.71171875 0.04609375 0.19765625
0 0.86171875 0.653125 0.02265625 0.08125
0 0.8703125 0.63359375 0.015625 0.05859375
0 0.76171875 0.621875 0.01640625 0.05234375
0 0.2125 0.609375 0.0234375 0.11484375
0 0.26875 0.56875 0.01875 0.04140625
0 0.31015625 0.5875 0.03671875 0.08359375
0 0.37578125 0.59609375 0.0140625 0.05
0 0.45703125 0.578125 0.02734375 0.04375
0 0.5015625 0.59765625 0.015625 0.0375
0 0.62265625 0.615625 0.0109375 0.06484375
0 0.8328125 0.62890625 0.0296875 0.04609375
0 0.80078125 0.61796875 0.02109375 0.03125
0 0.79140625 0.75390625 0.015625 0.04140625
0 0.89765625 0.628125 0.0109375 0.04765625