0 0.26328125 0.509375 0.11640625 0.51015625
0 0.21328125 0.60546875 0.0421875 0.22265625
0 0.25859375 0.63046875 0.02109375 0.15234375
0 0.2875 0.61953125 0.0375 0.17734375
0 0.321875 0.6125 0.03203125 0.1875
0 0.36640625 0.60859375 0.04453125 0.19609375
0 0.4046875 0.61484375 0.0421875 0.18359375
0 0.38125 0.63984375 0.02578125 0.12109375
0 0.4375 0.64296875 0.025 0.10625
0 0.4890625 0.59765625 0.04140625 0.22109375
0 0.52421875 0.59375 0.0484375 0.225
0 0.4703125 0.65546875 0.015625 0.06484375
0 0.55859375 0.659375 0.0140625 0.06484375
0 0.590625 0.65 0.0140625 0.04140625
0 0.6015625 0.64921875 0.015625 0.07734375
0 0.67109375 0.66015625 0.02734375 0.0625
0 0.6921875 0.65234375 0.03203125 0.08359375
0 0.71796875 0.64296875 0.01875 0.05234375
0 0.70078125 0.65859375 0.028125 0.07109375
0 0.74609375 0.64140625 0.0296875 0.10390625
0 0.96875 0.58671875 0.04609375 0.16875
0 0.50625 0.64921875 0.0234375 0.08984375
0 0.90625 0.60390625 0.01875 0.09609375
0 0.63046875 0.63828125 0.01640625 0.03515625
0 0.57265625 0.66171875 0.01640625 0.05234375
0 0.47734375 0.65859375 0.0140625 0.05859375