0 0.82578125 0.55390625 0.17421875 0.228125
0 0.7328125 0.4625 0.06171875 0.09921875
0 0.7359375 0.453125 0.071875 0.096875
0 0.734375 0.4359375 0.04140625 0.07734375
0 0.6671875 0.40546875 0.025 0.06484375
0 0.3765625 0.559375 0.12265625 0.4015625
0 0.59453125 0.5265625 0.0859375 0.31796875
0 0.55 0.40703125 0.02265625 0.0828125
0 0.5578125 0.3796875 0.0140625 0.0453125
0 0.49140625 0.37421875 0.01328125 0.01796875
0 0.4859375 0.37265625 0.009375 0.0125
0 0.3421875 0.36953125 0.01328125 0.040625
0 0.209375 0.36484375 0.009375 0.03125
0 0.72265625 0.36953125 0.15390625 0.053125
0 0.6203125 0.35546875 0.01640625 0.02421875
0 0.5703125 0.3703125 0.015625 0.03046875
0 0.52421875 0.371875 0.02734375 0.03125
0 0.4734375 0.365625 0.01640625 0.03125
0 0.021875 0.34921875 0.01484375 0.025