0 0.0359375 0.771875 0.04765625 0.28828125
0 0.234375 0.74921875 0.05625 0.33046875
0 0.29453125 0.76875 0.109375 0.3578125
0 0.2953125 0.74921875 0.05 0.33046875
0 0.403125 0.7546875 0.09375 0.31484375
0 0.44140625 0.7296875 0.06328125 0.36484375
0 0.47578125 0.7421875 0.06171875 0.340625
0 0.634375 0.77265625 0.078125 0.27265625
0 0.640625 0.64140625 0.06875 0.09375
0 0.665625 0.77265625 0.0421875 0.27265625
0 0.73984375 0.76015625 0.07109375 0.2953125
0 0.75546875 0.728125 0.07109375 0.31953125
0 0.8171875 0.740625 0.0390625 0.33515625
0 0.97734375 0.765625 0.04296875 0.3125
0 0.54921875 0.76640625 0.11015625 0.28359375
0 0.33671875 0.83125 0.053125 0.14765625
0 0.90078125 0.5140625 0.1703125 0.875
0 0.54375 0.353125 0.0203125 0.02734375
0 0.11015625 0.5015625 0.17890625 0.85546875