0 0.075 0.73203125 0.00546875 0.02734375
0 0.08125 0.73359375 0.00625 0.021875
0 0.11875 0.7328125 0.00625 0.02109375
0 0.1234375 0.73125 0.00625 0.0234375
0 0.1265625 0.7328125 0.00625 0.0234375
0 0.13046875 0.76640625 0.02578125 0.07109375
0 0.15859375 0.7640625 0.03125 0.0765625
0 0.18671875 0.73203125 0.00546875 0.0234375
0 0.19375 0.74140625 0.00859375 0.03046875
0 0.2015625 0.7546875 0.0140625 0.04609375
0 0.2171875 0.75234375 0.0109375 0.0515625
0 0.2359375 0.73046875 0.00625 0.0234375
0 0.2421875 0.72734375 0.00546875 0.0109375
0 0.2453125 0.73125 0.00625 0.02109375
0 0.24296875 0.75234375 0.01875 0.0453125
0 0.2484375 0.7515625 0.0140625 0.05546875
0 0.31328125 0.753125 0.0234375 0.08671875
0 0.35 0.7765625 0.025 0.12578125
0 0.36796875 0.7390625 0.02578125 0.08515625
0 0.44140625 0.78671875 0.01328125 0.0515625
0 0.525 0.7375 0.0203125 0.05
0 0.55 0.73046875 0.03125 0.059375
0 0.74609375 0.7328125 0.00703125 0.01484375
0 0.75078125 0.7328125 0.00703125 0.0171875
0 0.74609375 0.76015625 0.01953125 0.04609375
0 0.771875 0.7640625 0.01328125 0.03203125
0 0.78359375 0.74609375 0.00859375 0.0359375
0 0.7859375 0.74453125 0.00859375 0.0359375
0 0.81015625 0.74453125 0.0171875 0.01875
0 0.8484375 0.746875 0.01484375 0.04453125
0 0.85546875 0.76796875 0.0296875 0.0921875
0 0.89375 0.775 0.02109375 0.08125
0 0.18125 0.75 0.009375 0.03984375
0 0.17890625 0.7828125 0.034375 0.05625
0 0.10625 0.73203125 0.01796875 0.02421875
0 0.15703125 0.7328125 0.0390625 0.02421875
0 0.20546875 0.72578125 0.02734375 0.01171875
0 0.20859375 0.7390625 0.0078125 0.01640625
0 0.2265625 0.73046875 0.0140625 0.021875
0 0.26328125 0.725 0.00625 0.0109375
0 0.4109375 0.53515625 0.0546875 0.14140625
0 0.56171875 0.53515625 0.04375 0.13984375
0 0.4875 0.51328125 0.02578125 0.04140625
0 0.49375 0.234375 0.0671875 0.15390625
0 0.765625 0.7421875 0.00859375 0.0234375
0 0.70546875 0.72890625 0.00546875 0.01171875
0 0.99765625 0.79609375 0.00390625 0.01796875