0 0.58125 0.80546875 0.29453125 0.38671875
0 0.334375 0.6484375 0.19765625 0.26796875
0 0.1734375 0.578125 0.05390625 0.0625
0 0.5921875 0.521875 0.08046875 0.13203125
0 0.678125 0.51015625 0.04765625 0.1171875
0 0.78671875 0.5390625 0.11640625 0.15078125
0 0.8109375 0.5015625 0.05859375 0.11640625
0 0.565625 0.50859375 0.06796875 0.125
0 0.38125 0.44609375 0.0171875 0.06171875
0 0.4234375 0.43671875 0.0265625 0.05390625
0 0.5125 0.4703125 0.03359375 0.04296875
0 0.540625 0.465625 0.03203125 0.02890625
0 0.54296875 0.465625 0.02421875 0.028125
0 0.58125 0.43828125 0.03359375 0.03046875
0 0.60625 0.4515625 0.03203125 0.053125
0 0.6359375 0.465625 0.0453125 0.07734375
0 0.653125 0.45078125 0.0265625 0.0765625
0 0.67109375 0.44296875 0.02734375 0.03984375
0 0.68203125 0.43828125 0.0265625 0.05234375
0 0.71328125 0.46015625 0.03359375 0.078125
0 0.73203125 0.46796875 0.04375 0.07890625
0 0.94375 0.45703125 0.04375 0.07109375
0 0.9828125 0.453125 0.03203125 0.0640625
0 0.88125 0.45078125 0.04140625 0.06328125
0 0.89609375 0.4484375 0.03203125 0.0640625
0 0.9125 0.44375 0.0359375 0.0609375
0 0.85 0.44296875 0.0296875 0.06015625
0 0.8265625 0.4546875 0.03359375 0.05
0 0.75390625 0.43359375 0.02578125 0.04609375
0 0.4859375 0.43203125 0.02890625 0.025
0 0.51015625 0.43125 0.0171875 0.0234375
0 0.77734375 0.4375 0.021875 0.03046875
0 0.784375 0.4359375 0.02421875 0.03203125
0 0.79609375 0.43046875 0.01953125 0.01953125
0 0.77109375 0.4171875 0.0171875 0.0203125
0 0.7859375 0.41484375 0.0171875 0.02109375
0 0.80078125 0.4234375 0.01015625 0.0234375
0 0.8109375 0.415625 0.01484375 0.01875
0 0.821875 0.42265625 0.01484375 0.015625
0 0.82109375 0.42421875 0.01640625 0.01953125
0 0.8375 0.42734375 0.01640625 0.01875
0 0.8609375 0.415625 0.0171875 0.01796875
0 0.865625 0.44140625 0.01484375 0.05078125
0 0.96015625 0.45546875 0.01953125 0.06171875
0 0.9171875 0.4390625 0.021875 0.0453125
0 0.44140625 0.41015625 0.084375 0.015625
0 0.5296875 0.42109375 0.0296875 0.02890625
0 0.60546875 0.41328125 0.065625 0.02265625
0 0.709375 0.4109375 0.0671875 0.02421875
0 0.503125 0.35625 0.05234375 0.01328125
0 0.66484375 0.3578125 0.0484375 0.00625
0 0.75625 0.38984375 0.11796875 0.040625
0 0.834375 0.4078125 0.03828125 0.01171875
0 0.96015625 0.415625 0.07734375 0.015625