0 0.27265625 0.665625 0.0765625 0.25234375
0 0.49765625 0.628125 0.06484375 0.2515625
0 0.44453125 0.52109375 0.0421875 0.17109375
0 0.521875 0.52890625 0.05078125 0.18125
0 0.5234375 0.41484375 0.025 0.08671875
0 0.58515625 0.41484375 0.03125 0.0984375
0 0.634375 0.4171875 0.03046875 0.103125
0 0.51015625 0.390625 0.02578125 0.0765625
0 0.4765625 0.38828125 0.02109375 0.07734375
0 0.4546875 0.38515625 0.02109375 0.07734375
0 0.70859375 0.49921875 0.03984375 0.1609375
0 0.74453125 0.50234375 0.03125 0.15234375
0 0.85234375 0.5046875 0.0484375 0.17578125
0 0.81875 0.4203125 0.02109375 0.1
0 0.79453125 0.41953125 0.025 0.10078125
0 0.778125 0.41953125 0.02109375 0.0984375
0 0.7828125 0.3609375 0.015625 0.03828125
0 0.7265625 0.4171875 0.0296875 0.0984375
0 0.70703125 0.41015625 0.01875 0.0796875
0 0.684375 0.3640625 0.01796875 0.06328125
0 0.70703125 0.35390625 0.01796875 0.0421875
0 0.87421875 0.3796875 0.01953125 0.06328125
0 0.89296875 0.37578125 0.0234375 0.071875
0 0.9265625 0.3453125 0.01328125 0.03515625
0 0.8421875 0.35 0.01171875 0.053125
0 0.85234375 0.353125 0.0109375 0.046875
0 0.86015625 0.3515625 0.0109375 0.04765625
0 0.6296875 0.3421875 0.0125 0.04453125
0 0.62109375 0.34375 0.01171875 0.040625
0 0.43828125 0.34453125 0.01171875 0.0359375
0 0.428125 0.34609375 0.01015625 0.03828125
0 0.421875 0.3421875 0.0140625 0.0390625
0 0.40859375 0.34375 0.0109375 0.04140625
0 0.4046875 0.34609375 0.00859375 0.0359375
0 0.3265625 0.34609375 0.00703125 0.0390625
0 0.3171875 0.34609375 0.0109375 0.0390625
0 0.2640625 0.39375 0.028125 0.08046875
0 0.1765625 0.37734375 0.0203125 0.071875
0 0.51015625 0.31796875 0.009375 0.02578125
0 0.5921875 0.31328125 0.0171875 0.01796875
0 0.6234375 0.3140625 0.0109375 0.015625
0 0.69921875 0.3125 0.00859375 0.0234375
0 0.7796875 0.3078125 0.040625 0.0296875
0 0.81953125 0.31171875 0.01484375 0.0359375
0 0.915625 0.3109375 0.02265625 0.0265625
0 0.9796875 0.2953125 0.03828125 0.02890625