0 0.0765625 0.4484375 0.0296875 0.07734375
0 0.2 0.4890625 0.03359375 0.14765625
0 0.29140625 0.43125 0.05703125 0.1578125
0 0.34140625 0.42265625 0.0734375 0.13984375
0 0.38203125 0.44140625 0.0734375 0.1125
0 0.46796875 0.61484375 0.1265625 0.7296875
0 0.56796875 0.6453125 0.1734375 0.65
0 0.64296875 0.44765625 0.03671875 0.13984375
0 0.6796875 0.52890625 0.05 0.2921875
0 0.73359375 0.5609375 0.11640625 0.45234375
0 0.828125 0.4890625 0.03984375 0.2375
0 0.88515625 0.46015625 0.05 0.16484375
0 0.53828125 0.4421875 0.046875 0.1296875
0 0.84296875 0.44375 0.01640625 0.0921875
0 0.01171875 0.43984375 0.0234375 0.0953125
0 0.11015625 0.4421875 0.053125 0.11484375
0 0.2578125 0.44609375 0.01796875 0.09765625
0 0.515625 0.4140625 0.021875 0.0671875
0 0.66640625 0.3921875 0.0234375 0.05
0 0.6640625 0.5625 0.021875 0.075
0 0.70234375 0.41875 0.025 0.04765625
0 0.8953125 0.41875 0.01015625 0.0421875
0 0.840625 0.5203125 0.01484375 0.03515625
0 0.815625 0.5328125 0.01171875 0.03515625
0 0.82890625 0.39765625 0.01171875 0.0296875
0 0.9625 0.4125 0.071875 0.0703125
0 0.98671875 0.5046875 0.01328125 0.01015625
0 0.778125 0.4203125 0.06015625 0.08515625