0 0.965625 0.615625 0.05234375 0.1703125
0 0.87578125 0.609375 0.05859375 0.1828125
0 0.8140625 0.5796875 0.059375 0.240625
0 0.75625 0.4984375 0.12109375 0.415625
0 0.65859375 0.48203125 0.115625 0.459375
0 0.70234375 0.61953125 0.03515625 0.14765625
0 0.58984375 0.63125 0.0359375 0.13046875
0 0.5578125 0.5765625 0.06875 0.24140625
0 0.46328125 0.5828125 0.06953125 0.23046875
0 0.4421875 0.615625 0.04296875 0.1625
0 0.403125 0.6609375 0.009375 0.0515625
0 0.37734375 0.57421875 0.059375 0.240625
0 0.325 0.5734375 0.06328125 0.24921875
0 0.28203125 0.5890625 0.0546875 0.2171875
0 0.25859375 0.59609375 0.05078125 0.19765625
0 0.24609375 0.62265625 0.0265625 0.14453125
0 0.18828125 0.54140625 0.09609375 0.32109375
0 0.14921875 0.63515625 0.028125 0.11796875
0 0.11640625 0.6390625 0.0265625 0.1109375
0 0.125 0.63671875 0.021875 0.11484375
0 0.08671875 0.64453125 0.03203125 0.10234375
0 0.03125 0.60078125 0.0625 0.19375
0 0.34609375 0.58203125 0.03203125 0.22734375
0 0.7625 0.65390625 0.0421875 0.0875
0 0.71484375 0.6265625 0.02578125 0.13359375
0 0.42734375 0.625 0.03671875 0.14296875
0 0.4984375 0.64609375 0.08359375 0.07734375
0 0.85 0.4953125 0.1015625 0.3125
0 0.25546875 0.61796875 0.025 0.05625
0 0.29609375 0.65703125 0.03046875 0.0734375
0 0.221875 0.64453125 0.04375 0.09609375
0 0.103125 0.62265625 0.0203125 0.03125
0 0.1359375 0.6546875 0.01875 0.07734375
0 0.15234375 0.59453125 0.02734375 0.04296875
0 0.05234375 0.64296875 0.03828125 0.0984375
0 0.01484375 0.66015625 0.01640625 0.07109375