0 0.084375 0.47734375 0.09375 0.2
0 0.1921875 0.4859375 0.0734375 0.1453125
0 0.36953125 0.53125 0.35625 0.4875
0 0.546875 0.5015625 0.06953125 0.11015625
0 0.596875 0.4703125 0.0828125 0.16015625
0 0.52265625 0.4765625 0.08828125 0.1515625
0 0.6359375 0.46796875 0.05625 0.11640625
0 0.6953125 0.46484375 0.06171875 0.1203125
0 0.74921875 0.465625 0.06953125 0.12109375
0 0.78515625 0.46796875 0.06953125 0.11640625
0 0.84765625 0.4671875 0.05234375 0.11875
0 0.89296875 0.4703125 0.07109375 0.11640625
0 0.02890625 0.46171875 0.0578125 0.2234375
0 0.14453125 0.44765625 0.0453125 0.0546875
0 0.24765625 0.52890625 0.0828125 0.08515625
0 0.56484375 0.4078125 0.02265625 0.0234375
0 0.6640625 0.46640625 0.04140625 0.1171875
0 0.93125 0.4703125 0.046875 0.10859375
0 0.97578125 0.4515625 0.0453125 0.2125
0 0.728125 0.4203125 0.0296875 0.02734375
0 0.81171875 0.43203125 0.046875 0.0359375