0 0.09765625 0.94140625 0.053125 0.1125
0 0.0515625 0.76953125 0.02578125 0.11015625
0 0.05625 0.73203125 0.02109375 0.09765625
0 0.0984375 0.684375 0.02109375 0.05625
0 0.0109375 0.65 0.01875 0.07109375
0 0.02109375 0.653125 0.0140625 0.06484375
0 0.03671875 0.64921875 0.0140625 0.06484375
0 0.06484375 0.61953125 0.01171875 0.05234375
0 0.078125 0.62578125 0.00859375 0.05625
0 0.08828125 0.62890625 0.01328125 0.05390625
0 0.10234375 0.625 0.0140625 0.05390625
0 0.128125 0.75390625 0.0328125 0.1125
0 0.1546875 0.71171875 0.02109375 0.04375
0 0.15234375 0.76953125 0.0296875 0.11875
0 0.2203125 0.69375 0.0203125 0.05390625
0 0.2359375 0.69375 0.0140625 0.05859375
0 0.246875 0.69609375 0.01328125 0.05390625
0 0.20546875 0.84921875 0.03046875 0.13515625
0 0.2484375 0.85078125 0.04609375 0.14375
0 0.2734375 0.8125 0.0234375 0.1375
0 0.3171875 0.70546875 0.01640625 0.07734375
0 0.32109375 0.70390625 0.0203125 0.07890625
0 0.33984375 0.78046875 0.02734375 0.12265625
0 0.3765625 0.7875 0.02265625 0.12109375
0 0.40078125 0.775 0.02734375 0.125
0 0.4109375 0.70859375 0.01875 0.05859375
0 0.46328125 0.72890625 0.0140625 0.07109375
0 0.490625 0.73984375 0.02109375 0.09140625
0 0.50859375 0.74921875 0.02265625 0.11484375
0 0.53046875 0.74140625 0.01640625 0.09609375
0 0.54296875 0.7375 0.0203125 0.09609375
0 0.57265625 0.709375 0.0234375 0.09765625
0 0.66328125 0.6 0.01171875 0.04140625
0 0.65078125 0.63203125 0.015625 0.06015625
0 0.67734375 0.63828125 0.01171875 0.05625
0 0.665625 0.646875 0.01875 0.06484375
0 0.659375 0.70625 0.0140625 0.07109375
0 0.6515625 0.7125 0.01875 0.08359375
0 0.92578125 0.64765625 0.01328125 0.05390625
0 0.94453125 0.64921875 0.02109375 0.06484375
0 0.9359375 0.68515625 0.01796875 0.075
0 0.88984375 0.69296875 0.02109375 0.08984375
0 0.92734375 0.7625 0.028125 0.11640625
0 0.271875 0.95 0.04140625 0.09609375
0 0.321875 0.95078125 0.04453125 0.09375
0 0.36875 0.89765625 0.0375 0.17109375
0 0.3859375 0.921875 0.028125 0.14375
0 0.39375 0.97265625 0.0390625 0.05
0 0.41875 0.89296875 0.0296875 0.17734375
0 0.4359375 0.925 0.0625 0.14609375
0 0.5015625 0.921875 0.04140625 0.15234375
0 0.5625 0.78359375 0.02265625 0.09140625
0 0.58828125 0.80390625 0.015625 0.12109375
0 0.60703125 0.81484375 0.0296875 0.11640625
0 0.58515625 0.91640625 0.03671875 0.1625
0 0.55703125 0.95625 0.04140625 0.08359375
0 0.6421875 0.95625 0.03515625 0.08359375
0 0.6453125 0.90703125 0.053125 0.11015625
0 0.740625 0.87421875 0.05625 0.14765625
0 0.83828125 0.884375 0.128125 0.22734375
0 0.56953125 0.86015625 0.02109375 0.12890625
0 0.57890625 0.80546875 0.02734375 0.08515625
0 0.05546875 0.640625 0.01796875 0.04375
0 0.1203125 0.63359375 0.0109375 0.02109375
0 0.13203125 0.6375 0.0109375 0.05
0 0.14609375 0.63203125 0.0109375 0.03984375
0 0.07890625 0.80703125 0.04375 0.02734375
0 0.08203125 0.76328125 0.0375 0.02265625
0 0.18125 0.8125 0.034375 0.03359375
0 0.18046875 0.78203125 0.0375 0.03125
0 0.27265625 0.89375 0.0390625 0.04609375
0 0.2953125 0.85546875 0.04609375 0.03515625
0 0.2328125 0.89140625 0.05078125 0.04609375
0 0.4328125 0.74921875 0.034375 0.08125
0 0.45859375 0.69921875 0.0109375 0.02265625
0 0.47734375 0.73671875 0.015625 0.08125
0 0.5828125 0.64609375 0.015625 0.02890625
0 0.6265625 0.64375 0.01640625 0.06640625
0 0.65 0.60390625 0.0140625 0.04609375
0 0.76484375 0.546875 0.0390625 0.05234375
0 0.73359375 0.54453125 0.01640625 0.05234375
0 0.75390625 0.6625 0.015625 0.05
0 0.86171875 0.65078125 0.0140625 0.05234375
0 0.97734375 0.634375 0.009375 0.04375
0 0.44453125 0.98046875 0.0203125 0.03515625
0 0.521875 0.971875 0.0296875 0.05234375
0 0.6 0.97734375 0.02734375 0.04140625
0 0.675 0.53203125 0.0140625 0.02734375
0 0.953125 0.62890625 0.0140625 0.03359375
0 0.009375 0.94921875 0.01875 0.0953125
0 0.67734375 0.61875 0.00703125 0.02890625