0 0.05234375 0.53359375 0.10234375 0.29609375
0 0.06171875 0.540625 0.1234375 0.36015625
0 0.29375 0.53828125 0.0984375 0.34765625
0 0.31328125 0.54609375 0.11484375 0.3625
0 0.50703125 0.5375 0.0703125 0.46640625
0 0.571875 0.56484375 0.14453125 0.5125
0 0.68828125 0.51015625 0.071875 0.44140625
0 0.72265625 0.55 0.0984375 0.5
0 0.78515625 0.62109375 0.11015625 0.425
0 0.88359375 0.54921875 0.1140625 0.69375
0 0.9328125 0.49296875 0.04140625 0.29375
0 0.96875 0.553125 0.06015625 0.71015625
0 0.815625 0.48046875 0.03515625 0.17734375
0 0.4328125 0.47421875 0.00859375 0.03984375
0 0.0234375 0.85390625 0.046875 0.1125
0 0.30703125 0.65859375 0.02734375 0.025