0 0.1375 0.50625 0.028125 0.0546875
0 0.1625 0.50859375 0.021875 0.053125
0 0.21953125 0.6296875 0.1046875 0.3140625
0 0.2796875 0.6171875 0.06328125 0.2671875
0 0.2984375 0.51953125 0.03671875 0.06875
0 0.32734375 0.49921875 0.028125 0.04375
0 0.34140625 0.60625 0.0734375 0.2578125
0 0.36328125 0.62421875 0.11328125 0.259375
0 0.41953125 0.51328125 0.0453125 0.05625
0 0.43828125 0.64453125 0.10703125 0.275
0 0.47109375 0.61953125 0.06796875 0.2875
0 0.5078125 0.51484375 0.0453125 0.06875
0 0.5328125 0.61796875 0.13203125 0.328125
0 0.6125 0.6265625 0.08828125 0.2984375
0 0.67890625 0.6453125 0.13515625 0.3109375
0 0.7453125 0.64140625 0.08984375 0.2875
0 0.5734375 0.49765625 0.03359375 0.053125
0 0.56171875 0.5453125 0.046875 0.13203125
0 0.6375 0.5015625 0.01796875 0.0203125
0 0.13515625 0.5203125 0.01015625 0.0171875
0 0.2875 0.50859375 0.01171875 0.040625