0 0.8875 0.5359375 0.0234375 0.0484375
0 0.88671875 0.540625 0.01796875 0.03984375
0 0.83515625 0.534375 0.0171875 0.02109375
0 0.9703125 0.559375 0.009375 0.02890625
0 0.76484375 0.5171875 0.0125 0.034375
0 0.75 0.51484375 0.01484375 0.03984375
0 0.7234375 0.51328125 0.01171875 0.03671875
0 0.71328125 0.51171875 0.01328125 0.0390625
0 0.68125 0.509375 0.01484375 0.0375
0 0.67421875 0.51171875 0.0078125 0.03671875
0 0.6671875 0.509375 0.0125 0.0359375
0 0.66015625 0.5109375 0.01171875 0.03671875
0 0.6453125 0.50703125 0.01328125 0.0421875
0 0.6265625 0.5078125 0.01796875 0.0390625
0 0.6046875 0.50390625 0.0125 0.02734375
0 0.5828125 0.51015625 0.01484375 0.03671875
0 0.53984375 0.51328125 0.01640625 0.040625
0 0.5203125 0.51484375 0.015625 0.04375
0 0.484375 0.52734375 0.01171875 0.03671875
0 0.4765625 0.5234375 0.01171875 0.03671875
0 0.48046875 0.5046875 0.01171875 0.021875
0 0.4625 0.5203125 0.0125 0.04296875
0 0.45625 0.52109375 0.00625 0.0328125
0 0.44453125 0.52109375 0.01171875 0.0484375
0 0.43203125 0.5359375 0.01015625 0.02265625
0 0.4140625 0.5296875 0.01015625 0.015625
0 0.3875 0.53828125 0.01484375 0.02421875
0 0.3828125 0.53359375 0.00859375 0.02265625
0 0.38125 0.53203125 0.0125 0.03671875
0 0.371875 0.5453125 0.0125 0.0359375
0 0.35078125 0.53359375 0.01484375 0.06875
0 0.33515625 0.5203125 0.0140625 0.021875
0 0.33828125 0.5421875 0.01953125 0.02578125
0 0.321875 0.54375 0.01796875 0.03046875
0 0.2828125 0.53515625 0.01875 0.053125
0 0.2640625 0.55546875 0.01796875 0.01875
0 0.2328125 0.58203125 0.01484375 0.06171875
0 0.21796875 0.575 0.01875 0.07109375
0 0.18984375 0.5828125 0.0203125 0.0609375
0 0.18515625 0.58359375 0.01015625 0.0625
0 0.146875 0.56484375 0.0171875 0.0609375
0 0.1296875 0.56484375 0.0171875 0.0609375
0 0.0984375 0.58125 0.01328125 0.04609375
0 0.0765625 0.5875 0.015625 0.0625
0 0.075 0.55859375 0.01171875 0.02265625
0 0.01484375 0.69765625 0.0296875 0.16328125
0 0.0921875 0.69765625 0.05625 0.19453125
0 0.1296875 0.69921875 0.03984375 0.17890625
0 0.175 0.7109375 0.05703125 0.196875
0 0.21875 0.70703125 0.0484375 0.2046875
0 0.24375 0.7046875 0.03671875 0.19140625
0 0.2828125 0.7125 0.075 0.215625
0 0.33671875 0.72421875 0.0703125 0.25859375
0 0.384375 0.70859375 0.06953125 0.23984375
0 0.42890625 0.72109375 0.05546875 0.23046875
0 0.5125 0.8140625 0.025 0.0515625
0 0.58125 0.74296875 0.09296875 0.25703125
0 0.72890625 0.7171875 0.05 0.2953125
0 0.76484375 0.7640625 0.06484375 0.2859375
0 0.78515625 0.74140625 0.0546875 0.253125
0 0.83046875 0.75078125 0.07265625 0.3296875
0 0.9 0.74609375 0.090625 0.2984375
0 0.90078125 0.75546875 0.084375 0.3171875
0 0.934375 0.76640625 0.0234375 0.16328125
0 0.96328125 0.74140625 0.0453125 0.2859375
0 0.96640625 0.73828125 0.04921875 0.28671875
0 0.4015625 0.53203125 0.009375 0.028125
0 0.9640625 0.55625 0.01875 0.01953125
0 0.65 0.51484375 0.00703125 0.01640625
0 0.50234375 0.53046875 0.01484375 0.0125
0 0.47578125 0.50703125 0.00703125 0.009375
0 0.46328125 0.503125 0.00390625 0.01640625
0 0.1390625 0.56953125 0.0078125 0.015625
0 0.121875 0.56015625 0.00859375 0.01796875
0 0.4078125 0.09453125 0.01796875 0.06875
0 0.865625 0.5484375 0.00546875 0.01875
0 0.4140625 0.353125 0.01015625 0.0453125
0 0.42578125 0.35703125 0.00625 0.04609375