0 0.9 0.6921875 0.1984375 0.61484375
0 0.8625 0.53515625 0.06171875 0.2875
0 0.76796875 0.62734375 0.1265625 0.40703125
0 0.8171875 0.446875 0.02109375 0.08359375
0 0.70625 0.49375 0.0640625 0.1953125
0 0.66640625 0.51796875 0.04765625 0.2125
0 0.63203125 0.49375 0.02734375 0.12109375
0 0.61328125 0.51875 0.0421875 0.134375
0 0.571875 0.509375 0.0515625 0.15625
0 0.55234375 0.49140625 0.02734375 0.128125
0 0.44921875 0.525 0.06484375 0.2046875
0 0.41171875 0.4875 0.0203125 0.078125
0 0.38125 0.578125 0.078125 0.27109375
0 0.13125 0.5296875 0.059375 0.16484375
0 0.06484375 0.56796875 0.0921875 0.2484375
0 0.22578125 0.6703125 0.2703125 0.65859375
0 0.52109375 0.72109375 0.20390625 0.55703125
0 0.33203125 0.7140625 0.13203125 0.5703125
0 0.59453125 0.50625 0.025 0.13984375
0 0.04140625 0.7484375 0.08125 0.50234375
0 0.0703125 0.45234375 0.0375 0.0484375
0 0.1671875 0.46796875 0.040625 0.06484375
0 0.26171875 0.4671875 0.03828125 0.05390625
0 0.378125 0.48125 0.07890625 0.146875
0 0.5328125 0.421875 0.22890625 0.08671875
0 0.78046875 0.4453125 0.03203125 0.07265625
0 0.98125 0.4390625 0.0359375 0.11015625
0 0.890625 0.4359375 0.01875 0.05
0 0.43125 0.55390625 0.0203125 0.05703125
0 0.175 0.296875 0.053125 0.0921875
0 0.775 0.25859375 0.0390625 0.10625