0 0.06796875 0.70390625 0.1359375 0.5546875
0 0.13515625 0.59921875 0.0625 0.246875
0 0.1578125 0.52265625 0.02890625 0.096875
0 0.1734375 0.5109375 0.0171875 0.07421875
0 0.1875 0.4890625 0.0203125 0.0484375
0 0.2078125 0.48984375 0.0203125 0.03515625
0 0.2171875 0.484375 0.02109375 0.03515625
0 0.33984375 0.4953125 0.0203125 0.05390625
0 0.2921875 0.66640625 0.2546875 0.66328125
0 0.41328125 0.490625 0.0140625 0.05546875
0 0.4234375 0.48828125 0.0140625 0.05
0 0.4328125 0.4859375 0.0125 0.05
0 0.44140625 0.4859375 0.01015625 0.04296875
0 0.4484375 0.48671875 0.0140625 0.05234375
0 0.4578125 0.48671875 0.0140625 0.05546875
0 0.46640625 0.48828125 0.01015625 0.05
0 0.475 0.49140625 0.0171875 0.06171875
0 0.48671875 0.50625 0.01875 0.07265625
0 0.50234375 0.5109375 0.025 0.10390625
0 0.5140625 0.49375 0.01484375 0.06171875
0 0.5265625 0.4984375 0.01484375 0.05234375
0 0.55390625 0.64609375 0.08515625 0.3515625
0 0.584375 0.50390625 0.0484375 0.096875
0 0.6171875 0.6 0.09140625 0.3125
0 0.6984375 0.5484375 0.02109375 0.096875
0 0.703125 0.4921875 0.0265625 0.078125
0 0.68203125 0.5453125 0.05625 0.1765625
0 0.8453125 0.4953125 0.02265625 0.0765625
0 0.8828125 0.721875 0.18984375 0.55234375
0 0.9609375 0.79296875 0.075 0.4109375
0 0.3671875 0.490625 0.025 0.059375
0 0.56953125 0.48828125 0.0234375 0.0390625
0 0.48515625 0.45625 0.0171875 0.028125