0 0.8453125 0.8265625 0.0703125 0.08984375
0 0.67109375 0.81640625 0.0515625 0.096875
0 0.61640625 0.8140625 0.04140625 0.11796875
0 0.63359375 0.7984375 0.02421875 0.05546875
0 0.57734375 0.78515625 0.03984375 0.10703125
0 0.46640625 0.88828125 0.04453125 0.09453125
0 0.3484375 0.8390625 0.04609375 0.1890625
0 0.3734375 0.853125 0.0296875 0.1609375
0 0.215625 0.79296875 0.06015625 0.109375
0 0.32890625 0.646875 0.03984375 0.14375
0 0.1453125 0.8453125 0.05546875 0.21015625
0 0.09609375 0.84296875 0.06015625 0.19296875
0 0.51796875 0.8109375 0.12421875 0.31796875