0 0.0359375 0.58046875 0.071875 0.26015625
0 0.05078125 0.45 0.02109375 0.0375
0 0.0953125 0.46171875 0.02109375 0.06015625
0 0.10703125 0.47265625 0.015625 0.075
0 0.11640625 0.478125 0.01875 0.08125
0 0.1265625 0.490625 0.01875 0.10234375
0 0.14765625 0.44296875 0.0203125 0.02734375
0 0.1875 0.48046875 0.03671875 0.10234375
0 0.190625 0.453125 0.01328125 0.03515625
0 0.19921875 0.459375 0.01171875 0.03984375
0 0.24140625 0.48671875 0.015625 0.08125
0 0.25390625 0.44765625 0.01328125 0.025
0 0.26875 0.47578125 0.02109375 0.09765625
0 0.2921875 0.44609375 0.01875 0.04140625
0 0.13671875 0.71953125 0.1421875 0.55625
0 0.22890625 0.759375 0.121875 0.47734375
0 0.2109375 0.49375 0.07421875 0.12109375
0 0.2546875 0.59375 0.05625 0.17109375
0 0.25625 0.49375 0.03515625 0.08359375
0 0.29296875 0.56484375 0.04375 0.15859375
0 0.31015625 0.678125 0.0796875 0.29765625
0 0.36015625 0.540625 0.0609375 0.19765625
0 0.42265625 0.48203125 0.0140625 0.03125
0 0.37421875 0.56484375 0.04453125 0.125
0 0.3953125 0.5875 0.08125 0.13359375
0 0.53203125 0.81484375 0.1234375 0.36640625
0 0.48984375 0.528125 0.11875 0.27265625
0 0.55234375 0.58203125 0.0625 0.18515625
0 0.59296875 0.575 0.0625 0.32890625
0 0.65078125 0.65078125 0.05078125 0.26875
0 0.6828125 0.51640625 0.065625 0.12109375
0 0.67734375 0.76640625 0.0984375 0.4625
0 0.88359375 0.59765625 0.13984375 0.24140625
0 0.8015625 0.54609375 0.0890625 0.10390625
0 0.38359375 0.48203125 0.03203125 0.03125
0 0.4203125 0.57109375 0.02578125 0.06640625
0 0.98203125 0.59296875 0.0328125 0.09375
0 0.64296875 0.81640625 0.7109375 0.3625
0 0.53125 0.47109375 0.0109375 0.04140625
0 0.4734375 0.478125 0.0109375 0.04375
0 0.075 0.43828125 0.15 0.0421875
0 0.6359375 0.48984375 0.0484375 0.05
0 0.9484375 0.59453125 0.01640625 0.06484375
0 0.09375 0.584375 0.0515625 0.18515625