0 0.1453125 0.53203125 0.18984375 0.93125
0 0.2796875 0.36171875 0.05390625 0.29765625
0 0.31953125 0.390625 0.08671875 0.47109375
0 0.41484375 0.525 0.27265625 0.94609375
0 0.38984375 0.55078125 0.19375 0.89453125
0 0.5125 0.54921875 0.12890625 0.89453125
0 0.66640625 0.52109375 0.209375 0.95390625
0 0.84375 0.3625 0.17421875 0.60625
0 0.8796875 0.6265625 0.2390625 0.74296875
0 0.8375 0.559375 0.16875 0.878125
0 0.97734375 0.39453125 0.04375 0.375
0 0.9125 0.21875 0.025 0.071875
0 0.45625 0.2390625 0.05078125 0.09765625
0 0.57578125 0.23828125 0.13125 0.18125