0 0.03359375 0.5875 0.0484375 0.24140625
0 0.071875 0.57265625 0.04921875 0.23359375
0 0.10703125 0.57265625 0.0484375 0.22109375
0 0.23203125 0.58203125 0.0671875 0.31015625
0 0.21171875 0.47734375 0.01796875 0.02109375
0 0.25859375 0.47890625 0.0296875 0.06640625
0 0.27109375 0.60234375 0.0421875 0.1875
0 0.29609375 0.5625 0.0328125 0.2125
0 0.3109375 0.56796875 0.01875 0.17265625
0 0.41015625 0.54765625 0.0390625 0.14140625
0 0.4515625 0.578125 0.053125 0.23125
0 0.4765625 0.53515625 0.02578125 0.10859375
0 0.49609375 0.52890625 0.01796875 0.08359375
0 0.5203125 0.57734375 0.06328125 0.22109375
0 0.5453125 0.52421875 0.02734375 0.13515625
0 0.55703125 0.528125 0.0296875 0.13125
0 0.578125 0.51484375 0.01328125 0.09140625
0 0.58671875 0.53515625 0.02578125 0.14609375
0 0.61875 0.54609375 0.0375 0.18359375
0 0.65 0.559375 0.03671875 0.17265625
0 0.68046875 0.53203125 0.02265625 0.13125
0 0.70390625 0.55 0.0421875 0.16640625
0 0.7296875 0.53125 0.03046875 0.15390625
0 0.746875 0.525 0.02265625 0.125
0 0.765625 0.54609375 0.03671875 0.19609375
0 0.7984375 0.55625 0.04609375 0.2
0 0.82109375 0.52734375 0.0203125 0.14609375
0 0.83203125 0.55234375 0.03515625 0.1625
0 0.85859375 0.540625 0.034375 0.21015625
0 0.88828125 0.546875 0.03203125 0.22734375
0 0.90234375 0.603125 0.06796875 0.43125
0 0.9078125 0.65078125 0.0625 0.46015625
0 0.95 0.678125 0.071875 0.43515625
0 0.06171875 0.47734375 0.1234375 0.075
0 0.37109375 0.35546875 0.01796875 0.09765625
0 0.38671875 0.525 0.015625 0.05390625
0 0.42734375 0.50546875 0.03046875 0.04375
0 0.465625 0.49765625 0.0140625 0.025
0 0.4328125 0.56484375 0.009375 0.02109375
0 0.57109375 0.52890625 0.015625 0.05859375
0 0.6015625 0.5125 0.02265625 0.09609375
0 0.63359375 0.525 0.02734375 0.12890625
0 0.665625 0.53515625 0.0234375 0.125
0 0.6515625 0.46640625 0.01171875 0.01640625
0 0.71484375 0.51328125 0.02109375 0.10234375
0 0.6921875 0.48046875 0.015625 0.03515625
0 0.7796875 0.48125 0.025 0.04609375
0 0.74453125 0.47578125 0.0203125 0.03125
0 0.83359375 0.48359375 0.03515625 0.0375
0 0.8453125 0.56796875 0.015625 0.06875
0 0.8765625 0.5 0.02734375 0.07109375