0 0.0125 0.8921875 0.01875 0.0671875
0 0.0203125 0.89765625 0.01875 0.06953125
0 0.06328125 0.8890625 0.0140625 0.0515625
0 0.096875 0.9078125 0.03125 0.09453125
0 0.134375 0.92109375 0.034375 0.153125
0 0.18125 0.896875 0.021875 0.071875
0 0.215625 0.90546875 0.025 0.12109375
0 0.23671875 0.89296875 0.0296875 0.0828125
0 0.234375 0.87734375 0.015625 0.0609375
0 0.26015625 0.88203125 0.0203125 0.07890625
0 0.2828125 0.9171875 0.034375 0.12109375
0 0.30234375 0.87734375 0.0171875 0.05625
0 0.3125 0.890625 0.01875 0.06953125
0 0.31484375 0.86640625 0.0140625 0.03828125
0 0.33046875 0.89765625 0.0203125 0.0875
0 0.34453125 0.87890625 0.0203125 0.0765625
0 0.34765625 0.88125 0.0171875 0.0671875
0 0.3703125 0.88203125 0.01875 0.0875
0 0.365625 0.8796875 0.0125 0.0609375
0 0.38984375 0.8890625 0.0234375 0.07890625
0 0.41328125 0.89765625 0.0234375 0.06484375
0 0.434375 0.8921875 0.025 0.103125
0 0.4578125 0.88515625 0.025 0.08984375
0 0.47734375 0.90078125 0.0265625 0.1125
0 0.5 0.903125 0.025 0.1078125
0 0.521875 0.89921875 0.034375 0.1125
0 0.53515625 0.88984375 0.0203125 0.08984375
0 0.5515625 0.87890625 0.021875 0.08125
0 0.578125 0.89453125 0.028125 0.12109375
0 0.58671875 0.89453125 0.0265625 0.1078125
0 0.61484375 0.86875 0.0203125 0.06484375
0 0.65 0.8640625 0.015625 0.05625
0 0.65859375 0.871875 0.0140625 0.071875
0 0.67734375 0.871875 0.0171875 0.08515625
0 0.76484375 0.87265625 0.0203125 0.0828125
0 0.82109375 0.86640625 0.0171875 0.07890625
0 0.8453125 0.871875 0.028125 0.08125
0 0.86015625 0.8609375 0.0203125 0.06328125
0 0.928125 0.85859375 0.01875 0.06328125
0 0.8921875 0.859375 0.01875 0.04296875
0 0.9078125 0.86171875 0.01875 0.04296875
0 0.11484375 0.890625 0.0296875 0.07890625
0 0.15078125 0.890625 0.0203125 0.0609375
0 0.1921875 0.87734375 0.0125 0.046875
0 0.1734375 0.8796875 0.0125 0.0515625
0 0.27109375 0.884375 0.0171875 0.07421875
0 0.2890625 0.87421875 0.021875 0.05859375
0 0.4453125 0.85390625 0.025 0.06328125
0 0.4625 0.8484375 0.0125 0.0515625
0 0.5 0.86171875 0.03125 0.04296875
0 0.5265625 0.8546875 0.015625 0.02890625
0 0.5421875 0.85703125 0.009375 0.02890625
0 0.59921875 0.8640625 0.0203125 0.06953125
0 0.6515625 0.86328125 0.015625 0.0671875
0 0.665625 0.86640625 0.015625 0.07421875
0 0.68125 0.846875 0.009375 0.03125
0 0.8796875 0.8546875 0.015625 0.0609375
0 0.8421875 0.83828125 0.009375 0.02734375
0 0.93671875 0.85625 0.0171875 0.05859375
0 0.9875 0.8484375 0.021875 0.06484375
0 0.79453125 0.440625 0.0171875 0.040625