0 0.07734375 0.49921875 0.1546875 0.9984375
0 0.04609375 0.79921875 0.075 0.23125
0 0.075 0.79453125 0.08203125 0.23984375
0 0.15859375 0.75234375 0.07734375 0.19609375
0 0.16171875 0.68515625 0.06484375 0.07890625
0 0.265625 0.646875 0.16796875 0.70234375
0 0.33515625 0.80390625 0.04375 0.2875
0 0.37109375 0.775 0.04140625 0.29140625
0 0.4 0.78828125 0.053125 0.36484375
0 0.4828125 0.63515625 0.0671875 0.15
0 0.53671875 0.778125 0.0328125 0.25625
0 0.55859375 0.79375 0.03984375 0.19609375
0 0.63671875 0.8 0.02734375 0.12890625
0 0.74296875 0.76640625 0.065625 0.26640625
0 0.79140625 0.7875 0.04453125 0.16640625
0 0.809375 0.79765625 0.0203125 0.1125
0 0.83125 0.78984375 0.0515625 0.2
0 0.890625 0.77578125 0.08828125 0.26484375
0 0.8484375 0.79765625 0.0234375 0.11640625
0 0.94609375 0.76796875 0.09609375 0.28515625
0 0.98203125 0.759375 0.0328125 0.16015625
0 0.96953125 0.74765625 0.0234375 0.09140625
0 0.10546875 0.815625 0.0515625 0.08125
0 0.18359375 0.640625 0.02265625 0.06015625