0 0.965625 0.690625 0.0671875 0.61484375
0 0.69921875 0.72578125 0.165625 0.54375
0 0.72890625 0.57890625 0.065625 0.22109375
0 0.6296875 0.646875 0.0578125 0.33984375
0 0.58125 0.509375 0.03671875 0.10234375
0 0.565625 0.69609375 0.075 0.51640625
0 0.51953125 0.73359375 0.09765625 0.52890625
0 0.43359375 0.70078125 0.31328125 0.59375
0 0.13359375 0.66484375 0.26640625 0.66640625
0 0.04140625 0.721875 0.07734375 0.55234375
0 0.2390625 0.71328125 0.15 0.56015625
0 0.2875 0.54609375 0.178125 0.38359375
0 0.6078125 0.525 0.03515625 0.09140625
0 0.38671875 0.509375 0.090625 0.14375
0 0.52578125 0.478125 0.01640625 0.04765625
0 0.19453125 0.53359375 0.028125 0.05859375
0 0.9109375 0.63125 0.075 0.08359375