0 0.95859375 0.63515625 0.05546875 0.375
0 0.85234375 0.63828125 0.0953125 0.28515625
0 0.73671875 0.66484375 0.075 0.37109375
0 0.71875 0.60625 0.025 0.25
0 0.66171875 0.625 0.05078125 0.27109375
0 0.6265625 0.60390625 0.0484375 0.2375
0 0.58515625 0.55703125 0.03671875 0.16015625
0 0.5421875 0.565625 0.0375 0.14375
0 0.5546875 0.51171875 0.015625 0.05234375
0 0.50625 0.54140625 0.025 0.13359375
0 0.521875 0.53671875 0.0203125 0.09765625
0 0.49453125 0.496875 0.0109375 0.01484375
0 0.47265625 0.55703125 0.03515625 0.17734375
0 0.4140625 0.565625 0.03984375 0.18515625
0 0.434375 0.55703125 0.028125 0.16875
0 0.39765625 0.540625 0.02734375 0.13515625
0 0.3609375 0.56953125 0.0390625 0.17734375
0 0.3515625 0.55234375 0.02265625 0.14609375
0 0.23671875 0.56328125 0.04921875 0.20625
0 0.209375 0.59375 0.05078125 0.24140625
0 0.221875 0.596875 0.0328125 0.21875
0 0.01953125 0.515625 0.0390625 0.11875
0 0.6328125 0.534375 0.02578125 0.14375
0 0.60390625 0.54140625 0.0203125 0.12109375
0 0.45390625 0.53125 0.025 0.10390625
0 0.8453125 0.47578125 0.07265625 0.06484375
0 0.7015625 0.465625 0.0390625 0.09375