0 0.31484375 0.44609375 0.1203125 0.290625
0 0.29453125 0.3953125 0.0484375 0.13671875
0 0.43203125 0.440625 0.0625 0.20078125
0 0.353125 0.4203125 0.05625 0.1890625
0 0.38984375 0.40625 0.0359375 0.18203125
0 0.40703125 0.41328125 0.03515625 0.1921875
0 0.4546875 0.43359375 0.03125 0.18515625
0 0.4890625 0.4421875 0.0546875 0.21875
0 0.5328125 0.4390625 0.0390625 0.175
0 0.55078125 0.4421875 0.05625 0.2109375
0 0.6265625 0.49296875 0.115625 0.3015625
0 0.6109375 0.4484375 0.0296875 0.196875
0 0.67265625 0.446875 0.06015625 0.2046875
0 0.7046875 0.45703125 0.06796875 0.22421875
0 0.82578125 0.453125 0.08984375 0.2859375
0 0.37421875 0.340625 0.01484375 0.025
0 0.3265625 0.50546875 0.021875 0.04921875
0 0.54453125 0.36328125 0.01953125 0.0296875