0 0.41875 0.70390625 0.23203125 0.58984375
0 0.575 0.71171875 0.15078125 0.5296875
0 0.784375 0.6671875 0.05 0.2484375
0 0.934375 0.68828125 0.12890625 0.62109375
0 0.88359375 0.73046875 0.125 0.53671875
0 0.8296875 0.63359375 0.06640625 0.3140625
0 0.7765625 0.55 0.03515625 0.08671875
0 0.75703125 0.5828125 0.03046875 0.1640625
0 0.50078125 0.5234375 0.071875 0.08203125
0 0.68671875 0.52109375 0.05859375 0.0765625
0 0.57421875 0.5125 0.02734375 0.05390625
0 0.85390625 0.5 0.0375 0.0625
0 0.821875 0.86953125 0.096875 0.159375
0 0.18515625 0.54765625 0.0859375 0.16953125
0 0.28984375 0.52890625 0.075 0.09921875