0 0.03046875 0.95 0.03984375 0.065625
0 0.046875 0.95234375 0.0453125 0.06953125
0 0.084375 0.95078125 0.065625 0.07109375
0 0.08203125 0.946875 0.03671875 0.06171875
0 0.1609375 0.946875 0.02421875 0.0515625
0 0.16875 0.94609375 0.03046875 0.05546875
0 0.18515625 0.9484375 0.02734375 0.059375
0 0.2046875 0.9453125 0.02578125 0.05859375
0 0.2234375 0.94609375 0.02109375 0.05390625
0 0.2359375 0.94453125 0.03203125 0.0640625
0 0.2625 0.94453125 0.02890625 0.0515625
0 0.27734375 0.94296875 0.02578125 0.0515625
0 0.30078125 0.94375 0.03984375 0.04765625
0 0.31640625 0.93984375 0.02109375 0.0421875
0 0.32734375 0.94609375 0.02578125 0.05
0 0.34921875 0.94140625 0.03046875 0.053125
0 0.36875 0.93984375 0.02578125 0.04375
0 0.38828125 0.940625 0.01640625 0.04765625
0 0.4015625 0.93984375 0.03046875 0.05390625
0 0.4046875 0.940625 0.02265625 0.05
0 0.4453125 0.940625 0.01796875 0.0390625
0 0.48046875 0.92265625 0.01796875 0.02265625
0 0.54765625 0.9328125 0.01953125 0.03125
0 0.63828125 0.9296875 0.01484375 0.0296875
0 0.65703125 0.9296875 0.01953125 0.0296875
0 0.66640625 0.92890625 0.01640625 0.03125
0 0.69140625 0.9421875 0.03671875 0.0515625
0 0.86015625 0.92734375 0.01796875 0.03046875
0 0.9734375 0.93359375 0.01953125 0.03125
0 0.990625 0.92890625 0.01484375 0.028125
0 0.146875 0.9234375 0.01640625 0.02265625
0 0.23203125 0.9203125 0.0078125 0.0125
0 0.29140625 0.93828125 0.0109375 0.0359375
0 0.30859375 0.92265625 0.0125 0.0203125
0 0.33671875 0.9390625 0.01953125 0.04609375
0 0.39296875 0.92578125 0.0078125 0.01171875
0 0.44140625 0.91640625 0.01953125 0.0125
0 0.40859375 0.91328125 0.01484375 0.00703125
0 0.590625 0.9234375 0.01953125 0.01484375
0 0.6328125 0.9171875 0.0078125 0.00625
0 0.9828125 0.91484375 0.0109375 0.0125