0 0.03828125 0.5359375 0.0765625 0.35234375
0 0.025 0.4421875 0.05 0.446875
0 0.0296875 0.24921875 0.0390625 0.08125
0 0.06015625 0.2890625 0.0875 0.17890625
0 0.08046875 0.45546875 0.1 0.47421875
0 0.10546875 0.2578125 0.05 0.14296875
0 0.1921875 0.5265625 0.16328125 0.778125
0 0.165625 0.49921875 0.1078125 0.50078125
0 0.25625 0.46484375 0.153125 0.5234375
0 0.28125 0.41015625 0.0453125 0.31640625
0 0.3015625 0.37734375 0.04140625 0.23125
0 0.30546875 0.303125 0.0515625 0.10546875
0 0.3375 0.340625 0.05 0.109375
0 0.36171875 0.27578125 0.03984375 0.05078125
0 0.39609375 0.58671875 0.196875 0.64609375
0 0.43125 0.30234375 0.03515625 0.09609375
0 0.45078125 0.45390625 0.06171875 0.41015625
0 0.490625 0.35390625 0.08515625 0.275
0 0.5203125 0.37890625 0.11171875 0.22578125
0 0.56796875 0.5875 0.1140625 0.62890625
0 0.53125 0.67421875 0.12421875 0.52734375
0 0.55546875 0.425 0.06796875 0.284375
0 0.5875 0.32421875 0.03671875 0.1203125
0 0.6390625 0.55390625 0.17421875 0.51953125
0 0.653125 0.58828125 0.146875 0.5703125
0 0.67109375 0.37734375 0.05 0.2203125
0 0.73203125 0.49609375 0.09375 0.50625
0 0.68515625 0.38515625 0.02734375 0.1453125
0 0.759375 0.48984375 0.08671875 0.403125
0 0.82890625 0.596875 0.19453125 0.59921875
0 0.8828125 0.415625 0.02890625 0.08828125
0 0.90078125 0.4890625 0.0328125 0.25390625
0 0.93671875 0.50078125 0.0890625 0.41015625
0 0.94140625 0.50078125 0.078125 0.41015625
0 0.3796875 0.53984375 0.12890625 0.4765625
0 0.08671875 0.23828125 0.1734375 0.11875
0 0.26875 0.59453125 0.07890625 0.09609375
0 0.3296875 0.31953125 0.03671875 0.0921875
0 0.421875 0.54296875 0.02265625 0.1296875
0 0.47578125 0.275 0.02421875 0.05234375
0 0.62890625 0.303125 0.025 0.03359375
0 0.44453125 0.29375 0.025 0.05625
0 0.69375 0.38046875 0.03046875 0.071875
0 0.80703125 0.3671875 0.0625 0.11328125
0 0.7953125 0.60078125 0.03984375 0.090625
0 0.87890625 0.35703125 0.04375 0.10703125
0 0.88671875 0.56484375 0.04765625 0.10546875
0 0.97734375 0.33984375 0.04296875 0.15625
0 0.9234375 0.5640625 0.03046875 0.05859375
0 0.28984375 0.321875 0.02265625 0.09453125