0 0.0546875 0.70859375 0.109375 0.57890625
0 0.03203125 0.390625 0.03515625 0.11484375
0 0.065625 0.37734375 0.0421875 0.09609375
0 0.0765625 0.46328125 0.053125 0.18984375
0 0.146875 0.41953125 0.0375 0.18984375
0 0.1703125 0.340625 0.01875 0.05625
0 0.1765625 0.45234375 0.06015625 0.25390625
0 0.190625 0.35078125 0.02734375 0.06015625
0 0.196875 0.41796875 0.025 0.13984375
0 0.21015625 0.40859375 0.0328125 0.15859375
0 0.2109375 0.340625 0.028125 0.06015625
0 0.22734375 0.340625 0.01875 0.05625
0 0.24140625 0.36484375 0.034375 0.0875
0 0.25859375 0.3875 0.03046875 0.0625
0 0.27265625 0.35625 0.01640625 0.05
0 0.28828125 0.48046875 0.053125 0.27734375
0 0.31953125 0.415625 0.03984375 0.17734375
0 0.36953125 0.39765625 0.04453125 0.16640625
0 0.24375 0.696875 0.128125 0.58125
0 0.37109375 0.7 0.14921875 0.59609375
0 0.41015625 0.34140625 0.02265625 0.05390625
0 0.41171875 0.41328125 0.028125 0.17265625
0 0.43203125 0.44921875 0.06328125 0.26875
0 0.465625 0.45390625 0.04453125 0.23359375
0 0.45390625 0.340625 0.03046875 0.08125
0 0.48671875 0.41171875 0.034375 0.18125
0 0.50625 0.35625 0.02734375 0.1375
0 0.5203125 0.359375 0.03203125 0.08125
0 0.5390625 0.38203125 0.03046875 0.07265625
0 0.5203125 0.63515625 0.09140625 0.50859375
0 0.56875 0.53046875 0.07421875 0.34765625
0 0.62890625 0.7125 0.13125 0.57109375
0 0.55546875 0.35 0.03671875 0.1
0 0.584375 0.375 0.03515625 0.13359375
0 0.58125 0.321875 0.0421875 0.06484375
0 0.61171875 0.33515625 0.03203125 0.09140625
0 0.63125 0.33671875 0.03203125 0.06875
0 0.61640625 0.39921875 0.0515625 0.14765625
0 0.65625 0.45234375 0.065625 0.25390625
0 0.6671875 0.33828125 0.03203125 0.08984375
0 0.67734375 0.33828125 0.03046875 0.08984375
0 0.6921875 0.359375 0.0484375 0.10234375
0 0.71328125 0.52421875 0.08203125 0.37734375
0 0.73125 0.34296875 0.0234375 0.06484375
0 0.75703125 0.490625 0.065625 0.36015625
0 0.775 0.321875 0.028125 0.08125
0 0.8 0.49765625 0.071875 0.36640625
0 0.82421875 0.32421875 0.0390625 0.07265625
0 0.81640625 0.459375 0.04609375 0.29375
0 0.8546875 0.47578125 0.05078125 0.38515625
0 0.8796875 0.50390625 0.08828125 0.44609375
0 0.9140625 0.31015625 0.02265625 0.09140625
0 0.94296875 0.440625 0.06953125 0.34765625
0 0.93046875 0.48125 0.0578125 0.37890625
0 0.98046875 0.46484375 0.03671875 0.40390625
0 0.80625 0.26484375 0.01875 0.07109375
0 0.64296875 0.290625 0.015625 0.02734375
0 0.653125 0.29765625 0.0203125 0.0625
0 0.6375 0.296875 0.0234375 0.04765625
0 0.6234375 0.303125 0.0203125 0.03984375
0 0.52265625 0.303125 0.02109375 0.04375
0 0.2890625 0.340625 0.0296875 0.08125
0 0.31484375 0.353125 0.0328125 0.09375
0 0.3296875 0.3375 0.02109375 0.07890625
0 0.340625 0.36796875 0.02109375 0.11875
0 0.5671875 0.309375 0.01640625 0.04765625
0 0.54140625 0.32890625 0.0234375 0.05859375
0 0.15703125 0.33125 0.0234375 0.0625
0 0.19453125 0.3125 0.01328125 0.0125
0 0.73984375 0.303125 0.03671875 0.04375
0 0.7140625 0.33046875 0.0109375 0.02265625
0 0.96328125 0.29765625 0.02734375 0.0875
0 0.83515625 0.271875 0.03203125 0.07734375
0 0.684375 0.271875 0.046875 0.05625
0 0.59296875 0.28515625 0.0484375 0.04609375
0 0.5484375 0.28203125 0.02265625 0.03984375
0 0.5296875 0.29140625 0.01640625 0.0375
0 0.50625 0.27734375 0.025 0.01640625
0 0.5109375 0.29453125 0.009375 0.01875
0 0.475 0.29921875 0.03515625 0.06484375
0 0.49765625 0.29609375 0.009375 0.02109375
0 0.396875 0.2875 0.121875 0.0625
0 0.38828125 0.36171875 0.02734375 0.08984375
0 0.29140625 0.30625 0.034375 0.04609375
0 0.32265625 0.29609375 0.028125 0.025
0 0.32109375 0.321875 0.00859375 0.02734375
0 0.2578125 0.30625 0.034375 0.07109375
0 0.2203125 0.32890625 0.00625 0.04609375
0 0.22890625 0.30703125 0.01171875 0.01484375