0 0.19609375 0.25703125 0.00859375 0.02890625
0 0.203125 0.2578125 0.01171875 0.0359375
0 0.2375 0.26875 0.00859375 0.0359375
0 0.26015625 0.221875 0.00703125 0.02265625
0 0.26796875 0.22109375 0.00703125 0.025
0 0.2453125 0.2375 0.00703125 0.02265625
0 0.29765625 0.2703125 0.01015625 0.04296875
0 0.29140625 0.32265625 0.01640625 0.040625
0 0.38828125 0.2765625 0.01015625 0.03828125
0 0.4046875 0.29375 0.01171875 0.040625
0 0.41171875 0.29453125 0.01015625 0.03828125
0 0.39375 0.31015625 0.01328125 0.03828125
0 0.12890625 0.38125 0.01796875 0.0359375
0 0.1421875 0.40234375 0.01484375 0.06015625
0 0.15078125 0.40546875 0.01328125 0.05859375
0 0.303125 0.4046875 0.01640625 0.06015625
0 0.33671875 0.38828125 0.01484375 0.04921875
0 0.16953125 0.77890625 0.0640625 0.20859375
0 0.20078125 0.73515625 0.09609375 0.3359375
0 0.2734375 0.734375 0.090625 0.325
0 0.31796875 0.7296875 0.090625 0.35625
0 0.46328125 0.74296875 0.04453125 0.2171875
0 0.553125 0.6515625 0.1546875 0.49140625
0 0.74921875 0.46640625 0.34453125 0.9328125
0 0.40546875 0.67734375 0.15546875 0.525
0 0.1234375 0.4171875 0.0234375 0.071875
0 0.01796875 0.35859375 0.0359375 0.0984375
0 0.1 0.3171875 0.01640625 0.02890625
0 0.2515625 0.23984375 0.00703125 0.01796875
0 0.2765625 0.20546875 0.01953125 0.0203125
0 0.27421875 0.1859375 0.01171875 0.01796875
0 0.23984375 0.20859375 0.00703125 0.01796875
0 0.28203125 0.22890625 0.01171875 0.03125
0 0.14609375 0.43828125 0.025 0.015625
0 0.23359375 0.44296875 0.04296875 0.0875
0 0.3390625 0.415625 0.01328125 0.015625
0 0.30234375 0.43515625 0.01484375 0.01328125
0 0.3671875 0.82734375 0.028125 0.08984375
0 0.40703125 0.83515625 0.01640625 0.13671875
0 0.44765625 0.8296875 0.021875 0.14765625
0 0.4203125 0.9609375 0.15 0.07421875
0 0.25078125 0.909375 0.228125 0.03359375
0 0.5671875 0.9171875 0.14375 0.05859375
0 0.49375 0.790625 0.03828125 0.11875
0 0.50078125 0.6625 0.01640625 0.13671875
0 0.59375 0.6421875 0.0296875 0.13671875
0 0.0046875 0.4671875 0.00859375 0.03359375
0 0.37421875 0.28671875 0.01796875 0.02265625