0 0.0921875 0.67578125 0.18359375 0.646875
0 0.24765625 0.82734375 0.175 0.34375
0 0.62890625 0.8046875 0.12265625 0.3890625
0 0.41953125 0.7765625 0.13359375 0.44453125
0 0.56953125 0.82734375 0.06015625 0.34375
0 0.53828125 0.77890625 0.0921875 0.440625
0 0.67109375 0.73046875 0.11484375 0.53671875
0 0.24609375 0.70078125 0.11640625 0.3546875
0 0.31953125 0.73828125 0.10859375 0.3046875
0 0.29296875 0.52578125 0.03671875 0.0859375
0 0.196875 0.59453125 0.0296875 0.20390625
0 0.18359375 0.64453125 0.0453125 0.2140625
0 0.46953125 0.79609375 0.04921875 0.40546875
0 0.50546875 0.6453125 0.02578125 0.07421875
0 0.49296875 0.5671875 0.02734375 0.04140625
0 0.48984375 0.63359375 0.04140625 0.1140625
0 0.515625 0.5734375 0.02578125 0.08125
0 0.575 0.56171875 0.02578125 0.0765625
0 0.5921875 0.60546875 0.0375 0.10078125
0 0.6046875 0.57421875 0.03203125 0.0765625
0 0.59765625 0.54296875 0.03203125 0.0984375
0 0.7390625 0.7671875 0.0953125 0.4640625
0 0.6921875 0.54921875 0.02890625 0.0734375
0 0.7953125 0.7421875 0.07734375 0.4359375
0 0.86875 0.79296875 0.14609375 0.41171875
0 0.9625 0.76796875 0.0671875 0.46328125
0 0.8984375 0.60078125 0.06015625 0.159375
0 0.92890625 0.590625 0.03828125 0.09296875
0 0.94296875 0.52109375 0.03515625 0.05859375
0 0.8625 0.5875 0.04296875 0.14140625
0 0.82734375 0.59375 0.03515625 0.121875
0 0.8078125 0.5265625 0.0234375 0.0484375
0 0.3078125 0.578125 0.0203125 0.053125
0 0.175 0.5015625 0.02734375 0.059375
0 0.22734375 0.54140625 0.04609375 0.07890625
0 0.471875 0.57578125 0.01796875 0.03046875
0 0.709375 0.5421875 0.01171875 0.096875
0 0.75078125 0.509375 0.07109375 0.0515625
0 0.75703125 0.5640625 0.02578125 0.059375
0 0.8265625 0.5015625 0.03046875 0.06015625
0 0.990625 0.5453125 0.0171875 0.05703125
0 0.32578125 0.47734375 0.028125 0.075