0 0.06796875 0.37890625 0.06484375 0.15703125
0 0.21015625 0.6734375 0.11953125 0.203125
0 0.26328125 0.49921875 0.2109375 0.909375
0 0.40625 0.678125 0.1671875 0.5171875
0 0.38359375 0.53203125 0.10625 0.4828125
0 0.45703125 0.45546875 0.0921875 0.4171875
0 0.3390625 0.39765625 0.06015625 0.1578125
0 0.58515625 0.5046875 0.25 0.875
0 0.76328125 0.66640625 0.18125 0.53359375
0 0.92109375 0.51484375 0.140625 0.62890625
0 0.85390625 0.5328125 0.109375 0.53984375
0 0.7484375 0.51875 0.15859375 0.6453125
0 0.68203125 0.5 0.06328125 0.478125
0 0.8125 0.29609375 0.075 0.1546875
0 0.92890625 0.47890625 0.109375 0.54765625
0 0.51796875 0.496875 0.06015625 0.43046875
0 0.40546875 0.346875 0.0203125 0.0546875
0 0.70390625 0.31953125 0.0140625 0.04375