0 0.04453125 0.6328125 0.0890625 0.384375
0 0.08125 0.690625 0.121875 0.403125
0 0.16015625 0.6203125 0.1203125 0.3625
0 0.19453125 0.58359375 0.05859375 0.24296875
0 0.2390625 0.6359375 0.08984375 0.30390625
0 0.25078125 0.68359375 0.05078125 0.209375
0 0.31796875 0.63515625 0.06171875 0.25234375
0 0.375 0.5734375 0.04296875 0.19140625
0 0.415625 0.58671875 0.04765625 0.22265625
0 0.459375 0.6578125 0.07578125 0.09921875
0 0.5 0.5796875 0.03671875 0.11953125
0 0.47734375 0.6296875 0.07265625 0.25
0 0.459375 0.596875 0.0296875 0.121875
0 0.54609375 0.59453125 0.04921875 0.21640625
0 0.56875 0.6421875 0.06015625 0.19375
0 0.6109375 0.615625 0.06484375 0.259375
0 0.65234375 0.62734375 0.07265625 0.26796875
0 0.67890625 0.61796875 0.04296875 0.19140625
0 0.721875 0.63046875 0.06484375 0.234375
0 0.75859375 0.621875 0.05078125 0.21171875
0 0.79375 0.696875 0.146875 0.2859375
0 0.790625 0.803125 0.08203125 0.19140625
0 0.878125 0.67421875 0.1296875 0.2453125
0 0.93125 0.70390625 0.06640625 0.26796875
0 0.97109375 0.71875 0.05390625 0.3109375
0 0.81171875 0.5671875 0.07421875 0.184375
0 0.70703125 0.57109375 0.03671875 0.128125
0 0.19296875 0.584375 0.05859375 0.2453125
0 0.35390625 0.5859375 0.0265625 0.1625
0 0.43671875 0.5359375 0.015625 0.09921875
0 0.0359375 0.61015625 0.071875 0.2953125
0 0.209375 0.59609375 0.05390625 0.21875
0 0.2859375 0.57890625 0.06015625 0.2390625
0 0.578125 0.61015625 0.04453125 0.225
0 0.0125 0.83125 0.025 0.08125
0 0.259375 0.49921875 0.1171875 0.07890625
0 0.3375 0.4890625 0.03828125 0.040625
0 0.39453125 0.50234375 0.07265625 0.06328125
0 0.4625 0.5046875 0.04140625 0.08125
0 0.5640625 0.503125 0.15859375 0.07890625
0 0.709375 0.5046875 0.134375 0.071875
0 0.88671875 0.509375 0.2234375 0.08984375
0 0.80234375 0.57734375 0.03359375 0.05625
0 0.84375 0.57109375 0.03359375 0.04296875
0 0.74765625 0.6609375 0.0203125 0.065625
0 0.7671875 0.5453125 0.01875 0.01328125
0 0.734375 0.54609375 0.01875 0.015625
0 0.68359375 0.58203125 0.009375 0.05625
0 0.90859375 0.65625 0.07734375 0.2046875
0 0.96953125 0.56875 0.04140625 0.03359375