0 0.01796875 0.80625 0.03515625 0.2375
0 0.06796875 0.72734375 0.02578125 0.05859375
0 0.09140625 0.77734375 0.0328125 0.10390625
0 0.11171875 0.778125 0.025 0.09765625
0 0.12109375 0.76953125 0.02109375 0.11015625
0 0.3765625 0.85078125 0.1375 0.29375
0 0.24609375 0.85546875 0.10703125 0.28515625
0 0.1828125 0.82421875 0.05859375 0.22265625
0 0.14375 0.803125 0.04375 0.18984375
0 0.40234375 0.76171875 0.0203125 0.06015625
0 0.4140625 0.759375 0.01328125 0.05234375
0 0.4234375 0.7625 0.01171875 0.05390625
0 0.484375 0.75703125 0.0140625 0.05625
0 0.58359375 0.775 0.03046875 0.1375
0 0.62734375 0.75 0.01796875 0.07109375
0 0.77109375 0.815625 0.0515625 0.27265625
0 0.8078125 0.82421875 0.04921875 0.25625
0 0.790625 0.74140625 0.025 0.08359375
0 0.9890625 0.740625 0.0203125 0.10234375
0 0.934375 0.746875 0.01875 0.11015625
0 0.92109375 0.75546875 0.02265625 0.08515625
0 0.90859375 0.75 0.0375 0.1
0 0.04140625 0.76640625 0.04140625 0.14140625
0 0.08125 0.7625 0.01796875 0.1
0 0.1046875 0.753125 0.009375 0.06015625
0 0.13828125 0.7375 0.0203125 0.06640625
0 0.16171875 0.753125 0.02265625 0.08125
0 0.20625 0.759375 0.015625 0.05625
0 0.25390625 0.75703125 0.0140625 0.08125
0 0.275 0.51484375 0.05625 0.13359375
0 0.35703125 0.571875 0.0421875 0.10234375
0 0.303125 0.75625 0.0609375 0.075
0 0.4609375 0.76015625 0.01796875 0.05859375
0 0.53671875 0.75625 0.01796875 0.05859375
0 0.63203125 0.725 0.00859375 0.02109375
0 0.69609375 0.74453125 0.1125 0.06875
0 0.85703125 0.73359375 0.08828125 0.09609375
0 0.9140625 0.71015625 0.02734375 0.0375
0 0.95390625 0.73203125 0.0421875 0.11875
0 0.99453125 0.69140625 0.00859375 0.05390625