0 0.73515625 0.58984375 0.178125 0.6796875
0 0.60703125 0.45625 0.09296875 0.359375
0 0.56171875 0.37578125 0.05859375 0.14609375
0 0.50078125 0.62265625 0.14765625 0.61953125
0 0.44453125 0.52109375 0.08515625 0.48984375
0 0.40390625 0.4890625 0.09453125 0.49296875
0 0.30625 0.5078125 0.115625 0.46015625
0 0.2671875 0.49921875 0.0609375 0.41640625
0 0.3421875 0.4046875 0.06953125 0.35703125
0 0.17109375 0.48984375 0.115625 0.46484375
0 0.11796875 0.4640625 0.08515625 0.46953125
0 0.07890625 0.35078125 0.04765625 0.2046875
0 0.9546875 0.4 0.0875 0.19765625
0 0.49140625 0.30703125 0.0359375 0.0671875
0 0.1 0.25859375 0.0328125 0.0875
0 0.02734375 0.32421875 0.05078125 0.1796875