0 0.3359375 0.575 0.0203125 0.07890625
0 0.35234375 0.56171875 0.01171875 0.06484375
0 0.36171875 0.56875 0.015625 0.0625
0 0.37421875 0.57109375 0.01640625 0.0625
0 0.3453125 0.56875 0.00859375 0.05390625
0 0.38828125 0.63046875 0.02109375 0.08515625
0 0.4203125 0.57734375 0.0140625 0.07109375
0 0.43046875 0.58359375 0.015625 0.0625
0 0.4296875 0.63671875 0.01171875 0.08984375
0 0.4453125 0.57890625 0.01328125 0.05
0 0.44765625 0.49453125 0.0109375 0.03125
0 0.45625 0.50625 0.0109375 0.04609375
0 0.46875 0.50234375 0.01328125 0.05
0 0.4515625 0.615625 0.01875 0.08515625
0 0.4640625 0.63828125 0.01796875 0.09375
0 0.4703125 0.60703125 0.01640625 0.07734375
0 0.475 0.578125 0.0109375 0.06875
0 0.48671875 0.50546875 0.01171875 0.05234375
0 0.49609375 0.49609375 0.00859375 0.025
0 0.49609375 0.51015625 0.00859375 0.04140625
0 0.4890625 0.58515625 0.0203125 0.075
0 0.5171875 0.50859375 0.0109375 0.05
0 0.5296875 0.521875 0.01171875 0.02265625
0 0.5421875 0.49375 0.01171875 0.025
0 0.54921875 0.49609375 0.01171875 0.0375
0 0.50234375 0.60234375 0.01875 0.07890625
0 0.50546875 0.60625 0.01328125 0.07890625
0 0.52421875 0.59296875 0.0203125 0.07265625
0 0.5109375 0.64296875 0.01328125 0.04765625
0 0.5265625 0.62734375 0.0203125 0.08359375
0 0.5359375 0.61640625 0.01796875 0.0625
0 0.54609375 0.65078125 0.025 0.11015625
0 0.553125 0.65390625 0.0140625 0.09609375
0 0.5578125 0.61171875 0.01640625 0.04765625
0 0.56484375 0.60078125 0.02265625 0.08984375
0 0.5671875 0.64921875 0.01796875 0.09375
0 0.59296875 0.5875 0.015625 0.05
0 0.5875 0.653125 0.025 0.09375
0 0.6171875 0.65390625 0.0234375 0.10390625
0 0.62109375 0.60859375 0.01328125 0.07890625
0 0.63359375 0.62421875 0.0203125 0.07265625
0 0.640625 0.671875 0.02265625 0.09375
0 0.64765625 0.603125 0.0140625 0.07265625
0 0.65 0.61328125 0.01875 0.08125
0 0.6578125 0.61171875 0.01328125 0.07734375
0 0.7484375 0.621875 0.028125 0.08984375
0 0.62265625 0.43359375 0.0109375 0.02890625
0 0.63828125 0.43359375 0.01171875 0.0375