0 0.07109375 0.68359375 0.1421875 0.62890625
0 0.08203125 0.66171875 0.0328125 0.21015625
0 0.21796875 0.63125 0.0296875 0.04609375
0 0.24296875 0.65390625 0.0234375 0.11640625
0 0.26015625 0.625 0.02265625 0.09609375
0 0.26875 0.65390625 0.02578125 0.12109375
0 0.29765625 0.65390625 0.0390625 0.15390625
0 0.3109375 0.64609375 0.01875 0.11640625
0 0.3140625 0.57578125 0.01328125 0.02734375
0 0.33828125 0.7125 0.0515625 0.28359375
0 0.35703125 0.64453125 0.0203125 0.11484375
0 0.38671875 0.690625 0.05546875 0.32734375
0 0.41015625 0.64140625 0.0203125 0.1
0 0.4234375 0.64140625 0.02734375 0.125
0 0.45859375 0.6375 0.025 0.125
0 0.47109375 0.64609375 0.01328125 0.0625
0 0.509375 0.71484375 0.07734375 0.30859375
0 0.53828125 0.64765625 0.025 0.15
0 0.55625 0.61953125 0.02109375 0.06875
0 0.5703125 0.690625 0.046875 0.20625
0 0.58359375 0.646875 0.02109375 0.11015625
0 0.60390625 0.64296875 0.025 0.11015625
0 0.62890625 0.66484375 0.02734375 0.15390625
0 0.64765625 0.675 0.04453125 0.24609375
0 0.6640625 0.67578125 0.0140625 0.19375
0 0.66640625 0.59609375 0.01796875 0.05
0 0.6828125 0.65703125 0.02578125 0.20234375
0 0.6859375 0.72578125 0.0390625 0.32734375
0 0.7015625 0.57734375 0.01640625 0.03359375
0 0.7203125 0.73125 0.10234375 0.40390625
0 0.76171875 0.6 0.03515625 0.0875
0 0.76953125 0.57734375 0.02734375 0.0875
0 0.7859375 0.75078125 0.05078125 0.36015625
0 0.81484375 0.59296875 0.02734375 0.07734375
0 0.859375 0.740625 0.15 0.51484375
0 0.44140625 0.63984375 0.0234375 0.08359375
0 0.49921875 0.596875 0.015625 0.03515625