0 0.0359375 0.9546875 0.07109375 0.0875
0 0.17734375 0.86328125 0.075 0.27109375
0 0.278125 0.8734375 0.0859375 0.25078125
0 0.3921875 0.8859375 0.0796875 0.225
0 0.47109375 0.89375 0.07734375 0.209375
0 0.43203125 0.8046875 0.06875 0.28828125
0 0.30546875 0.80078125 0.0859375 0.2609375
0 0.359375 0.78359375 0.0734375 0.31484375
0 0.2125 0.83203125 0.0640625 0.32109375
0 0.16875 0.74296875 0.0703125 0.17890625
0 0.09921875 0.77734375 0.09296875 0.33125
0 0.09921875 0.6359375 0.0625 0.16875
0 0.0359375 0.69375 0.07109375 0.29765625
0 0.23359375 0.69140625 0.06875 0.296875
0 0.33046875 0.64921875 0.05703125 0.1515625
0 0.43125 0.665625 0.06796875 0.153125
0 0.57734375 0.85 0.090625 0.296875
0 0.70390625 0.68671875 0.06875 0.23671875
0 0.6125 0.66953125 0.0828125 0.2796875
0 0.5203125 0.6078125 0.06875 0.26484375
0 0.62578125 0.61171875 0.0703125 0.29765625
0 0.56875 0.60859375 0.05390625 0.2546875
0 0.48671875 0.5671875 0.04375 0.16640625
0 0.38203125 0.55625 0.0625 0.228125
0 0.33984375 0.5390625 0.0390625 0.11328125
0 0.27890625 0.55234375 0.05546875 0.21953125
0 0.23125 0.53203125 0.06015625 0.1421875
0 0.13046875 0.55859375 0.059375 0.24375
0 0.18984375 0.48984375 0.06015625 0.2375
0 0.36640625 0.5359375 0.0359375 0.19765625
0 0.3453125 0.43046875 0.0640625 0.14765625
0 0.490625 0.45078125 0.053125 0.14765625
0 0.4578125 0.4421875 0.06640625 0.2046875
0 0.53359375 0.48828125 0.046875 0.1234375
0 0.5640625 0.44453125 0.05390625 0.153125
0 0.6125 0.478125 0.034375 0.05859375
0 0.6171875 0.45859375 0.04921875 0.1
0 0.62890625 0.4140625 0.03046875 0.06328125
0 0.6515625 0.49296875 0.04765625 0.21171875
0 0.68359375 0.5265625 0.0640625 0.20234375
0 0.73359375 0.5265625 0.04765625 0.19921875
0 0.77734375 0.4640625 0.06484375 0.21171875
0 0.7109375 0.41875 0.046875 0.1046875
0 0.83359375 0.4484375 0.059375 0.23515625
0 0.8625 0.38359375 0.046875 0.16640625
0 0.7859375 0.3484375 0.05078125 0.0890625
0 0.83125 0.31484375 0.0484375 0.1015625
0 0.81796875 0.296875 0.034375 0.10859375
0 0.77734375 0.31015625 0.03984375 0.09609375
0 0.79453125 0.29921875 0.02734375 0.1
0 0.759375 0.30625 0.0390625 0.1890625
0 0.7765625 0.2390625 0.025 0.0546875
0 0.73125 0.3203125 0.0515625 0.19375
0 0.68984375 0.35078125 0.04921875 0.1578125
0 0.68984375 0.28828125 0.04296875 0.1
0 0.646875 0.32890625 0.0515625 0.19921875
0 0.66015625 0.340625 0.03203125 0.16015625
0 0.66875 0.31796875 0.0234375 0.16875
0 0.559375 0.3375 0.0421875 0.1390625
0 0.51484375 0.359375 0.04453125 0.16875
0 0.5921875 0.34296875 0.04765625 0.18515625
0 0.61171875 0.33203125 0.03203125 0.1734375
0 0.5203125 0.30625 0.0421875 0.1734375
0 0.46015625 0.29453125 0.046875 0.153125
0 0.42734375 0.2921875 0.04453125 0.171875
0 0.3640625 0.30078125 0.046875 0.175
0 0.490625 0.2296875 0.0375 0.15625
0 0.484375 0.203125 0.025 0.05703125
0 0.54453125 0.1921875 0.04296875 0.09140625
0 0.58125 0.25234375 0.03203125 0.09453125
0 0.61015625 0.24765625 0.04609375 0.07734375
0 0.63203125 0.259375 0.02265625 0.09453125
0 0.61015625 0.2140625 0.03515625 0.05
0 0.675 0.23984375 0.0296875 0.04765625
0 0.65625 0.2265625 0.034375 0.07734375
0 0.73125 0.21953125 0.04609375 0.0890625
0 0.74921875 0.21484375 0.0203125 0.065625
0 0.796875 0.23671875 0.0375 0.0859375
0 0.77734375 0.209375 0.03046875 0.071875
0 0.8015625 0.20703125 0.02734375 0.06171875
0 0.846875 0.21875 0.04453125 0.0671875
0 0.8578125 0.19296875 0.01875 0.03046875
0 0.86796875 0.22109375 0.03125 0.1359375
0 0.82421875 0.2078125 0.0390625 0.11171875
0 0.8484375 0.16953125 0.02890625 0.06171875
0 0.83671875 0.15859375 0.01640625 0.0390625
0 0.8140625 0.15390625 0.03515625 0.0671875
0 0.77109375 0.1765625 0.04765625 0.0828125
0 0.7921875 0.16171875 0.01875 0.0484375
0 0.81015625 0.11171875 0.02890625 0.071875
0 0.775 0.1421875 0.0234375 0.03125
0 0.72109375 0.1890625 0.03359375 0.09765625
0 0.6796875 0.19375 0.0375 0.0875
0 0.69296875 0.19765625 0.02734375 0.12890625
0 0.73046875 0.1546875 0.04609375 0.09140625
0 0.75078125 0.1625 0.025 0.09609375
0 0.75703125 0.13984375 0.02109375 0.0390625
0 0.71015625 0.1765625 0.03046875 0.153125
0 0.71875 0.0734375 0.03203125 0.07734375
0 0.7359375 0.0703125 0.02578125 0.0375
0 0.68359375 0.14296875 0.0375 0.07734375
0 0.696875 0.125 0.02265625 0.071875
0 0.6828125 0.10234375 0.025 0.053125
0 0.6828125 0.07421875 0.025 0.06328125
0 0.63515625 0.19453125 0.034375 0.09140625
0 0.62578125 0.1796875 0.025 0.07890625
0 0.64765625 0.17109375 0.02890625 0.090625
0 0.65078125 0.14140625 0.02890625 0.05
0 0.66328125 0.15 0.0234375 0.0703125
0 0.66015625 0.11328125 0.025 0.04296875
0 0.64921875 0.08984375 0.03125 0.09609375
0 0.60546875 0.146875 0.034375 0.06484375
0 0.5734375 0.20234375 0.0375 0.13359375
0 0.615625 0.13046875 0.03515625 0.06328125
0 0.62734375 0.11796875 0.0203125 0.05859375
0 0.625 0.0484375 0.021875 0.0375
0 0.6234375 0.0640625 0.021875 0.06171875
0 0.6265625 0.0265625 0.021875 0.053125
0 0.603125 0.02734375 0.0296875 0.0546875
0 0.59296875 0.08828125 0.0359375 0.1046875
0 0.5921875 0.04609375 0.03125 0.04609375
0 0.578125 0.128125 0.034375 0.06484375
0 0.5703125 0.1140625 0.02265625 0.05
0 0.55546875 0.1484375 0.021875 0.05625
0 0.55703125 0.1125 0.0234375 0.053125
0 0.51171875 0.16875 0.04296875 0.140625
0 0.53046875 0.13515625 0.0265625 0.084375
0 0.5453125 0.10078125 0.0234375 0.09921875
0 0.5625 0.0796875 0.025 0.0703125
0 0.45859375 0.159375 0.04453125 0.14921875
0 0.47890625 0.18828125 0.0234375 0.09296875
0 0.4875 0.14140625 0.02578125 0.07890625
0 0.5015625 0.1125 0.02265625 0.05
0 0.51796875 0.06796875 0.0265625 0.05625
0 0.5328125 0.071875 0.0234375 0.09140625
0 0.5484375 0.040625 0.0234375 0.0390625
0 0.4921875 0.0734375 0.0296875 0.0875
0 0.5140625 0.046875 0.0265625 0.053125
0 0.53203125 0.02578125 0.021875 0.0515625
0 0.4109375 0.125 0.04453125 0.1203125
0 0.45390625 0.06015625 0.02734375 0.10625
0 0.48125 0.05625 0.02578125 0.103125
0 0.503125 0.0390625 0.02578125 0.0734375
0 0.46953125 0.05390625 0.02265625 0.1078125
0 0.39140625 0.0828125 0.02890625 0.1203125
0 0.38203125 0.07578125 0.02265625 0.1234375
0 0.41484375 0.04375 0.03359375 0.0875
0 0.43203125 0.0734375 0.01875 0.11484375
0 0.40234375 0.021875 0.021875 0.04296875
0 0.109375 0.64375 0.065625 0.11875
0 0.10703125 0.478125 0.059375 0.25390625
0 0.50390625 0.9828125 0.03359375 0.03125
0 0.4140625 0.984375 0.03203125 0.02890625
0 0.315625 0.978125 0.04765625 0.03984375
0 0.0421875 0.9734375 0.04296875 0.05
0 0.72109375 0.115625 0.009375 0.02421875
0 0.70625 0.11875 0.01015625 0.02265625
0 0.51640625 0.10546875 0.01171875 0.03046875
0 0.4921875 0.0125 0.01328125 0.02421875
0 0.45390625 0.01640625 0.02578125 0.0328125
0 0.22890625 0.02421875 0.0546875 0.0484375
0 0.34921875 0.0328125 0.0265625 0.065625
0 0.3796875 0.02890625 0.02265625 0.05703125