0 0.76953125 0.6578125 0.140625 0.2390625
0 0.64375 0.66015625 0.16328125 0.2578125
0 0.5859375 0.65390625 0.13203125 0.1484375
0 0.5015625 0.6578125 0.1515625 0.2578125
0 0.659375 0.42265625 0.02109375 0.06953125
0 0.64453125 0.4203125 0.0296875 0.06953125
0 0.63125 0.5046875 0.07265625 0.090625
0 0.575 0.5234375 0.0609375 0.1
0 0.5390625 0.49296875 0.0453125 0.0765625
0 0.56015625 0.4828125 0.028125 0.05078125
0 0.59921875 0.4828125 0.03671875 0.08828125
0 0.50859375 0.4875 0.03671875 0.06953125
0 0.46171875 0.48984375 0.0640625 0.06953125
0 0.3828125 0.5046875 0.09375 0.090625
0 0.31015625 0.521875 0.0609375 0.05546875
0 0.3296875 0.46953125 0.0328125 0.04375
0 0.6171875 0.4625 0.1046875 0.053125
0 0.4984375 0.4515625 0.1234375 0.090625
0 0.38515625 0.4453125 0.0921875 0.08828125
0 0.753125 0.42265625 0.0484375 0.10703125
0 0.03203125 0.4265625 0.0640625 0.06953125
0 0.25703125 0.4609375 0.1109375 0.071875
0 0.14140625 0.42578125 0.0125 0.03515625