0 0.14296875 0.7609375 0.2859375 0.475
0 0.08515625 0.553125 0.1703125 0.3671875
0 0.2234375 0.609375 0.2140625 0.61171875
0 0.28671875 0.6609375 0.12421875 0.509375
0 0.36328125 0.65703125 0.084375 0.31875
0 0.453125 0.77890625 0.23828125 0.43984375
0 0.65 0.790625 0.18046875 0.41640625
0 0.78984375 0.67421875 0.19453125 0.6484375
0 0.93671875 0.63125 0.125 0.7359375
0 0.8796875 0.6078125 0.115625 0.6015625
0 0.77109375 0.3875 0.14140625 0.1546875
0 0.65703125 0.55390625 0.12890625 0.3375
0 0.5375 0.61640625 0.1171875 0.44140625
0 0.5484375 0.42578125 0.10234375 0.21875
0 0.440625 0.50625 0.11796875 0.33046875
0 0.4625 0.365625 0.09765625 0.1390625
0 0.384375 0.3515625 0.096875 0.16640625