0 0.09921875 0.628125 0.07890625 0.33984375
0 0.23203125 0.61875 0.03203125 0.17890625
0 0.26015625 0.61875 0.03671875 0.175
0 0.29375 0.62421875 0.03515625 0.16015625
0 0.42578125 0.62265625 0.0421875 0.17890625
0 0.353125 0.628125 0.028125 0.17265625
0 0.3453125 0.63203125 0.028125 0.16875
0 0.384375 0.62890625 0.034375 0.12109375
0 0.5625 0.63046875 0.0390625 0.17734375
0 0.53671875 0.62265625 0.0375 0.17109375
0 0.58125 0.62265625 0.03515625 0.175
0 0.61875 0.61796875 0.03515625 0.17734375
0 0.634375 0.62734375 0.02734375 0.1625
0 0.665625 0.61640625 0.0375 0.16640625
0 0.71171875 0.61484375 0.0390625 0.16640625
0 0.753125 0.5875 0.04140625 0.15390625
0 0.21015625 0.57734375 0.028125 0.075
0 0.3203125 0.6125 0.028125 0.15
0 0.3828125 0.55 0.04453125 0.04609375
0 0.3734375 0.62578125 0.02109375 0.11015625
0 0.45078125 0.62421875 0.0234375 0.06484375
0 0.69140625 0.61484375 0.01875 0.15390625
0 0.7078125 0.54453125 0.01640625 0.04375
0 0.8875 0.525 0.22265625 0.86640625