0 0.92890625 0.715625 0.09453125 0.36875
0 0.65703125 0.65234375 0.03984375 0.1359375
0 0.5515625 0.66875 0.08203125 0.3
0 0.49296875 0.596875 0.05625 0.2
0 0.52578125 0.5640625 0.025 0.071875
0 0.51640625 0.53828125 0.01640625 0.0234375
0 0.475 0.525 0.01875 0.040625
0 0.42421875 0.59765625 0.05234375 0.1984375
0 0.36328125 0.5859375 0.05234375 0.21875
0 0.3421875 0.57109375 0.02578125 0.1640625
0 0.31015625 0.54140625 0.03046875 0.1109375
0 0.28671875 0.54765625 0.02734375 0.1265625
0 0.240625 0.6578125 0.09765625 0.325
0 0.17578125 0.5796875 0.03046875 0.14375
0 0.21171875 0.53203125 0.02890625 0.1296875
0 0.1515625 0.565625 0.04296875 0.16875
0 0.0734375 0.5703125 0.06328125 0.10625
0 0.09140625 0.5578125 0.02578125 0.0625
0 0.04375 0.565625 0.01875 0.05
0 0.08828125 0.51328125 0.02265625 0.0578125
0 0.13125 0.503125 0.03515625 0.05625
0 0.040625 0.49453125 0.01875 0.0265625
0 0.06328125 0.515625 0.01171875 0.028125
0 0.19609375 0.56015625 0.01484375 0.0765625
0 0.23203125 0.53046875 0.021875 0.1078125
0 0.26328125 0.50078125 0.04609375 0.0609375
0 0.31171875 0.48046875 0.05 0.0296875
0 0.409375 0.4859375 0.14765625 0.04375
0 0.32421875 0.515625 0.01640625 0.04375
0 0.38828125 0.57265625 0.03515625 0.1328125
0 0.4578125 0.53125 0.05078125 0.05
0 0.4140625 0.52421875 0.01796875 0.0359375
0 0.88203125 0.8453125 0.13671875 0.165625
0 0.0875 0.4875 0.01875 0.03125
0 0.16484375 0.5078125 0.01953125 0.0625