0 0.93828125 0.6359375 0.0765625 0.725
0 0.8375 0.63046875 0.1875 0.73828125
0 0.94375 0.38984375 0.0703125 0.2484375
0 0.79921875 0.5203125 0.109375 0.52734375
0 0.7203125 0.61328125 0.13046875 0.5921875
0 0.68046875 0.6390625 0.09921875 0.625
0 0.571875 0.6234375 0.134375 0.62421875
0 0.55625 0.3671875 0.1109375 0.15078125
0 0.46875 0.69296875 0.13671875 0.56015625
0 0.48515625 0.425 0.08125 0.18046875
0 0.33046875 0.68984375 0.18125 0.609375
0 0.35625 0.43046875 0.1234375 0.21328125
0 0.36171875 0.35546875 0.1015625 0.1671875
0 0.209375 0.6296875 0.12890625 0.565625
0 0.27421875 0.578125 0.07265625 0.57265625
0 0.2265625 0.3265625 0.0578125 0.08359375
0 0.1734375 0.58671875 0.06015625 0.56328125
0 0.11640625 0.628125 0.11484375 0.584375
0 0.05 0.62109375 0.09765625 0.57265625
0 0.02109375 0.57578125 0.04140625 0.48828125
0 0.20625 0.22890625 0.0890625 0.17265625
0 0.83828125 0.940625 0.1 0.11796875