0 0.0609375 0.646875 0.08828125 0.40625
0 0.05859375 0.6609375 0.08046875 0.39375
0 0.12109375 0.64296875 0.06171875 0.41796875
0 0.1578125 0.6328125 0.03828125 0.421875
0 0.16171875 0.640625 0.05546875 0.39375
0 0.21171875 0.640625 0.06796875 0.38984375
0 0.25390625 0.65 0.05 0.384375
0 0.28515625 0.54375 0.03828125 0.15234375
0 0.29140625 0.68125 0.07265625 0.31796875
0 0.31328125 0.515625 0.0375 0.1078125
0 0.33359375 0.67265625 0.05859375 0.321875
0 0.36015625 0.52890625 0.01953125 0.07421875
0 0.37265625 0.5046875 0.03671875 0.1140625
0 0.37421875 0.6703125 0.065625 0.3203125
0 0.40546875 0.50234375 0.03515625 0.1
0 0.41953125 0.65625 0.05078125 0.328125
0 0.43359375 0.48828125 0.021875 0.07578125
0 0.44765625 0.640625 0.05 0.33828125
0 0.47421875 0.63203125 0.05546875 0.34375
0 0.44765625 0.459375 0.01640625 0.05
0 0.49921875 0.63671875 0.028125 0.31796875
0 0.48984375 0.48203125 0.02109375 0.04375
0 0.5046875 0.50234375 0.01796875 0.0640625
0 0.51640625 0.64921875 0.040625 0.3140625
0 0.5328125 0.52890625 0.03046875 0.09765625
0 0.55234375 0.64765625 0.05859375 0.328125
0 0.5421875 0.48515625 0.02421875 0.08984375
0 0.55703125 0.49296875 0.03515625 0.08984375
0 0.578125 0.640625 0.025 0.30625
0 0.60234375 0.64296875 0.03828125 0.32578125
0 0.615625 0.5203125 0.03125 0.15625
0 0.63046875 0.671875 0.046875 0.26796875
0 0.6359375 0.540625 0.04296875 0.1140625
0 0.65625 0.496875 0.02265625 0.09375
0 0.67109375 0.6359375 0.04140625 0.33984375
0 0.684375 0.646875 0.06015625 0.334375
0 0.69375 0.50234375 0.03515625 0.1
0 0.72421875 0.63984375 0.05703125 0.34765625
0 0.73515625 0.61328125 0.04375 0.3578125
0 0.75390625 0.47578125 0.03046875 0.08828125
0 0.78359375 0.628125 0.075 0.37578125
0 0.82578125 0.64765625 0.078125 0.36015625
0 0.83671875 0.621875 0.04375 0.3796875
0 0.87421875 0.63515625 0.08046875 0.41796875
0 0.89609375 0.65078125 0.03046875 0.36171875
0 0.934375 0.6546875 0.06484375 0.33828125
0 0.8046875 0.63828125 0.03671875 0.3359375
0 0.61328125 0.4296875 0.02421875 0.08828125
0 0.51484375 0.45625 0.01640625 0.06015625
0 0.48828125 0.4328125 0.015625 0.04609375
0 0.48046875 0.4609375 0.01328125 0.078125
0 0.384375 0.47890625 0.01640625 0.0421875
0 0.35859375 0.4609375 0.02265625 0.0578125
0 0.60546875 0.4828125 0.01171875 0.034375
0 0.68828125 0.45 0.01875 0.028125
0 0.740625 0.48125 0.01640625 0.02578125
0 0.56328125 0.4546875 0.028125 0.0578125
0 0.49921875 0.44921875 0.009375 0.0421875