0 0.04140625 0.59296875 0.03359375 0.0890625
0 0.06640625 0.56171875 0.028125 0.04296875
0 0.07578125 0.728125 0.11171875 0.35390625
0 0.10546875 0.69609375 0.06953125 0.35
0 0.16953125 0.67421875 0.078125 0.3625
0 0.21484375 0.55390625 0.03203125 0.06640625
0 0.228125 0.69296875 0.07734375 0.30859375
0 0.28203125 0.62734375 0.071875 0.19296875
0 0.2671875 0.55546875 0.03046875 0.071875
0 0.30234375 0.7703125 0.1125 0.26796875
0 0.3375 0.66484375 0.07265625 0.29296875
0 0.30703125 0.54609375 0.02421875 0.078125
0 0.36875 0.65703125 0.05 0.30859375
0 0.39921875 0.70078125 0.07421875 0.32109375
0 0.45078125 0.753125 0.10078125 0.27890625
0 0.54609375 0.7859375 0.10390625 0.26953125
0 0.471875 0.67265625 0.075 0.240625
0 0.42890625 0.5515625 0.04453125 0.09140625
0 0.46640625 0.56796875 0.04609375 0.071875
0 0.49609375 0.56171875 0.03203125 0.06796875
0 0.52265625 0.671875 0.06796875 0.246875
0 0.5453125 0.565625 0.03828125 0.059375
0 0.5859375 0.6453125 0.07578125 0.2015625
0 0.63515625 0.64921875 0.07734375 0.16796875
0 0.60078125 0.5640625 0.03203125 0.0890625
0 0.62265625 0.7875 0.09453125 0.2640625
0 0.709375 0.80078125 0.1 0.28203125
0 0.81015625 0.8203125 0.12890625 0.33203125
0 0.9203125 0.8359375 0.11171875 0.325
0 0.6375 0.559375 0.03125 0.071875
0 0.66015625 0.59453125 0.0375 0.1
0 0.7046875 0.5640625 0.06796875 0.071875
0 0.7015625 0.634375 0.065625 0.18203125
0 0.7640625 0.73359375 0.071875 0.353125
0 0.809375 0.64296875 0.06640625 0.15859375
0 0.83046875 0.60703125 0.01796875 0.05859375
0 0.84453125 0.6140625 0.028125 0.08359375
0 0.86640625 0.6171875 0.025 0.0765625
0 0.96796875 0.74453125 0.0625 0.0890625
0 0.934375 0.634375 0.05 0.14609375
0 0.98203125 0.634375 0.03359375 0.1234375
0 0.9703125 0.6015625 0.01796875 0.03359375
0 0.9484375 0.61171875 0.01953125 0.0515625
0 0.0078125 0.609375 0.015625 0.11796875
0 0.025 0.54921875 0.01484375 0.02109375
0 0.0875 0.5515625 0.025 0.021875
0 0.14296875 0.55625 0.02265625 0.03203125
0 0.77578125 0.584375 0.01875 0.0375
0 0.56328125 0.57578125 0.01484375 0.034375
0 0.44453125 0.5515625 0.02421875 0.04453125
0 0.16328125 0.53203125 0.01875 0.03046875
0 0.98671875 0.678125 0.02421875 0.10703125