0 0.803125 0.6640625 0.25 0.6671875
0 0.62734375 0.6890625 0.2046875 0.6171875
0 0.915625 0.6484375 0.165625 0.6984375
0 0.7078125 0.4265625 0.121875 0.26796875
0 0.55625 0.675 0.1125 0.64609375
0 0.521875 0.43203125 0.040625 0.0984375
0 0.45078125 0.66953125 0.1578125 0.65703125
0 0.3140625 0.6890625 0.15625 0.6171875
0 0.3765625 0.67890625 0.090625 0.575
0 0.33046875 0.42578125 0.0859375 0.13984375
0 0.1875 0.6953125 0.15 0.6046875
0 0.25234375 0.66015625 0.0796875 0.5546875
0 0.08515625 0.65234375 0.1703125 0.678125