0 0.0328125 0.47890625 0.065625 0.51640625
0 0.1265625 0.609375 0.23359375 0.77734375
0 0.25390625 0.515625 0.10859375 0.61015625
0 0.2875 0.54453125 0.16640625 0.74765625
0 0.38359375 0.59140625 0.20546875 0.76640625
0 0.47265625 0.56796875 0.08203125 0.62265625
0 0.57265625 0.55546875 0.18203125 0.75625
0 0.72890625 0.559375 0.21953125 0.79375
0 0.8578125 0.52421875 0.1515625 0.66875
0 0.94453125 0.4375 0.10859375 0.73359375
0 0.95625 0.55234375 0.084375 0.70390625
0 0.92890625 0.45390625 0.08046875 0.5
0 0.64375 0.4875 0.059375 0.60859375
0 0.73046875 0.20703125 0.18359375 0.21875
0 0.4421875 0.25625 0.05703125 0.1
0 0.13828125 0.54609375 0.15703125 0.70390625
0 0.0109375 0.5375 0.021875 0.23359375
0 0.10234375 0.290625 0.115625 0.23515625
0 0.346875 0.28984375 0.1 0.1
0 0.5203125 0.28046875 0.0875 0.11015625
0 0.78046875 0.24609375 0.09140625 0.1
0 0.890625 0.259375 0.05703125 0.17734375
0 0.9765625 0.26640625 0.04453125 0.09609375
0 0.58125 0.68515625 0.01796875 0.0625
0 0.515625 0.621875 0.0359375 0.09765625
0 0.39140625 0.203125 0.03046875 0.04375
0 0.640625 0.61796875 0.0234375 0.05625