0 0.01171875 0.35078125 0.0234375 0.1453125
0 0.04140625 0.36171875 0.02265625 0.12265625
0 0.05234375 0.36328125 0.0296875 0.13515625
0 0.0640625 0.3625 0.03203125 0.12890625
0 0.0875 0.371875 0.01796875 0.11484375
0 0.10625 0.35625 0.03671875 0.10859375
0 0.15234375 0.36484375 0.034375 0.1375
0 0.03203125 0.36171875 0.034375 0.13515625
0 0.19375 0.33984375 0.02109375 0.07890625
0 0.171875 0.375 0.0109375 0.09140625
0 0.18125 0.37578125 0.01796875 0.09375
0 0.21484375 0.38125 0.01875 0.08359375
0 0.21171875 0.365625 0.015625 0.07734375
0 0.25625 0.38984375 0.02109375 0.1125
0 0.27890625 0.39296875 0.0203125 0.11484375
0 0.23515625 0.35078125 0.0203125 0.03515625
0 0.2953125 0.39765625 0.02265625 0.10859375
0 0.3109375 0.39765625 0.02109375 0.10859375
0 0.390625 0.4125 0.03203125 0.1
0 0.42109375 0.4125 0.01875 0.10390625
0 0.44921875 0.39375 0.02734375 0.0375
0 0.340625 0.39921875 0.01875 0.08515625
0 0.325 0.390625 0.0234375 0.11484375
0 0.36953125 0.40390625 0.01875 0.09609375
0 0.5359375 0.425 0.02265625 0.09140625
0 0.56015625 0.43125 0.01640625 0.07890625
0 0.5765625 0.465625 0.0203125 0.08984375
0 0.5703125 0.48515625 0.028125 0.05390625
0 0.571875 0.41875 0.0140625 0.03359375
0 0.60234375 0.46953125 0.0203125 0.06484375
0 0.61875 0.48671875 0.0203125 0.09765625
0 0.63046875 0.490625 0.0234375 0.10625
0 0.6453125 0.49296875 0.02734375 0.10625
0 0.6546875 0.509375 0.028125 0.12734375
0 0.675 0.46171875 0.02109375 0.04765625
0 0.66953125 0.41796875 0.01796875 0.08125
0 0.62890625 0.44375 0.0203125 0.07109375
0 0.69609375 0.49375 0.01875 0.09140625
0 0.70078125 0.5 0.01171875 0.07890625
0 0.70859375 0.50625 0.02109375 0.08359375
0 0.7171875 0.52109375 0.028125 0.1375
0 0.74921875 0.496875 0.02265625 0.10625
0 0.7609375 0.49921875 0.0203125 0.10625
0 0.79375 0.48046875 0.0140625 0.07265625
0 0.81796875 0.484375 0.0140625 0.06875
0 0.82890625 0.49609375 0.01796875 0.075
0 0.85546875 0.5 0.01640625 0.08359375
0 0.8640625 0.48828125 0.01640625 0.07265625
0 0.95546875 0.53671875 0.028125 0.11875
0 0.91015625 0.5375 0.02734375 0.11640625
0 0.8828125 0.51328125 0.0328125 0.08125
0 0.9796875 0.64296875 0.0390625 0.26875
0 0.984375 0.54140625 0.028125 0.13359375
0 0.81015625 0.653125 0.053125 0.26015625
0 0.675 0.54765625 0.03984375 0.15
0 0.590625 0.596875 0.05625 0.21484375
0 0.5 0.56484375 0.05625 0.24140625
0 0.31796875 0.58671875 0.05390625 0.26484375
0 0.02890625 0.35859375 0.02265625 0.12109375
0 0.11484375 0.35546875 0.01640625 0.09765625
0 0.12734375 0.33125 0.01796875 0.0375
0 0.06953125 0.31015625 0.13125 0.075
0 0.26328125 0.34921875 0.084375 0.06484375
0 0.35703125 0.36796875 0.09375 0.05625
0 0.43359375 0.4125 0.01796875 0.1
0 0.4890625 0.4 0.07265625 0.05
0 0.59765625 0.41484375 0.0796875 0.0625
0 0.7140625 0.46953125 0.053125 0.08125
0 0.79375 0.47890625 0.06328125 0.07890625
0 0.83984375 0.48203125 0.02265625 0.07265625
0 0.9328125 0.48203125 0.1328125 0.06484375
0 0.2671875 0.41328125 0.01328125 0.06484375
0 0.93359375 0.53203125 0.0203125 0.03984375
0 0.971875 0.53125 0.01640625 0.04140625
0 0.5375 0.35703125 0.01171875 0.03125