0 0.99296875 0.7390625 0.01328125 0.10078125
0 0.90546875 0.73828125 0.0359375 0.1
0 0.9 0.746875 0.08203125 0.06796875
0 0.828125 0.74765625 0.0421875 0.08203125
0 0.828125 0.746875 0.0421875 0.08515625
0 0.78203125 0.7921875 0.04921875 0.2109375
0 0.7296875 0.8015625 0.03671875 0.19453125
0 0.71015625 0.8109375 0.0515625 0.20546875
0 0.68671875 0.81171875 0.0265625 0.18828125
0 0.65703125 0.815625 0.05625 0.21015625
0 0.64765625 0.81171875 0.0453125 0.20234375
0 0.6 0.8109375 0.0296875 0.21953125
0 0.59140625 0.815625 0.0640625 0.22734375
0 0.54375 0.81796875 0.05546875 0.24609375
0 0.50078125 0.815625 0.05 0.22890625
0 0.41484375 0.8484375 0.0609375 0.2375
0 0.35078125 0.85390625 0.0828125 0.2140625
0 0.35859375 0.853125 0.06015625 0.22890625
0 0.296875 0.77265625 0.0546875 0.084375
0 0.2828125 0.86171875 0.046875 0.23359375
0 0.26640625 0.86640625 0.1171875 0.26484375
0 0.24921875 0.86953125 0.06015625 0.2390625
0 0.24296875 0.85859375 0.0328125 0.2234375
0 0.21015625 0.83984375 0.0640625 0.24140625
0 0.1765625 0.8765625 0.05703125 0.24609375
0 0.17734375 0.8671875 0.05703125 0.23046875
0 0.13125 0.87421875 0.07421875 0.25
0 0.0765625 0.88359375 0.06015625 0.23046875
0 0.0796875 0.8859375 0.05703125 0.2265625
0 0.0375 0.8 0.0203125 0.0765625
0 0.1453125 0.7578125 0.0265625 0.04140625