0 0.11640625 0.74609375 0.084375 0.325
0 0.259375 0.62109375 0.02109375 0.1125
0 0.2796875 0.63046875 0.02109375 0.07265625
0 0.3078125 0.640625 0.034375 0.14765625
0 0.3125 0.5875 0.015625 0.04140625
0 0.3453125 0.60625 0.015625 0.07890625
0 0.37578125 0.603125 0.01640625 0.08125
0 0.4171875 0.646875 0.0390625 0.18125
0 0.4515625 0.60390625 0.02265625 0.07109375
0 0.4796875 0.609375 0.015625 0.10234375
0 0.5140625 0.64609375 0.0375 0.19140625
0 0.58828125 0.56953125 0.025 0.06015625
0 0.684375 0.690625 0.07734375 0.26484375
0 0.8140625 0.61953125 0.04140625 0.15625
0 0.89609375 0.625 0.04609375 0.2125
0 0.9390625 0.62890625 0.05625 0.14140625
0 0.965625 0.58359375 0.028125 0.11640625
0 0.14453125 0.63515625 0.0234375 0.15859375
0 0.25078125 0.61796875 0.00859375 0.11484375
0 0.26328125 0.578125 0.00703125 0.03125
0 0.325 0.6125 0.0234375 0.1
0 0.340625 0.61171875 0.0109375 0.06484375
0 0.37890625 0.60390625 0.015625 0.08359375
0 0.33828125 0.571875 0.0046875 0.01875
0 0.29140625 0.60859375 0.01796875 0.08359375
0 0.40703125 0.68359375 0.015625 0.025
0 0.553125 0.57578125 0.0234375 0.03515625
0 0.43359375 0.62734375 0.0109375 0.02890625
0 0.35703125 0.60859375 0.01875 0.07109375