0 0.1703125 0.29453125 0.0140625 0.13984375
0 0.040625 0.51640625 0.08046875 0.94140625
0 0.2640625 0.56171875 0.1625 0.87265625
0 0.4265625 0.5125 0.14453125 0.97109375
0 0.5296875 0.53203125 0.1109375 0.93125
0 0.6265625 0.25078125 0.0171875 0.12734375
0 0.690625 0.26484375 0.01015625 0.07890625
0 0.6984375 0.24453125 0.00703125 0.02734375
0 0.6875 0.396875 0.096875 0.52734375
0 0.721875 0.40234375 0.05859375 0.47890625
0 0.803125 0.24296875 0.02578125 0.08984375
0 0.890625 0.25 0.0265625 0.175
0 0.8484375 0.26640625 0.034375 0.07109375
0 0.878125 0.284375 0.0359375 0.10234375
0 0.878125 0.284375 0.03515625 0.10234375
0 0.940625 0.25625 0.0203125 0.17109375
0 0.94453125 0.3375 0.0953125 0.325
0 0.98828125 0.32109375 0.021875 0.24140625
0 0.64375 0.23125 0.00859375 0.03359375
0 0.68515625 0.22421875 0.0078125 0.04765625
0 0.69609375 0.215625 0.0171875 0.03125
0 0.70625 0.23828125 0.0046875 0.01875
0 0.7671875 0.23203125 0.01796875 0.05625
0 0.78125 0.221875 0.0078125 0.04765625
0 0.7984375 0.20859375 0.00703125 0.025
0 0.11796875 0.21171875 0.0234375 0.10234375
0 0.8609375 0.24765625 0.01328125 0.05
0 0.8484375 0.23046875 0.00625 0.01875