0 0.025 0.64453125 0.0203125 0.08984375
0 0.05078125 0.646875 0.02734375 0.08984375
0 0.10234375 0.65 0.0296875 0.1125
0 0.10390625 0.6390625 0.0265625 0.12265625
0 0.12734375 0.64375 0.02890625 0.0921875
0 0.10390625 0.64296875 0.02421875 0.10234375
0 0.140625 0.62578125 0.01484375 0.0671875
0 0.20546875 0.63671875 0.02734375 0.13046875
0 0.228125 0.6296875 0.01953125 0.0875
0 0.3046875 0.634375 0.08984375 0.5265625
0 0.39453125 0.52734375 0.16171875 0.7609375
0 0.46640625 0.62265625 0.02265625 0.12265625
0 0.5109375 0.62265625 0.0421875 0.11015625
0 0.60078125 0.58671875 0.20078125 0.68359375
0 0.78125 0.48359375 0.24609375 0.88984375
0 0.1265625 0.59765625 0.009375 0.0203125
0 0.38515625 0.64453125 0.02265625 0.08125