0 0.0390625 0.434375 0.03203125 0.11484375
0 0.04765625 0.38828125 0.02734375 0.07734375
0 0.0921875 0.45625 0.0546875 0.07109375
0 0.15390625 0.53125 0.1296875 0.41640625
0 0.19140625 0.45234375 0.03515625 0.175
0 0.26015625 0.55703125 0.09140625 0.43125
0 0.38359375 0.52734375 0.07890625 0.40390625
0 0.3328125 0.41875 0.02421875 0.0875
0 0.48515625 0.51171875 0.0515625 0.31015625
0 0.5078125 0.39140625 0.01796875 0.04609375
0 0.534375 0.39375 0.01640625 0.03359375
0 0.5609375 0.39765625 0.01875 0.04140625
0 0.6234375 0.4625 0.040625 0.25
0 0.63515625 0.478125 0.0546875 0.29765625
0 0.67109375 0.41875 0.02421875 0.1125
0 0.70859375 0.45703125 0.046875 0.26015625
0 0.68359375 0.42890625 0.015625 0.0875
0 0.734375 0.43203125 0.02421875 0.13125
0 0.75703125 0.4375 0.021875 0.125
0 0.77265625 0.44765625 0.021875 0.1125
0 0.78046875 0.41640625 0.01171875 0.075
0 0.79765625 0.41640625 0.01953125 0.1
0 0.82265625 0.43828125 0.025 0.13515625
0 0.81171875 0.43359375 0.01640625 0.125
0 0.834375 0.44375 0.02109375 0.1125
0 0.85625 0.43984375 0.02421875 0.12890625
0 0.88046875 0.42578125 0.0296875 0.12265625
0 0.91171875 0.40546875 0.01171875 0.06484375
0 0.92734375 0.40703125 0.03046875 0.11484375
0 0.97421875 0.42265625 0.01640625 0.10390625
0 0.4234375 0.40390625 0.034375 0.04140625
0 0.6609375 0.39140625 0.01015625 0.02109375
0 0.6890625 0.428125 0.00859375 0.10625
0 0.746875 0.43984375 0.01796875 0.11640625
0 0.77265625 0.39296875 0.01328125 0.03984375
0 0.78984375 0.41640625 0.01015625 0.08359375
0 0.80703125 0.38671875 0.01015625 0.01875
0 0.83046875 0.3875 0.0109375 0.02890625
0 0.846875 0.43125 0.0109375 0.0875
0 0.86640625 0.38828125 0.01640625 0.02734375
0 0.896875 0.41328125 0.01328125 0.07265625
0 0.99609375 0.41953125 0.00546875 0.06875