0 0.72421875 0.590625 0.13984375 0.4359375
0 0.603125 0.66796875 0.23515625 0.62265625
0 0.54296875 0.40703125 0.05078125 0.0953125
0 0.50078125 0.571875 0.09765625 0.41171875
0 0.42578125 0.5390625 0.08359375 0.3125
0 0.3703125 0.50625 0.0734375 0.28515625
0 0.2875 0.596875 0.11875 0.44140625
0 0.2828125 0.54765625 0.1125 0.33984375
0 0.32578125 0.41171875 0.0375 0.09609375
0 0.34765625 0.38828125 0.01484375 0.03671875
0 0.634375 0.3453125 0.0125 0.0171875
0 0.44296875 0.371875 0.01171875 0.01171875
0 0.5546875 0.3484375 0.02265625 0.01953125
0 0.728125 0.18984375 0.01953125 0.03359375