0 0.0578125 0.59296875 0.01328125 0.06015625
0 0.09296875 0.58828125 0.01328125 0.06015625
0 0.10625 0.62890625 0.03203125 0.16640625
0 0.16875 0.70625 0.12890625 0.58359375
0 0.2890625 0.684375 0.16875 0.62734375
0 0.396875 0.70078125 0.0890625 0.59375
0 0.44375 0.66484375 0.0703125 0.425
0 0.4859375 0.65625 0.0609375 0.275
0 0.4890625 0.634375 0.03984375 0.24375
0 0.51328125 0.62265625 0.03984375 0.2125
0 0.53671875 0.64375 0.09296875 0.3625
0 0.58828125 0.68984375 0.14765625 0.54140625
0 0.6875 0.62109375 0.06953125 0.3875
0 0.715625 0.61953125 0.0421875 0.24765625
0 0.765625 0.61875 0.05546875 0.33359375
0 0.7484375 0.540625 0.01328125 0.06015625
0 0.81484375 0.61328125 0.0765625 0.28984375
0 0.94140625 0.534375 0.0234375 0.12265625
0 0.1234375 0.584375 0.02578125 0.10234375
0 0.49375 0.53984375 0.0140625 0.025
0 0.8453125 0.53125 0.0046875 0.01640625
0 0.140625 0.74296875 0.0234375 0.11015625