0 0.88125 0.7484375 0.0578125 0.26796875
0 0.8375 0.74921875 0.0328125 0.23125
0 0.7921875 0.75078125 0.06484375 0.30703125
0 0.73359375 0.78359375 0.05546875 0.27265625
0 0.69140625 0.7671875 0.03203125 0.2265625
0 0.6984375 0.70390625 0.0328125 0.1390625
0 0.59140625 0.73984375 0.08125 0.2546875
0 0.61328125 0.7546875 0.03515625 0.2546875
0 0.4953125 0.7953125 0.0375 0.25234375
0 0.50625 0.73203125 0.03828125 0.15703125
0 0.5265625 0.7125 0.03359375 0.1703125
0 0.59296875 0.74375 0.06640625 0.259375
0 0.87578125 0.67421875 0.01328125 0.04140625
0 0.23515625 0.72578125 0.03828125 0.07421875