0 0.08046875 0.834375 0.03671875 0.18125
0 0.1234375 0.83046875 0.0328125 0.16875
0 0.171875 0.77109375 0.015625 0.0875
0 0.18203125 0.8375 0.046875 0.1625
0 0.29296875 0.83515625 0.034375 0.125
0 0.37265625 0.82734375 0.01796875 0.13359375
0 0.38046875 0.82890625 0.0234375 0.1375
0 0.38359375 0.83515625 0.0234375 0.13359375
0 0.40234375 0.834375 0.034375 0.19765625
0 0.4421875 0.75625 0.01796875 0.05390625
0 0.45390625 0.84296875 0.03046875 0.19765625
0 0.475 0.846875 0.05546875 0.22265625
0 0.5296875 0.86171875 0.046875 0.20625
0 0.55078125 0.89765625 0.05859375 0.14609375
0 0.5765625 0.86015625 0.0328125 0.225
0 0.62109375 0.85625 0.046875 0.26640625
0 0.66875 0.871875 0.05078125 0.25234375
0 0.68515625 0.85234375 0.071875 0.29140625
0 0.71796875 0.87734375 0.0296875 0.24140625
0 0.77265625 0.86328125 0.05546875 0.26015625
0 0.78671875 0.87265625 0.0421875 0.25
0 0.83828125 0.81953125 0.0375 0.15234375
0 0.84453125 0.88125 0.053125 0.23359375
0 0.8671875 0.9 0.05390625 0.19609375
0 0.875 0.771875 0.025 0.06015625
0 0.8828125 0.85625 0.028125 0.21640625
0 0.90078125 0.87109375 0.05546875 0.25390625
0 0.9375 0.89765625 0.0484375 0.2
0 0.965625 0.859375 0.0671875 0.27734375
0 0.93125 0.77578125 0.0296875 0.07265625
0 0.9453125 0.790625 0.02734375 0.05234375
0 0.30703125 0.20234375 0.0390625 0.04140625
0 0.3515625 0.20390625 0.02265625 0.04609375
0 0.428125 0.77734375 0.02734375 0.05859375
0 0.43046875 0.86796875 0.0296875 0.12265625
0 0.55546875 0.77421875 0.01796875 0.03125
0 0.59609375 0.77734375 0.01640625 0.05390625
0 0.98671875 0.753125 0.0234375 0.05234375
0 0.52734375 0.75234375 0.02265625 0.025
0 0.1953125 0.18125 0.0203125 0.02109375
0 0.303125 0.84453125 0.01328125 0.09765625
0 0.46328125 0.75703125 0.0109375 0.03125