0 0.9828125 0.57734375 0.0328125 0.240625
0 0.95078125 0.58671875 0.03359375 0.22109375
0 0.91796875 0.6296875 0.046875 0.06875
0 0.825 0.725 0.24296875 0.5453125
0 0.73984375 0.51640625 0.24296875 0.8765625
0 0.5640625 0.765625 0.25078125 0.4640625
0 0.35078125 0.7734375 0.22109375 0.44765625
0 0.13359375 0.765625 0.2671875 0.4640625
0 0.18203125 0.7359375 0.15859375 0.36640625
0 0.07265625 0.77734375 0.1453125 0.4421875
0 0.42578125 0.62265625 0.02109375 0.10234375
0 0.4 0.615625 0.01796875 0.08359375
0 0.3859375 0.65703125 0.015625 0.05234375
0 0.4171875 0.66640625 0.0390625 0.03828125
0 0.453125 0.60859375 0.015625 0.0640625
0 0.2015625 0.63671875 0.04921875 0.2734375
0 0.13671875 0.55390625 0.0375 0.06875
0 0.1546875 0.6359375 0.04453125 0.2859375
0 0.046875 0.57265625 0.0515625 0.17890625
0 0.975 0.6 0.01796875 0.0765625
0 0.709375 0.625 0.09765625 0.07890625
0 0.3875 0.6140625 0.0140625 0.03359375
0 0.2515625 0.64765625 0.078125 0.0859375
0 0.08828125 0.53125 0.05703125 0.04296875
0 0.01640625 0.5390625 0.0328125 0.0640625
0 0.528125 0.275 0.0484375 0.10703125
0 0.125 0.2734375 0.04453125 0.12890625
0 0.421875 0.0640625 0.04140625 0.109375
0 0.18671875 0.046875 0.0484375 0.09375
0 0.909375 0.56796875 0.04921875 0.08359375
0 0.99609375 0.62109375 0.00546875 0.03828125
0 0.2515625 0.1109375 0.08671875 0.1640625
0 0.3546875 0.0984375 0.04140625 0.13125
0 0.24921875 0.3203125 0.0625 0.09296875