0 0.17109375 0.528125 0.2203125 0.390625
0 0.2703125 0.4453125 0.04375 0.09921875
0 0.3203125 0.49375 0.2984375 0.95625
0 0.365625 0.16484375 0.0234375 0.0375
0 0.6171875 0.4375 0.11484375 0.35625
0 0.5546875 0.3671875 0.1625 0.47109375
0 0.9015625 0.27734375 0.0765625 0.23984375
0 0.865625 0.240625 0.0265625 0.09921875
0 0.64921875 0.21640625 0.02109375 0.071875
0 0.6765625 0.215625 0.02109375 0.0828125
0 0.1890625 0.21796875 0.02734375 0.09140625
0 0.2078125 0.21875 0.03125 0.0828125
0 0.22109375 0.5953125 0.11015625 0.21015625
0 0.1421875 0.2046875 0.0203125 0.0515625
0 0.1515625 0.19921875 0.0109375 0.028125
0 0.1171875 0.2015625 0.0390625 0.0421875
0 0.0453125 0.190625 0.0265625 0.0203125
0 0.246875 0.19921875 0.04609375 0.034375
0 0.171875 0.1953125 0.0234375 0.0171875
0 0.4453125 0.196875 0.0578125 0.0328125
0 0.7703125 0.209375 0.1609375 0.0640625
0 0.8609375 0.20078125 0.02109375 0.04375
0 0.9640625 0.23046875 0.0703125 0.078125
0 0.9859375 0.359375 0.025 0.18203125
0 0.66484375 0.203125 0.0125 0.0359375
0 0.60234375 0.2015625 0.0796875 0.0546875
0 0.503125 0.18828125 0.0265625 0.01875
0 0.775 0.62265625 0.15234375 0.26875