0 0.56953125 0.73359375 0.13359375 0.53046875
0 0.1203125 0.628125 0.1203125 0.28828125
0 0.21640625 0.6078125 0.09921875 0.265625
0 0.29375 0.6203125 0.1078125 0.26171875
0 0.38828125 0.63125 0.1015625 0.23125
0 0.4671875 0.6390625 0.09453125 0.22421875
0 0.6953125 0.609375 0.0921875 0.25546875
0 0.04375 0.54453125 0.0875 0.4359375
0 0.10078125 0.53046875 0.06953125 0.396875
0 0.146875 0.4984375 0.07890625 0.41875
0 0.228125 0.44375 0.0890625 0.2125
0 0.29375 0.46015625 0.07109375 0.18203125
0 0.26171875 0.38984375 0.034375 0.09140625
0 0.36171875 0.51484375 0.071875 0.25546875
0 0.34609375 0.4625 0.07734375 0.20859375
0 0.39453125 0.4140625 0.0484375 0.11328125
0 0.4390625 0.4703125 0.0765625 0.2265625
0 0.5125 0.53671875 0.0984375 0.38828125
0 0.4875 0.51171875 0.04296875 0.38203125
0 0.55703125 0.39765625 0.059375 0.1390625
0 0.5953125 0.5421875 0.08671875 0.3703125
0 0.6359375 0.52265625 0.065625 0.3484375
0 0.671875 0.44609375 0.046875 0.23046875
0 0.75703125 0.54609375 0.1015625 0.35703125
0 0.70546875 0.45390625 0.04765625 0.184375
0 0.821875 0.53515625 0.08828125 0.3703125
0 0.77578125 0.40546875 0.065625 0.15234375
0 0.86171875 0.5125 0.0703125 0.3859375
0 0.91953125 0.54609375 0.08671875 0.36171875
0 0.9578125 0.62421875 0.0828125 0.6046875