0 0.284375 0.71015625 0.0859375 0.3109375
0 0.22109375 0.84609375 0.06328125 0.1015625
0 0.20546875 0.86484375 0.21953125 0.26640625
0 0.19921875 0.8140625 0.11640625 0.240625
0 0.15234375 0.6625 0.0578125 0.1625
0 0.125 0.665625 0.04375 0.153125
0 0.17421875 0.63046875 0.02734375 0.090625
0 0.20703125 0.69296875 0.0265625 0.17109375
0 0.19921875 0.65 0.02890625 0.12421875
0 0.25703125 0.61015625 0.0171875 0.03203125
0 0.32265625 0.675 0.0375 0.15
0 0.0703125 0.66328125 0.03125 0.1484375
0 0.0921875 0.62578125 0.03203125 0.07265625
0 0.5453125 0.5875 0.0421875 0.096875