0 0.97265625 0.29765625 0.053125 0.17890625
0 0.92109375 0.31640625 0.0484375 0.16640625
0 0.94453125 0.33046875 0.02578125 0.13515625
0 0.88828125 0.328125 0.03203125 0.16484375
0 0.8703125 0.35 0.02265625 0.12109375
0 0.840625 0.32421875 0.0578125 0.10234375
0 0.8375 0.3875 0.053125 0.12109375
0 0.81015625 0.396875 0.0375 0.11015625
0 0.79765625 0.334375 0.02734375 0.10234375
0 0.7890625 0.36640625 0.02578125 0.125
0 0.76640625 0.36328125 0.03515625 0.16015625
0 0.81953125 0.33046875 0.01796875 0.03515625
0 0.73984375 0.353125 0.025 0.05625
0 0.7203125 0.41953125 0.02578125 0.08984375
0 0.72265625 0.35546875 0.025 0.05625
0 0.6984375 0.40546875 0.03046875 0.15625
0 0.65625 0.44453125 0.0234375 0.10625
0 0.6640625 0.37109375 0.0234375 0.04609375
0 0.646875 0.40546875 0.0234375 0.11484375
0 0.62890625 0.40625 0.02109375 0.12890625
0 0.615625 0.409375 0.02265625 0.11484375
0 0.67890625 0.36640625 0.01328125 0.04140625
0 0.53203125 0.66640625 0.0703125 0.30859375
0 0.47734375 0.68515625 0.0609375 0.27890625
0 0.446875 0.63359375 0.02734375 0.1875
0 0.525 0.51328125 0.03203125 0.08984375
0 0.571875 0.45546875 0.025 0.06875
0 0.5625 0.45625 0.01640625 0.07109375
0 0.58984375 0.42109375 0.02265625 0.1
0 0.5515625 0.43984375 0.02109375 0.06640625
0 0.54140625 0.42734375 0.02734375 0.0375
0 0.53671875 0.48359375 0.0203125 0.05859375
0 0.475 0.52109375 0.02734375 0.06640625
0 0.44921875 0.53359375 0.04609375 0.075
0 0.5140625 0.46640625 0.01640625 0.0375
0 0.50390625 0.46796875 0.0140625 0.03125
0 0.525 0.43359375 0.01875 0.08359375
0 0.51484375 0.42109375 0.0109375 0.05
0 0.4796875 0.44609375 0.01796875 0.05
0 0.484375 0.43125 0.015625 0.04609375
0 0.48203125 0.48125 0.01875 0.04609375
0 0.47421875 0.48359375 0.01640625 0.05
0 0.415625 0.55859375 0.04453125 0.06640625
0 0.41484375 0.54921875 0.02734375 0.04375
0 0.4 0.55078125 0.02578125 0.05234375
0 0.3765625 0.64296875 0.03671875 0.21484375
0 0.28671875 0.72578125 0.103125 0.40625
0 0.2203125 0.56953125 0.0515625 0.11015625
0 0.1734375 0.56640625 0.0609375 0.075
0 0.1140625 0.53984375 0.025 0.04140625
0 0.15703125 0.55 0.0390625 0.10390625
0 0.321875 0.59375 0.0328125 0.10859375
0 0.33828125 0.64296875 0.01796875 0.17265625
0 0.39140625 0.52734375 0.02734375 0.05
0 0.36640625 0.54375 0.01796875 0.04609375
0 0.90546875 0.346875 0.01796875 0.11015625
0 0.70859375 0.33828125 0.01171875 0.01484375
0 0.63671875 0.41875 0.0109375 0.075
0 0.57421875 0.41484375 0.01640625 0.02890625
0 0.56484375 0.41796875 0.00703125 0.01484375
0 0.50078125 0.43828125 0.0203125 0.03125
0 0.4171875 0.46015625 0.1046875 0.075
0 0.196875 0.553125 0.02265625 0.05234375
0 0.23671875 0.553125 0.015625 0.04765625
0 0.303125 0.56796875 0.0234375 0.07734375
0 0.334375 0.521875 0.01875 0.04765625
0 0.35078125 0.52421875 0.01875 0.07265625
0 0.37578125 0.50859375 0.0328125 0.025
0 0.409375 0.50390625 0.034375 0.01640625
0 0.70546875 0.15234375 0.01875 0.07890625
0 0.60234375 0.23125 0.01796875 0.07109375
0 0.021875 0.44609375 0.04375 0.14140625
0 0.071875 0.50390625 0.05859375 0.125
0 0.10625 0.54375 0.0109375 0.02109375
0 0.8703125 0.2625 0.01796875 0.02890625
0 0.90703125 0.25546875 0.015625 0.02265625