0 0.10703125 0.63203125 0.0296875 0.11875
0 0.146875 0.63984375 0.028125 0.1125
0 0.2734375 0.58515625 0.07265625 0.29609375
0 0.31015625 0.67578125 0.11875 0.58515625
0 0.3765625 0.815625 0.0984375 0.36015625
0 0.38203125 0.62421875 0.015625 0.04375
0 0.3953125 0.63046875 0.01796875 0.06015625
0 0.40625 0.63359375 0.0140625 0.05
0 0.45625 0.70546875 0.11015625 0.58515625
0 0.09453125 0.61328125 0.01796875 0.06015625
0 0.21015625 0.6125 0.02578125 0.02890625
0 0.36640625 0.628125 0.0203125 0.03984375
0 0.9515625 0.67109375 0.0390625 0.0375
0 0.63671875 0.55078125 0.01796875 0.04765625
0 0.7171875 0.53125 0.01171875 0.03359375
0 0.81796875 0.54453125 0.01171875 0.05625