0 0.05234375 0.63828125 0.090625 0.33125
0 0.09609375 0.69765625 0.07421875 0.22734375
0 0.18984375 0.6578125 0.1015625 0.3671875
0 0.23984375 0.609375 0.05234375 0.2765625
0 0.2734375 0.540625 0.03515625 0.15546875
0 0.2484375 0.48359375 0.01328125 0.02578125
0 0.45078125 0.72734375 0.10234375 0.49765625
0 0.63515625 0.71953125 0.1125 0.4671875
0 0.55 0.68828125 0.08828125 0.36796875
0 0.515625 0.625 0.0640625 0.31171875
0 0.378125 0.56484375 0.0703125 0.21953125
0 0.3453125 0.5578125 0.04140625 0.17890625
0 0.328125 0.53828125 0.034375 0.17578125
0 0.71015625 0.65 0.0984375 0.39921875
0 0.81796875 0.703125 0.11015625 0.44765625
0 0.93671875 0.68046875 0.11484375 0.46640625
0 0.96015625 0.48671875 0.0375 0.07890625
0 0.89375 0.55234375 0.06171875 0.2625
0 0.8796875 0.478125 0.0359375 0.10703125
0 0.87265625 0.4921875 0.02734375 0.12890625
0 0.82890625 0.45546875 0.0421875 0.07421875
0 0.8015625 0.65390625 0.03984375 0.33046875
0 0.778125 0.63046875 0.04296875 0.346875
0 0.74375 0.57578125 0.040625 0.2828125
0 0.74296875 0.64375 0.04453125 0.30546875
0 0.6390625 0.46640625 0.0296875 0.0671875
0 0.46953125 0.471875 0.03046875 0.03203125
0 0.984375 0.66953125 0.03046875 0.5
0 0.928125 0.43984375 0.02265625 0.04921875
0 0.60234375 0.48828125 0.05234375 0.1265625
0 0.67109375 0.45859375 0.0421875 0.096875
0 0.7140625 0.43671875 0.03984375 0.0609375
0 0.79453125 0.45234375 0.03828125 0.06953125
0 0.7609375 0.43359375 0.02421875 0.03984375
0 0.4046875 0.49921875 0.0125 0.01875