0 0.903125 0.728125 0.19140625 0.53984375
0 0.94375 0.44375 0.11015625 0.4875
0 0.90859375 0.446875 0.09609375 0.43984375
0 0.78203125 0.7375 0.21796875 0.52109375
0 0.709375 0.575 0.23359375 0.77109375
0 0.54453125 0.62890625 0.17109375 0.7375
0 0.64375 0.278125 0.08359375 0.20234375
0 0.76796875 0.29375 0.06328125 0.18359375
0 0.678125 0.22890625 0.0515625 0.175
0 0.79140625 0.32734375 0.11015625 0.325
0 0.825 0.33203125 0.0984375 0.32265625
0 0.83125 0.26875 0.09140625 0.2625
0 0.70625 0.15546875 0.04921875 0.10625
0 0.5453125 0.24140625 0.071875 0.1625
0 0.4703125 0.29140625 0.109375 0.38359375
0 0.42578125 0.31171875 0.11484375 0.34765625
0 0.33046875 0.26171875 0.06953125 0.20625
0 0.41328125 0.42890625 0.121875 0.38359375
0 0.3609375 0.475 0.19140625 0.45859375
0 0.34921875 0.69921875 0.26171875 0.59765625
0 0.21484375 0.68984375 0.178125 0.61640625
0 0.22890625 0.32890625 0.15 0.37890625
0 0.09609375 0.62265625 0.16640625 0.75
0 0.98125 0.17890625 0.03515625 0.075
0 0.6203125 0.33359375 0.05546875 0.1375
0 0.0578125 0.69921875 0.11484375 0.59765625