0 0.9265625 0.65390625 0.14453125 0.425
0 0.78984375 0.56953125 0.10234375 0.3546875
0 0.70390625 0.47578125 0.04140625 0.19375
0 0.684375 0.49609375 0.0421875 0.22109375
0 0.68984375 0.3625 0.05078125 0.15390625
0 0.66015625 0.64609375 0.11484375 0.5234375
0 0.61796875 0.43203125 0.0359375 0.09375
0 0.51328125 0.59453125 0.084375 0.35546875
0 0.5796875 0.3890625 0.034375 0.10078125
0 0.553125 0.42578125 0.0359375 0.15
0 0.52109375 0.4171875 0.04609375 0.125
0 0.4875 0.384375 0.0296875 0.0515625
0 0.50234375 0.36953125 0.02265625 0.0484375
0 0.4734375 0.44609375 0.053125 0.153125
0 0.45078125 0.5125 0.0578125 0.125
0 0.43046875 0.7015625 0.1265625 0.4125
0 0.40078125 0.41640625 0.02734375 0.1234375
0 0.48125 0.33515625 0.01484375 0.01796875
0 0.3828125 0.42890625 0.02734375 0.121875
0 0.36796875 0.46015625 0.04609375 0.17109375
0 0.359375 0.3765625 0.021875 0.040625
0 0.384375 0.41484375 0.025 0.090625
0 0.37109375 0.36953125 0.01640625 0.025
0 0.35 0.36484375 0.0140625 0.028125
0 0.3421875 0.41796875 0.03046875 0.1171875
0 0.07890625 0.78515625 0.1578125 0.2453125
0 0.0328125 0.45 0.0484375 0.0609375
0 0.08046875 0.55 0.10625 0.22890625
0 0.0578125 0.5921875 0.09921875 0.35234375
0 0.17109375 0.71171875 0.1640625 0.39140625
0 0.290625 0.690625 0.15390625 0.434375
0 0.1359375 0.47578125 0.06484375 0.1203125
0 0.18828125 0.546875 0.05859375 0.2421875
0 0.31171875 0.4796875 0.04453125 0.18125
0 0.24765625 0.4328125 0.040625 0.1125
0 0.228125 0.51875 0.04296875 0.22109375
0 0.209375 0.53125 0.06328125 0.25
0 0.165625 0.384375 0.02890625 0.02734375
0 0.16953125 0.403125 0.0328125 0.03125
0 0.16171875 0.453125 0.0359375 0.09140625
0 0.1875 0.38203125 0.03984375 0.06328125
0 0.2765625 0.43984375 0.03515625 0.115625
0 0.27890625 0.421875 0.0328125 0.11328125
0 0.30078125 0.3796875 0.02578125 0.046875
0 0.28125 0.37421875 0.0109375 0.01875
0 0.31484375 0.36328125 0.015625 0.0265625
0 0.32265625 0.35390625 0.01328125 0.021875
0 0.303125 0.3609375 0.01640625 0.0296875
0 0.27578125 0.3578125 0.01640625 0.02109375
0 0.2859375 0.35234375 0.0140625 0.01796875
0 0.3296875 0.36640625 0.0140625 0.05546875
0 0.3328125 0.3640625 0.0171875 0.02734375
0 0.58125 0.67578125 0.15 0.4640625
0 0.31953125 0.403125 0.0234375 0.0609375
0 0.32421875 0.3796875 0.015625 0.025
0 0.940625 0.8125 0.11796875 0.1859375
0 0.68984375 0.59453125 0.02265625 0.040625
0 0.484375 0.39375 0.0125 0.025
0 0.4109375 0.334375 0.03125 0.0296875
0 0.36796875 0.35234375 0.01953125 0.028125
0 0.171875 0.346875 0.01328125 0.0203125
0 0.2015625 0.37265625 0.0296875 0.06015625
0 0.25390625 0.390625 0.01640625 0.0390625
0 0.246875 0.35546875 0.0375 0.0421875
0 0.30390625 0.3421875 0.0328125 0.02734375
0 0.334375 0.346875 0.0203125 0.01171875
0 0.21875 0.40234375 0.025 0.028125
0 0.2703125 0.35078125 0.009375 0.01328125
0 0.0921875 0.40625 0.0171875 0.06171875