0 0.88046875 0.66328125 0.2359375 0.58828125
0 0.3015625 0.55234375 0.153125 0.621875
0 0.79609375 0.503125 0.0578125 0.1921875
0 0.66640625 0.51328125 0.0515625 0.23046875
0 0.6546875 0.48515625 0.046875 0.26875
0 0.5625 0.48359375 0.05625 0.2375
0 0.5125 0.48359375 0.0625 0.2234375
0 0.42734375 0.4734375 0.0578125 0.2078125
0 0.46171875 0.4484375 0.0203125 0.11875
0 0.4265625 0.459375 0.059375 0.23046875
0 0.35859375 0.42421875 0.0671875 0.1765625
0 0.2109375 0.484375 0.071875 0.2484375
0 0.2546875 0.3390625 0.015625 0.02421875
0 0.1703125 0.4265625 0.034375 0.16328125
0 0.15703125 0.41640625 0.0265625 0.1609375
0 0.1140625 0.4671875 0.08125 0.33984375
0 0.04375 0.51875 0.0875 0.59921875
0 0.39296875 0.4453125 0.0234375 0.1390625
0 0.2515625 0.34140625 0.01875 0.03359375
0 0.07421875 0.3296875 0.0171875 0.03359375
0 0.10703125 0.33203125 0.0171875 0.02890625
0 0.196875 0.36328125 0.0375 0.06953125
0 0.8609375 0.459375 0.059375 0.10546875
0 0.3859375 0.5734375 0.04375 0.0515625