0 0.8640625 0.59921875 0.184375 0.67421875
0 0.6921875 0.659375 0.1875 0.6765625
0 0.54765625 0.68984375 0.1953125 0.615625
0 0.61015625 0.55625 0.1109375 0.6109375
0 0.47578125 0.64296875 0.1140625 0.6484375
0 0.54140625 0.33984375 0.0828125 0.215625
0 0.46953125 0.34453125 0.0828125 0.1828125
0 0.33828125 0.634375 0.1421875 0.57578125
0 0.4109375 0.45078125 0.0625 0.37734375
0 0.37890625 0.33515625 0.0546875 0.24375
0 0.25546875 0.53359375 0.1265625 0.478125
0 0.30390625 0.33125 0.0640625 0.12890625
0 0.33125 0.30703125 0.1 0.2765625
0 0.2015625 0.4921875 0.0875 0.45
0 0.05 0.53359375 0.1 0.403125
0 0.0546875 0.4296875 0.078125 0.35390625
0 0.09140625 0.40625 0.0953125 0.38203125
0 0.0140625 0.2953125 0.028125 0.215625
0 0.146875 0.37734375 0.06875 0.3609375
0 0.1953125 0.28125 0.05625 0.15
0 0.2671875 0.275 0.046875 0.12421875
0 0.24296875 0.28671875 0.0421875 0.14296875
0 0.2359375 0.23046875 0.0625 0.15234375
0 0.0546875 0.21875 0.05 0.08203125
0 0.103125 0.25390625 0.05625 0.13828125
0 0.171875 0.225 0.034375 0.0890625
0 0.15 0.2015625 0.05625 0.1359375
0 0.09765625 0.1765625 0.0546875 0.10546875
0 0.04375 0.18828125 0.0875 0.18984375