0 0.05390625 0.6796875 0.1078125 0.38515625
0 0.0578125 0.65078125 0.0796875 0.30234375
0 0.1671875 0.63828125 0.05625 0.28359375
0 0.21015625 0.64921875 0.071875 0.25703125
0 0.19609375 0.621875 0.0296875 0.22109375
0 0.24375 0.53125 0.02890625 0.0671875
0 0.265625 0.6328125 0.078125 0.2359375
0 0.321875 0.63203125 0.0421875 0.21796875
0 0.3421875 0.64140625 0.06328125 0.23984375
0 0.3921875 0.6046875 0.06171875 0.3015625
0 0.48984375 0.5890625 0.046875 0.171875
0 0.53984375 0.59140625 0.059375 0.1765625
0 0.6 0.59609375 0.04921875 0.1671875
0 0.62109375 0.58203125 0.02578125 0.146875
0 0.66015625 0.584375 0.04375 0.153125
0 0.67734375 0.5734375 0.021875 0.14453125
0 0.69765625 0.57265625 0.0328125 0.128125
0 0.71640625 0.5890625 0.03203125 0.14765625
0 0.74375 0.57734375 0.0328125 0.1265625
0 0.79296875 0.56875 0.03125 0.14140625
0 0.00859375 0.62734375 0.01640625 0.1765625