0 0.16328125 0.66796875 0.1140625 0.42734375
0 0.2234375 0.5640625 0.0828125 0.38125
0 0.2859375 0.66328125 0.08125 0.4375
0 0.4703125 0.67890625 0.0921875 0.440625
0 0.5875 0.6375 0.07734375 0.39296875
0 0.68828125 0.5796875 0.08125 0.3421875
0 0.74296875 0.60078125 0.10625 0.41171875
0 0.83125 0.59765625 0.07734375 0.325
0 0.875 0.56640625 0.06015625 0.27109375
0 0.9171875 0.5203125 0.07265625 0.3171875
0 0.8890625 0.38984375 0.04765625 0.0984375
0 0.9171875 0.34453125 0.03125 0.0734375
0 0.9375 0.34296875 0.0296875 0.090625
0 0.92109375 0.31015625 0.0328125 0.05234375
0 0.8796875 0.353125 0.05234375 0.1953125
0 0.903125 0.28515625 0.0234375 0.071875
0 0.8671875 0.27109375 0.025 0.03515625
0 0.8484375 0.34921875 0.0484375 0.16796875
0 0.82890625 0.32421875 0.02265625 0.1453125
0 0.8171875 0.32265625 0.0453125 0.16640625
0 0.8203125 0.3046875 0.0359375 0.14921875
0 0.8046875 0.31015625 0.0359375 0.1453125
0 0.79609375 0.22265625 0.02734375 0.03515625
0 0.7765625 0.28203125 0.04140625 0.15078125
0 0.7453125 0.259375 0.03359375 0.15078125
0 0.7265625 0.2453125 0.02734375 0.1234375
0 0.7203125 0.2 0.0203125 0.06015625
0 0.7109375 0.24375 0.02265625 0.08125
0 0.7171875 0.1875 0.0203125 0.05390625
0 0.70234375 0.21796875 0.025 0.11796875
0 0.6796875 0.22890625 0.02265625 0.0984375
0 0.6734375 0.20703125 0.02734375 0.1046875
0 0.6375 0.2 0.025 0.10625
0 0.61953125 0.1640625 0.01875 0.03515625
0 0.59453125 0.190625 0.0234375 0.10234375
0 0.5953125 0.17109375 0.01875 0.05234375
0 0.58125 0.18671875 0.01484375 0.08671875
0 0.5765625 0.17734375 0.01875 0.090625
0 0.5515625 0.165625 0.01875 0.0796875
0 0.528125 0.16015625 0.02109375 0.0734375
0 0.49375 0.153125 0.0171875 0.0734375
0 0.4390625 0.14921875 0.01875 0.0734375
0 0.46796875 0.15546875 0.01875 0.06796875
0 0.18515625 0.409375 0.0328125 0.0984375
0 0.3109375 0.15 0.01640625 0.07578125
0 0.2484375 0.3953125 0.0296875 0.0796875
0 0.3890625 0.14609375 0.0203125 0.06796875
0 0.13203125 0.42421875 0.04375 0.1140625