0 0.153125 0.79296875 0.28046875 0.41171875
0 0.7015625 0.8234375 0.26171875 0.3515625
0 0.03984375 0.721875 0.04140625 0.2015625
0 0.2078125 0.74375 0.0515625 0.309375
0 0.18515625 0.7671875 0.03359375 0.31953125
0 0.284375 0.784375 0.11953125 0.41953125
0 0.26796875 0.62421875 0.084375 0.26875
0 0.3640625 0.775 0.0859375 0.4484375
0 0.415625 0.76328125 0.06953125 0.471875
0 0.475 0.7359375 0.05078125 0.384375
0 0.46640625 0.73359375 0.04765625 0.3515625
0 0.52109375 0.69375 0.04140625 0.24296875
0 0.5671875 0.7453125 0.0875 0.43515625
0 0.7796875 0.765625 0.15078125 0.46796875
0 0.846875 0.775 0.08984375 0.4484375
0 0.92890625 0.77421875 0.07890625 0.421875
0 0.97890625 0.80390625 0.04140625 0.37109375
0 0.7859375 0.74609375 0.06171875 0.40390625
0 0.703125 0.61796875 0.03828125 0.10625
0 0.5953125 0.63125 0.0421875 0.1984375
0 0.61640625 0.59296875 0.03828125 0.1359375
0 0.77421875 0.721875 0.053125 0.38359375
0 0.903125 0.615625 0.03046875 0.15625
0 0.87421875 0.6765625 0.0453125 0.22578125
0 0.67265625 0.60703125 0.071875 0.10859375
0 0.015625 0.8046875 0.03046875 0.209375
0 0.3890625 0.55859375 0.01953125 0.03515625
0 0.57734375 0.56796875 0.00859375 0.053125
0 0.62578125 0.5578125 0.00625 0.02890625
0 0.815625 0.58828125 0.02890625 0.07109375
0 0.95390625 0.54921875 0.09140625 0.03671875
0 0.759375 0.50859375 0.05859375 0.01640625
0 0.51953125 0.56875 0.05390625 0.06015625
0 0.69609375 0.571875 0.025 0.03984375