0 0.23515625 0.76875 0.4703125 0.459375
0 0.3421875 0.640625 0.246875 0.40390625
0 0.34609375 0.47421875 0.16171875 0.10546875
0 0.3875 0.4359375 0.04453125 0.03671875
0 0.42421875 0.459375 0.0796875 0.08125
0 0.503125 0.565625 0.1890625 0.29765625
0 0.51640625 0.52265625 0.15 0.22109375
0 0.60390625 0.465625 0.1203125 0.1
0 0.55625 0.4359375 0.0515625 0.03046875
0 0.68359375 0.48828125 0.08359375 0.15
0 0.740625 0.48046875 0.10390625 0.11953125
0 0.7359375 0.428125 0.06484375 0.03984375
0 0.65546875 0.58046875 0.146875 0.23515625
0 0.84140625 0.69140625 0.2765625 0.48515625
0 0.96640625 0.67734375 0.06328125 0.40234375
0 0.82578125 0.47890625 0.159375 0.0875
0 0.45703125 0.43359375 0.05 0.0375
0 0.64453125 0.4234375 0.05 0.03203125
0 0.81796875 0.43125 0.0296875 0.02265625
0 0.5390625 0.42578125 0.02421875 0.028125
0 0.77109375 0.4578125 0.0390625 0.05546875