0 0.7890625 0.58671875 0.1484375 0.46953125
0 0.61171875 0.63359375 0.07890625 0.30234375
0 0.64609375 0.64140625 0.04765625 0.24453125
0 0.565625 0.6484375 0.0546875 0.1953125
0 0.53828125 0.653125 0.0328125 0.165625
0 0.496875 0.653125 0.05625 0.20703125
0 0.503125 0.64609375 0.0515625 0.1921875
0 0.3609375 0.6265625 0.0359375 0.12734375
0 0.31328125 0.63125 0.0375 0.12734375
0 0.23828125 0.6203125 0.02734375 0.1140625
0 0.20234375 0.61328125 0.03984375 0.10546875
0 0.175 0.5921875 0.02421875 0.1
0 0.15703125 0.5796875 0.01953125 0.08671875
0 0.14765625 0.56953125 0.01640625 0.08046875
0 0.1453125 0.565625 0.0203125 0.071875
0 0.12578125 0.5765625 0.028125 0.07890625
0 0.1125 0.56953125 0.015625 0.071875
0 0.01875 0.55625 0.0234375 0.065625
0 0.4421875 0.646875 0.040625 0.17265625