0 0.10546875 0.6734375 0.1609375 0.46640625
0 0.06171875 0.5109375 0.1234375 0.1875
0 0.15078125 0.6125 0.16328125 0.521875
0 0.26953125 0.60234375 0.15625 0.59609375
0 0.39765625 0.61171875 0.19140625 0.60234375
0 0.48203125 0.50625 0.12265625 0.4875
0 0.57890625 0.37578125 0.12109375 0.49296875
0 0.675 0.35234375 0.16953125 0.55859375
0 0.62578125 0.1734375 0.05078125 0.0984375
0 0.73984375 0.240625 0.12734375 0.45390625
0 0.70625 0.08359375 0.0921875 0.1671875
0 0.80546875 0.190625 0.10625 0.36953125
0 0.9171875 0.1515625 0.096875 0.303125
0 0.953125 0.23203125 0.0921875 0.46328125
0 0.390625 0.55 0.184375 0.50546875
0 0.20390625 0.47890625 0.03984375 0.07734375
0 0.16171875 0.3796875 0.0359375 0.05234375
0 0.1359375 0.75859375 0.0515625 0.1421875
0 0.64375 0.1265625 0.07734375 0.11484375
0 0.69140625 0.03515625 0.03203125 0.04296875
0 0.803125 0.03984375 0.06328125 0.0796875
0 0.8109375 0.25625 0.021875 0.10859375
0 0.865625 0.1078125 0.0640625 0.215625