0 0.16953125 0.621875 0.04765625 0.1578125
0 0.203125 0.6359375 0.03984375 0.1515625
0 0.21875 0.5921875 0.02421875 0.0796875
0 0.2421875 0.59765625 0.0203125 0.078125
0 0.23984375 0.58359375 0.015625 0.0703125
0 0.2515625 0.58671875 0.0140625 0.0640625
0 0.3046875 0.5875 0.01328125 0.06640625
0 0.27421875 0.5828125 0.01328125 0.05625
0 0.28984375 0.58359375 0.01328125 0.0546875
0 0.3109375 0.584375 0.01328125 0.06015625
0 0.4640625 0.578125 0.0109375 0.046875
0 0.45546875 0.578125 0.0109375 0.04296875
0 0.428125 0.5828125 0.01015625 0.040625
0 0.4375 0.5796875 0.0109375 0.04296875
0 0.28125 0.58359375 0.0109375 0.046875
0 0.440625 0.56484375 0.0078125 0.02109375
0 0.4609375 0.553125 0.0078125 0.0171875
0 0.38359375 0.5671875 0.0734375 0.04453125
0 0.321875 0.5703125 0.015625 0.0390625
0 0.02578125 0.57265625 0.0265625 0.02890625