0 0.23125 0.89609375 0.1203125 0.20390625
0 0.14609375 0.90078125 0.11171875 0.19375
0 0.0421875 0.8890625 0.084375 0.21796875
0 0.32578125 0.9171875 0.09140625 0.16171875
0 0.66015625 0.87890625 0.11328125 0.23828125
0 0.76171875 0.88515625 0.10234375 0.2265625
0 0.86484375 0.875 0.13359375 0.24609375
0 0.97265625 0.9 0.0515625 0.19609375
0 0.7078125 0.796875 0.04609375 0.09921875
0 0.76015625 0.8875 0.1 0.2203125
0 0.6125 0.9234375 0.0453125 0.14921875
0 0.56171875 0.896875 0.04375 0.20234375
0 0.6125 0.859375 0.0453125 0.09921875
0 0.6375 0.79609375 0.0453125 0.125
0 0.6875 0.74453125 0.06796875 0.090625
0 0.67265625 0.7109375 0.05859375 0.0765625
0 0.54375 0.85859375 0.10078125 0.25859375
0 0.56796875 0.7796875 0.06171875 0.1046875
0 0.625 0.77265625 0.03984375 0.11484375
0 0.56171875 0.69375 0.04375 0.09921875
0 0.55703125 0.71484375 0.03515625 0.05234375
0 0.61640625 0.71953125 0.04609375 0.0890625
0 0.6578125 0.69921875 0.034375 0.06875
0 0.64375 0.67265625 0.0296875 0.06484375
0 0.6015625 0.69765625 0.03125 0.07109375
0 0.59453125 0.6765625 0.02734375 0.06875
0 0.61640625 0.64375 0.02734375 0.0625
0 0.25859375 0.83671875 0.05859375 0.125
0 0.2765625 0.828125 0.053125 0.1578125
0 0.29140625 0.75078125 0.03984375 0.075
0 0.3328125 0.84609375 0.0640625 0.10078125
0 0.3859375 0.8578125 0.04765625 0.09921875
0 0.40234375 0.8078125 0.05859375 0.08515625
0 0.3390625 0.78671875 0.03828125 0.1109375
0 0.41796875 0.80703125 0.04921875 0.19609375
0 0.37265625 0.74140625 0.053125 0.09296875
0 0.3078125 0.80625 0.0671875 0.19765625
0 0.31796875 0.7609375 0.05703125 0.171875
0 0.33828125 0.7 0.034375 0.075
0 0.35 0.67890625 0.0296875 0.0609375
0 0.390625 0.6515625 0.0328125 0.075
0 0.43203125 0.75859375 0.07265625 0.1515625
0 0.45546875 0.7578125 0.0671875 0.1859375
0 0.71171875 0.959375 0.0875 0.0765625
0 0.3859375 0.6859375 0.04765625 0.07109375
0 0.27734375 0.4921875 0.10390625 0.05859375
0 0.41328125 0.48515625 0.15703125 0.02421875