0 0.0671875 0.684375 0.134375 0.628125
0 0.1109375 0.6578125 0.221875 0.68203125
0 0.2609375 0.68359375 0.14453125 0.63046875
0 0.31875 0.47734375 0.03515625 0.059375
0 0.4 0.68984375 0.15390625 0.61796875
0 0.50546875 0.66796875 0.14453125 0.6609375
0 0.56328125 0.6828125 0.15625 0.63203125
0 0.65859375 0.65390625 0.21171875 0.6890625
0 0.78671875 0.68671875 0.13125 0.6234375
0 0.91796875 0.671875 0.1625 0.65390625
0 0.2453125 0.459375 0.02578125 0.02890625
0 0.21484375 0.478125 0.01796875 0.0265625