0 0.13359375 0.89609375 0.04609375 0.19140625
0 0.1625 0.89609375 0.04609375 0.2
0 0.15078125 0.79609375 0.01328125 0.04140625
0 0.2296875 0.834375 0.01328125 0.11015625
0 0.27421875 0.80703125 0.015625 0.05625
0 0.2875 0.79140625 0.01171875 0.05390625
0 0.346875 0.784375 0.0109375 0.04765625
0 0.35703125 0.78125 0.01328125 0.04609375
0 0.36484375 0.778125 0.009375 0.03984375
0 0.37109375 0.77578125 0.0109375 0.03984375
0 0.37890625 0.775 0.009375 0.0375
0 0.38671875 0.771875 0.0109375 0.03515625
0 0.359375 0.81640625 0.0203125 0.075
0 0.38359375 0.81796875 0.02265625 0.07734375
0 0.40703125 0.80078125 0.0140625 0.04375
0 0.4140625 0.82421875 0.01796875 0.08984375
0 0.3453125 0.90390625 0.03984375 0.1875
0 0.3765625 0.90859375 0.034375 0.17890625
0 0.41171875 0.90625 0.04140625 0.18359375
0 0.42734375 0.828125 0.02578125 0.06875
0 0.45546875 0.89296875 0.02109375 0.16484375
0 0.45 0.88828125 0.03671875 0.16875
0 0.48515625 0.88828125 0.0296875 0.17265625
0 0.46171875 0.82890625 0.01796875 0.08359375
0 0.49296875 0.82890625 0.02109375 0.10390625
0 0.50625 0.80859375 0.01640625 0.075
0 0.5359375 0.79921875 0.015625 0.07265625
0 0.5171875 0.80703125 0.0109375 0.05625
0 0.55 0.80390625 0.0109375 0.05859375
0 0.57421875 0.80234375 0.0140625 0.05859375
0 0.5828125 0.80546875 0.015625 0.07265625
0 0.571875 0.84765625 0.0296875 0.1125
0 0.6046875 0.82265625 0.0234375 0.0875
0 0.625 0.85625 0.03203125 0.1375
0 0.66015625 0.896875 0.05546875 0.20234375
0 0.715625 0.85703125 0.0296875 0.14375
0 0.7609375 0.8625 0.034375 0.14140625
0 0.7796875 0.85859375 0.02578125 0.125
0 0.81484375 0.85625 0.02734375 0.11640625
0 0.84296875 0.83203125 0.0234375 0.11484375
0 0.89296875 0.84609375 0.03671875 0.1625
0 0.68828125 0.81484375 0.025 0.0625
0 0.53046875 0.80234375 0.009375 0.05859375
0 0.453125 0.79140625 0.01171875 0.05
0 0.3015625 0.81796875 0.0140625 0.06875
0 0.66015625 0.79921875 0.025 0.03125
0 0.61875 0.78984375 0.00859375 0.0375
0 0.47109375 0.77578125 0.0625 0.04375
0 0.32109375 0.771875 0.0484375 0.03984375
0 0.39765625 0.765625 0.0109375 0.02734375
0 0.75078125 0.80546875 0.0109375 0.03125
0 0.5546875 0.803125 0.01796875 0.06875
0 0.571875 0.79140625 0.01171875 0.04609375
0 0.5203125 0.796875 0.00859375 0.06015625