0 0.95078125 0.86015625 0.01171875 0.05
0 0.94140625 0.84921875 0.01328125 0.03515625
0 0.91328125 0.84765625 0.0109375 0.04140625
0 0.6546875 0.86484375 0.01015625 0.05390625
0 0.6421875 0.8625 0.01171875 0.05
0 0.63203125 0.86328125 0.0109375 0.04765625
0 0.6296875 0.85 0.00859375 0.04140625
0 0.62109375 0.86171875 0.01015625 0.05625
0 0.60625 0.85625 0.01328125 0.05859375
0 0.584375 0.85703125 0.01015625 0.04765625
0 0.575 0.86484375 0.01171875 0.0625
0 0.515625 0.86015625 0.0109375 0.05390625
0 0.50625 0.8625 0.01015625 0.05390625
0 0.5515625 0.89609375 0.10546875 0.20390625
0 0.44453125 0.865625 0.0140625 0.07734375
0 0.42265625 0.86875 0.01171875 0.06640625
0 0.4109375 0.89140625 0.02421875 0.10859375
0 0.403125 0.86953125 0.01171875 0.06484375
0 0.38671875 0.89375 0.01953125 0.10390625
0 0.38125 0.89140625 0.01953125 0.10859375
0 0.36796875 0.88828125 0.01875 0.11015625
0 0.21015625 0.84609375 0.01171875 0.05859375
0 0.08671875 0.921875 0.03046875 0.14765625
0 0.0265625 0.85859375 0.01171875 0.05
0 0.02265625 0.865625 0.01171875 0.06484375
0 0.171875 0.85859375 0.01015625 0.0375
0 0.81171875 0.85 0.0078125 0.04140625
0 0.91953125 0.853125 0.00625 0.02734375
0 0.9078125 0.85546875 0.00859375 0.02265625
0 0.89453125 0.83984375 0.01328125 0.03359375
0 0.8734375 0.8375 0.01953125 0.025
0 0.71171875 0.84921875 0.021875 0.03515625
0 0.66796875 0.85703125 0.0140625 0.04765625
0 0.64765625 0.846875 0.01015625 0.03515625
0 0.63671875 0.83671875 0.00546875 0.01484375
0 0.59140625 0.85 0.00625 0.04140625
0 0.46015625 0.85078125 0.01796875 0.03125
0 0.41015625 0.85234375 0.0109375 0.01640625
0 0.08203125 0.84453125 0.01171875 0.02265625
0 0.18203125 0.86328125 0.00859375 0.01875
0 0.30078125 0.85703125 0.01171875 0.03515625
0 0.27578125 0.853125 0.0265625 0.03984375
0 0.2484375 0.85390625 0.0109375 0.03359375
0 0.41953125 0.74296875 0.01640625 0.04765625
0 0.36328125 0.52734375 0.01640625 0.04609375
0 0.28984375 0.74375 0.01796875 0.05390625
0 0.18203125 0.546875 0.0140625 0.05234375
0 0.42890625 0.35625 0.01640625 0.05859375
0 0.36171875 0.3625 0.01640625 0.05