0 0.9265625 0.55234375 0.0625 0.25703125
0 0.9453125 0.534375 0.07109375 0.2625
0 0.87265625 0.4671875 0.06484375 0.15
0 0.85 0.484375 0.0625 0.1015625
0 0.78671875 0.4875 0.05625 0.09375
0 0.6953125 0.49140625 0.05390625 0.1046875
0 0.71484375 0.4890625 0.0421875 0.08046875
0 0.65 0.5796875 0.05 0.21796875
0 0.5953125 0.56953125 0.04765625 0.2234375
0 0.57109375 0.48515625 0.0296875 0.046875
0 0.5390625 0.590625 0.04765625 0.18046875
0 0.4875 0.59375 0.05 0.1859375
0 0.575 0.575 0.04765625 0.196875
0 0.4390625 0.5859375 0.0375 0.17109375
0 0.38515625 0.59453125 0.0453125 0.17265625
0 0.3609375 0.5375 0.03359375 0.05078125
0 0.3515625 0.60625 0.03515625 0.16171875
0 0.32734375 0.60703125 0.0328125 0.15234375
0 0.3171875 0.5984375 0.02265625 0.15
0 0.28203125 0.59921875 0.0359375 0.159375
0 0.26796875 0.553125 0.01640625 0.0375
0 0.2515625 0.60390625 0.0296875 0.1390625
0 0.2265625 0.609375 0.04140625 0.13515625
0 0.1953125 0.6078125 0.03125 0.1390625
0 0.0984375 0.58359375 0.02109375 0.0484375