0 0.0359375 0.90390625 0.071875 0.1875
0 0.03125 0.8609375 0.0625 0.23125
0 0.1875 0.80859375 0.13203125 0.37734375
0 0.26953125 0.7890625 0.0984375 0.37265625
0 0.1953125 0.7671875 0.08359375 0.35
0 0.12109375 0.7203125 0.06796875 0.28515625
0 0.084375 0.6625 0.0546875 0.21484375
0 0.05390625 0.65390625 0.0546875 0.2078125
0 0.3359375 0.8828125 0.1515625 0.2296875
0 0.4421875 0.81484375 0.0984375 0.36484375
0 0.91796875 0.8546875 0.15 0.28515625
0 0.96640625 0.8453125 0.06640625 0.3046875
0 0.94609375 0.7390625 0.06796875 0.17734375
0 0.78671875 0.8125 0.08984375 0.35
0 0.93515625 0.6578125 0.06015625 0.21484375
0 0.8890625 0.6953125 0.078125 0.2296875
0 0.96953125 0.5953125 0.03828125 0.13515625
0 0.98984375 0.5671875 0.01640625 0.08984375
0 0.915625 0.5578125 0.03203125 0.075
0 0.89609375 0.5859375 0.03203125 0.07265625
0 0.86953125 0.5796875 0.021875 0.06484375
0 0.846875 0.55859375 0.0234375 0.0921875
0 0.821875 0.62265625 0.05 0.1546875
0 0.83515625 0.5890625 0.0265625 0.1375
0 0.81796875 0.5375 0.01328125 0.03515625
0 0.80859375 0.5390625 0.0234375 0.0421875
0 0.72421875 0.73125 0.078125 0.2578125
0 0.7515625 0.6375 0.04296875 0.18984375
0 0.77421875 0.6 0.03515625 0.1046875
0 0.7875 0.55390625 0.021875 0.07734375
0 0.7703125 0.54609375 0.0234375 0.05234375
0 0.7484375 0.5484375 0.0265625 0.0421875
0 0.73046875 0.5609375 0.021875 0.0921875
0 0.71171875 0.5546875 0.0234375 0.08984375
0 0.69140625 0.59609375 0.04296875 0.1671875
0 0.65390625 0.56484375 0.025 0.08984375
0 0.64609375 0.54375 0.021875 0.0671875
0 0.64609375 0.60859375 0.0484375 0.17265625
0 0.61328125 0.61484375 0.03671875 0.16484375
0 0.5875 0.75234375 0.121875 0.325
0 0.59140625 0.5875 0.0296875 0.11015625
0 0.57109375 0.5453125 0.028125 0.0703125
0 0.559375 0.60625 0.0453125 0.12734375
0 0.546875 0.56640625 0.0265625 0.12265625
0 0.53359375 0.6265625 0.03671875 0.17265625
0 0.5234375 0.67109375 0.046875 0.2328125
0 0.5 0.67265625 0.05 0.23984375
0 0.484375 0.7234375 0.075 0.2328125
0 0.4015625 0.775 0.06328125 0.3203125
0 0.3734375 0.7359375 0.06328125 0.2921875
0 0.4515625 0.5515625 0.0265625 0.04765625
0 0.421875 0.59765625 0.03984375 0.125
0 0.371875 0.6125 0.046875 0.1703125
0 0.40390625 0.5703125 0.025 0.11484375
0 0.35078125 0.5421875 0.01796875 0.0546875
0 0.32421875 0.5828125 0.03203125 0.13515625
0 0.3078125 0.6484375 0.0453125 0.1828125
0 0.284375 0.62734375 0.0484375 0.125
0 0.2625 0.56015625 0.025 0.06484375
0 0.246875 0.57109375 0.0296875 0.0875
0 0.284375 0.5484375 0.025 0.0578125
0 0.21328125 0.55390625 0.03359375 0.07734375
0 0.19453125 0.54375 0.025 0.07265625
0 0.16953125 0.5671875 0.028125 0.0796875
0 0.1 0.53515625 0.0296875 0.06484375
0 0.24296875 0.5375 0.01640625 0.06484375
0 0.31015625 0.52734375 0.0234375 0.03984375
0 0.3703125 0.51875 0.01328125 0.0328125
0 0.51796875 0.5421875 0.0234375 0.03515625
0 0.43828125 0.51875 0.01640625 0.0328125
0 0.60390625 0.49765625 0.01171875 0.0453125
0 0.59609375 0.5 0.00859375 0.03984375
0 0.54609375 0.55625 0.01484375 0.0375
0 0.2671875 0.5390625 0.021875 0.07265625
0 0.77109375 0.9609375 0.13828125 0.07265625
0 0.9421875 0.5359375 0.01796875 0.0421875
0 0.9296875 0.5328125 0.01015625 0.03984375
0 0.81953125 0.53125 0.01484375 0.0328125
0 0.8234375 0.5640625 0.01640625 0.0328125
0 0.746875 0.5234375 0.0296875 0.0421875
0 0.7171875 0.5203125 0.01171875 0.025
0 0.69609375 0.52890625 0.01484375 0.02265625
0 0.671875 0.5640625 0.0234375 0.09765625
0 0.634375 0.51015625 0.01796875 0.025
0 0.6234375 0.53984375 0.01328125 0.03515625
0 0.58984375 0.5296875 0.0203125 0.0296875
0 0.15859375 0.54375 0.01015625 0.0625
0 0.16796875 0.52265625 0.01015625 0.025
0 0.03203125 0.5140625 0.01328125 0.02265625
0 0.0140625 0.5171875 0.01484375 0.025
0 0.2328125 0.41640625 0.01171875 0.02265625
0 0.42421875 0.47109375 0.01171875 0.0328125
0 0.475 0.41640625 0.01640625 0.0671875
0 0.578125 0.49140625 0.0203125 0.04765625
0 0.64140625 0.53359375 0.01015625 0.02734375
0 0.515625 0.5390625 0.01796875 0.02265625
0 0.496875 0.5734375 0.01640625 0.0421875
0 0.46953125 0.5609375 0.01484375 0.0375
0 0.490625 0.52734375 0.025 0.0546875
0 0.4671875 0.52109375 0.021875 0.0421875
0 0.45078125 0.51015625 0.01484375 0.0453125
0 0.4234375 0.5171875 0.0203125 0.03515625
0 0.434375 0.5515625 0.01484375 0.0328125
0 0.43828125 0.5296875 0.01015625 0.01484375
0 0.3953125 0.5265625 0.01328125 0.0421875
0 0.384375 0.5359375 0.01171875 0.0375
0 0.359375 0.5578125 0.01484375 0.06484375
0 0.340625 0.525 0.021875 0.03984375
0 0.28984375 0.5328125 0.01328125 0.0296875
0 0.2671875 0.5359375 0.01484375 0.02734375
0 0.796875 0.50625 0.0203125 0.0578125