0 0.03125 0.59296875 0.02265625 0.11484375
0 0.05078125 0.58984375 0.0421875 0.125
0 0.0875 0.60859375 0.04140625 0.21640625
0 0.11171875 0.60234375 0.05390625 0.2375
0 0.13359375 0.609375 0.028125 0.17734375
0 0.15078125 0.60390625 0.03203125 0.20390625
0 0.16796875 0.609375 0.04921875 0.22265625
0 0.196875 0.55078125 0.0375 0.11875
0 0.21796875 0.60703125 0.046875 0.20625
0 0.2515625 0.59375 0.0296875 0.1625
0 0.28046875 0.61015625 0.03984375 0.22109375
0 0.27578125 0.60703125 0.0328125 0.20625
0 0.2921875 0.51796875 0.0234375 0.08125
0 0.29921875 0.52109375 0.03046875 0.07890625
0 0.31484375 0.60546875 0.06015625 0.24765625
0 0.353125 0.59765625 0.03515625 0.21640625
0 0.3765625 0.59453125 0.03671875 0.21015625
0 0.4265625 0.60546875 0.0484375 0.22734375
0 0.4328125 0.51875 0.02109375 0.07109375
0 0.50703125 0.56953125 0.0328125 0.13984375
0 0.58125 0.67734375 0.15 0.64140625
0 0.63828125 0.59765625 0.03203125 0.09609375
0 0.61875 0.65625 0.10703125 0.12109375
0 0.6734375 0.53828125 0.034375 0.08984375
0 0.68515625 0.58125 0.034375 0.09140625
0 0.696875 0.634375 0.08125 0.19375
0 0.7484375 0.63125 0.0625 0.20859375
0 0.7484375 0.62265625 0.0609375 0.17109375
0 0.8765625 0.609375 0.05078125 0.11875
0 0.96171875 0.578125 0.07421875 0.12734375
0 0.175 0.52109375 0.0140625 0.03359375
0 0.2484375 0.64609375 0.0140625 0.05859375
0 0.7046875 0.58515625 0.1703125 0.12109375
0 0.8828125 0.559375 0.09375 0.06484375
0 0.94921875 0.54921875 0.04140625 0.04375
0 0.3359375 0.515625 0.01875 0.05625
0 0.52109375 0.63125 0.046875 0.14609375
0 0.98359375 0.603125 0.03046875 0.15625