0 0.19765625 0.37421875 0.11640625 0.3578125
0 0.4640625 0.5234375 0.23046875 0.77109375
0 0.7578125 0.48828125 0.203125 0.76015625
0 0.84296875 0.28515625 0.05078125 0.17890625
0 0.909375 0.40546875 0.1265625 0.51171875
0 0.92890625 0.2078125 0.03203125 0.0640625
0 0.9703125 0.215625 0.0578125 0.059375
0 0.64609375 0.3359375 0.0875 0.30625
0 0.58515625 0.3125 0.07265625 0.27265625
0 0.53984375 0.31640625 0.0390625 0.09296875
0 0.496875 0.25546875 0.04609375 0.0953125
0 0.40234375 0.28359375 0.025 0.1046875
0 0.3578125 0.296875 0.07421875 0.1671875
0 0.3390625 0.22734375 0.02109375 0.0328125
0 0.30625 0.27890625 0.0453125 0.1234375
0 0.2703125 0.29140625 0.03671875 0.1203125
0 0.259375 0.26328125 0.0296875 0.0859375
0 0.24921875 0.2859375 0.01953125 0.1078125
0 0.15859375 0.25234375 0.02578125 0.0609375
0 0.13046875 0.23671875 0.028125 0.03984375
0 0.1109375 0.25078125 0.0171875 0.0515625
0 0.04296875 0.7890625 0.0859375 0.25
0 0.32578125 0.24453125 0.01328125 0.0375
0 0.25546875 0.23359375 0.01484375 0.03359375
0 0.171875 0.26328125 0.0125 0.028125
0 0.16953125 0.23515625 0.0140625 0.02734375
0 0.146875 0.23671875 0.01328125 0.02265625
0 0.12578125 0.4171875 0.02265625 0.0875
0 0.1234375 0.24375 0.01484375 0.02734375
0 0.11328125 0.23828125 0.00546875 0.015625
0 0.10234375 0.23671875 0.00546875 0.01171875
0 0.28203125 0.22578125 0.01328125 0.02890625
0 0.34609375 0.20703125 0.01796875 0.02109375
0 0.74375 0.23828125 0.0171875 0.034375