0 0.06875 0.19453125 0.0703125 0.153125
0 0.55078125 0.1953125 0.0625 0.15859375
0 0.71875 0.18515625 0.04140625 0.16171875
0 0.75 0.1921875 0.04296875 0.15859375
0 0.98359375 0.1921875 0.03046875 0.15625
0 0.840625 0.43125 0.059375 0.1546875
0 0.83828125 0.55859375 0.12734375 0.14375
0 0.8859375 0.47421875 0.05 0.2703125
0 0.9109375 0.4609375 0.04375 0.2328125
0 0.97109375 0.453125 0.05078125 0.10234375
0 0.028125 0.15 0.05625 0.071875
0 0.1578125 0.1515625 0.14609375 0.07734375
0 0.26171875 0.1984375 0.0546875 0.0734375
0 0.378125 0.15625 0.17265625 0.0625
0 0.50078125 0.1546875 0.028125 0.0671875
0 0.5703125 0.19296875 0.02421875 0.1
0 0.5515625 0.2578125 0.0171875 0.01875
0 0.69921875 0.20546875 0.015625 0.01953125
0 0.95625 0.19140625 0.04296875 0.07109375
0 0.996875 0.45703125 0.0046875 0.05859375