0 0.07578125 0.69765625 0.1515625 0.6
0 0.15703125 0.65546875 0.11484375 0.51015625
0 0.2015625 0.59921875 0.06328125 0.46484375
0 0.2515625 0.49140625 0.09296875 0.2625
0 0.26328125 0.66484375 0.09375 0.4
0 0.3578125 0.63203125 0.10546875 0.39765625
0 0.43046875 0.72421875 0.1046875 0.54765625
0 0.2984375 0.42734375 0.04453125 0.1375
0 0.5109375 0.69921875 0.1421875 0.59765625
0 0.6265625 0.575 0.12109375 0.34609375
0 0.78671875 0.725 0.11875 0.54609375
0 0.8546875 0.815625 0.14765625 0.36484375
0 0.8796875 0.51640625 0.0390625 0.25390625
0 0.9421875 0.52734375 0.05625 0.32109375
0 0.8578125 0.434375 0.0328125 0.18125
0 0.79375 0.528125 0.07421875 0.26484375
0 0.73515625 0.50625 0.06484375 0.28359375
0 0.69921875 0.69375 0.0859375 0.49140625
0 0.3328125 0.40234375 0.04375 0.10859375
0 0.02265625 0.4375 0.04453125 0.2375
0 0.06015625 0.378125 0.02734375 0.05625
0 0.1015625 0.4625 0.05078125 0.18359375
0 0.18984375 0.37578125 0.03515625 0.08125
0 0.0828125 0.35859375 0.02265625 0.1125
0 0.06640625 0.346875 0.01796875 0.08984375
0 0.04375 0.378125 0.028125 0.07734375
0 0.06015625 0.37890625 0.02734375 0.05859375
0 0.17578125 0.32265625 0.01640625 0.06640625
0 0.1875 0.325 0.01796875 0.05859375
0 0.45390625 0.48125 0.0578125 0.17109375
0 0.30546875 0.82890625 0.26171875 0.3375
0 0.628125 0.84921875 0.22265625 0.29765625
0 0.92109375 0.41015625 0.09765625 0.2125
0 0.01640625 0.35078125 0.0328125 0.0828125
0 0.09375 0.321875 0.02578125 0.10234375
0 0.18046875 0.30625 0.06796875 0.1
0 0.4984375 0.35859375 0.4625 0.2
0 0.8984375 0.76171875 0.0390625 0.09765625
0 0.82421875 0.74375 0.0671875 0.10859375
0 0.7984375 0.46015625 0.034375 0.05
0 0.76875 0.53515625 0.0328125 0.09609375
0 0.13046875 0.39765625 0.02578125 0.05859375
0 0.96328125 0.575 0.02734375 0.11640625
0 0.50546875 0.14140625 0.26640625 0.03359375
0 0.4890625 0.50234375 0.01796875 0.0875
0 0.571875 0.49453125 0.075 0.07734375