0 0.93359375 0.75546875 0.13046875 0.48515625
0 0.84296875 0.74140625 0.1234375 0.5125
0 0.67421875 0.696875 0.10234375 0.36015625
0 0.67421875 0.68515625 0.06484375 0.33359375
0 0.51015625 0.6125 0.02734375 0.18359375
0 0.15078125 0.684375 0.06953125 0.33515625
0 0.18828125 0.621875 0.034375 0.15625
0 0.2125 0.59296875 0.01640625 0.07734375
0 0.88046875 0.475 0.121875 0.1625
0 0.9703125 0.54765625 0.04140625 0.23359375
0 0.53203125 0.590625 0.01875 0.14375
0 0.28984375 0.59296875 0.028125 0.07265625
0 0.08515625 0.353125 0.034375 0.13125