0 0.88203125 0.80078125 0.23359375 0.39375
0 0.60078125 0.725 0.234375 0.54609375
0 0.68984375 0.575 0.09296875 0.31640625
0 0.75859375 0.63828125 0.0953125 0.46484375
0 0.9171875 0.609375 0.11171875 0.41015625
0 0.984375 0.52109375 0.028125 0.19609375
0 0.94453125 0.440625 0.0484375 0.12265625
0 0.88984375 0.440625 0.0421875 0.08515625
0 0.83125 0.490625 0.05859375 0.19375
0 0.7 0.459375 0.05078125 0.14375
0 0.6234375 0.42890625 0.0375 0.075
0 0.58125 0.47578125 0.053125 0.16484375
0 0.52734375 0.53828125 0.07890625 0.27265625
0 0.54140625 0.4125 0.0203125 0.075
0 0.49296875 0.41171875 0.02109375 0.05234375
0 0.484375 0.46015625 0.028125 0.075
0 0.4234375 0.68515625 0.07421875 0.4
0 0.40703125 0.71171875 0.10078125 0.47265625
0 0.34375 0.65859375 0.07734375 0.49609375
0 0.40546875 0.51796875 0.053125 0.21015625
0 0.43984375 0.41484375 0.01796875 0.03359375
0 0.3984375 0.434375 0.03671875 0.13515625
0 0.42734375 0.40546875 0.02578125 0.05234375
0 0.321875 0.47421875 0.046875 0.16015625
0 0.30078125 0.48515625 0.03671875 0.14609375
0 0.25234375 0.52578125 0.0515625 0.26484375
0 0.2296875 0.50625 0.0375 0.225
0 0.20625 0.81328125 0.18203125 0.36875
0 0.0765625 0.76171875 0.1265625 0.47265625
0 0.18203125 0.59921875 0.08671875 0.24765625
0 0.1546875 0.62265625 0.07890625 0.45390625
0 0.07265625 0.48515625 0.07734375 0.18359375
0 0.1359375 0.45234375 0.04921875 0.11640625
0 0.19921875 0.43828125 0.034375 0.09375
0 0.01171875 0.55625 0.0234375 0.296875
0 0.1015625 0.48828125 0.03203125 0.16484375
0 0.03125 0.55078125 0.06015625 0.31015625
0 0.71015625 0.41484375 0.02109375 0.06640625
0 0.74609375 0.415625 0.02265625 0.05625
0 0.80078125 0.446875 0.02265625 0.08984375
0 0.8453125 0.41015625 0.0234375 0.06640625
0 0.97734375 0.45859375 0.02578125 0.12109375
0 0.45625 0.50546875 0.025 0.10625
0 0.01171875 0.80390625 0.0234375 0.2671875
0 0.2890625 0.39921875 0.184375 0.06015625
0 0.65703125 0.41171875 0.0328125 0.05625
0 0.81875 0.396875 0.01796875 0.04375
0 0.96796875 0.39609375 0.0625 0.05859375
0 0.1875 0.396875 0.01875 0.03125