0 0.071875 0.1234375 0.10546875 0.1890625
0 0.02421875 0.44296875 0.0484375 0.3546875
0 0.025 0.75234375 0.05 0.4921875
0 0.0359375 0.28828125 0.06328125 0.16953125
0 0.0703125 0.28125 0.07734375 0.13671875
0 0.065625 0.4640625 0.10859375 0.42578125
0 0.11796875 0.27734375 0.05703125 0.1390625
0 0.11484375 0.4890625 0.08828125 0.30859375
0 0.12734375 0.51171875 0.08984375 0.2484375
0 0.1125 0.74375 0.15625 0.50703125
0 0.1578125 0.20546875 0.07578125 0.27734375
0 0.19375 0.225 0.10078125 0.27265625
0 0.22265625 0.2921875 0.11328125 0.225
0 0.19140625 0.340625 0.08046875 0.14140625
0 0.19765625 0.4078125 0.09609375 0.175
0 0.21015625 0.6875 0.12265625 0.5953125
0 0.33828125 0.15546875 0.06171875 0.18203125
0 0.290625 0.21796875 0.10546875 0.2296875
0 0.328125 0.71015625 0.1421875 0.57421875
0 0.3765625 0.6734375 0.09609375 0.60546875
0 0.4015625 0.4078125 0.09921875 0.28984375
0 0.36640625 0.296875 0.07734375 0.3203125
0 0.43359375 0.26640625 0.08203125 0.2078125
0 0.4859375 0.21796875 0.08828125 0.19609375
0 0.43046875 0.74140625 0.1359375 0.51171875
0 0.49140625 0.7515625 0.21640625 0.49296875
0 0.47421875 0.3671875 0.07109375 0.175
0 0.54921875 0.29765625 0.09765625 0.22734375
0 0.60390625 0.2859375 0.07890625 0.21328125
0 0.56640625 0.73125 0.06328125 0.53359375
0 0.7046875 0.35859375 0.10703125 0.234375
0 0.65078125 0.659375 0.12421875 0.39921875
0 0.7171875 0.44765625 0.08046875 0.18203125
0 0.75 0.71640625 0.10859375 0.5625
0 0.68515625 0.80390625 0.196875 0.3875
0 0.8109375 0.76328125 0.07578125 0.46875
0 0.82890625 0.38046875 0.153125 0.3921875
0 0.81796875 0.32421875 0.07734375 0.44765625
0 0.87890625 0.34296875 0.06328125 0.2703125
0 0.88515625 0.59921875 0.12265625 0.4375
0 0.96171875 0.38125 0.07421875 0.2078125
0 0.91171875 0.8 0.1328125 0.39453125
0 0.959375 0.74609375 0.07890625 0.50234375
0 0.9390625 0.5421875 0.10546875 0.175
0 0.96953125 0.4578125 0.05859375 0.16953125
0 0.2921875 0.40546875 0.10703125 0.24140625
0 0.28984375 0.33125 0.10390625 0.15078125
0 0.5359375 0.4578125 0.05703125 0.13125
0 0.63359375 0.41015625 0.05859375 0.06953125
0 0.584375 0.4234375 0.06484375 0.1578125
0 0.6 0.38515625 0.0359375 0.0953125
0 0.46171875 0.4546875 0.07109375 0.11484375
0 0.48203125 0.51875 0.05234375 0.18671875
0 0.51015625 0.490625 0.0390625 0.090625
0 0.63828125 0.51171875 0.08359375 0.18671875
0 0.01328125 0.546875 0.0265625 0.16015625
0 0.23125 0.046875 0.09609375 0.09296875
0 0.2421875 0.1625 0.07109375 0.13359375
0 0.0140625 0.04296875 0.028125 0.0859375
0 0.26328125 0.49140625 0.05078125 0.1125
0 0.35625 0.8171875 0.03125 0.14609375
0 0.26015625 0.771875 0.06328125 0.175
0 0.7875 0.53671875 0.0265625 0.121875
0 0.7078125 0.53359375 0.05078125 0.071875
0 0.66796875 0.2703125 0.06171875 0.1390625
0 0.75234375 0.2609375 0.07890625 0.215625
0 0.70625 0.23125 0.015625 0.040625
0 0.778125 0.421875 0.0234375 0.07890625