0 0.95859375 0.68125 0.0796875 0.553125
0 0.7828125 0.66640625 0.2484375 0.6625
0 0.834375 0.4 0.0484375 0.1203125
0 0.7140625 0.665625 0.11796875 0.59296875
0 0.73515625 0.45703125 0.06640625 0.17109375
0 0.63359375 0.63203125 0.1234375 0.54453125
0 0.57109375 0.6046875 0.0953125 0.5109375
0 0.49453125 0.62109375 0.228125 0.62421875
0 0.396875 0.5953125 0.1234375 0.52890625
0 0.44765625 0.3890625 0.0453125 0.07578125
0 0.3609375 0.48203125 0.06484375 0.30703125
0 0.31328125 0.4796875 0.05 0.24453125
0 0.240625 0.50546875 0.08828125 0.28203125
0 0.2734375 0.4765625 0.046875 0.26015625
0 0.21015625 0.46328125 0.04296875 0.22421875
0 0.1890625 0.46796875 0.0453125 0.2203125
0 0.13359375 0.46640625 0.06015625 0.21796875
0 0.153125 0.38671875 0.0234375 0.07109375
0 0.1671875 0.45 0.03515625 0.19296875
0 0.0234375 0.45859375 0.046875 0.26015625
0 0.540625 0.39140625 0.03828125 0.07109375
0 0.47421875 0.37421875 0.03828125 0.0734375
0 0.07734375 0.42109375 0.078125 0.19296875
0 0.23828125 0.3546875 0.246875 0.046875