0 0.08125 0.6765625 0.12734375 0.3765625
0 0.1890625 0.71328125 0.1609375 0.40625
0 0.34140625 0.6578125 0.02265625 0.0453125
0 0.36171875 0.65625 0.021875 0.06015625
0 0.3921875 0.69453125 0.05078125 0.1484375
0 0.41875 0.66875 0.0375 0.071875
0 0.4578125 0.66640625 0.0609375 0.096875
0 0.4890625 0.64609375 0.0234375 0.08984375
0 0.50703125 0.66328125 0.0390625 0.08828125
0 0.54140625 0.715625 0.06015625 0.18671875
0 0.5140625 0.6234375 0.0234375 0.04140625
0 0.57421875 0.64453125 0.03359375 0.06015625
0 0.59765625 0.6609375 0.02734375 0.08359375
0 0.64296875 0.6703125 0.07265625 0.25859375
0 0.73359375 0.63671875 0.0234375 0.05
0 0.75234375 0.66796875 0.115625 0.2703125
0 0.6609375 0.678125 0.0625 0.153125
0 0.0171875 0.67421875 0.034375 0.1796875
0 0.45625 0.64453125 0.0375 0.03125
0 0.540625 0.63203125 0.01484375 0.0296875
0 0.58515625 0.64296875 0.0140625 0.03203125
0 0.74921875 0.62265625 0.01484375 0.021875