0 0.04375 0.54296875 0.0546875 0.12265625
0 0.03671875 0.5046875 0.03046875 0.1390625
0 0.0625 0.490625 0.028125 0.08828125
0 0.08203125 0.5 0.025 0.11328125
0 0.1125 0.5375 0.03046875 0.10703125
0 0.134375 0.540625 0.04375 0.10390625
0 0.1546875 0.50625 0.02265625 0.11328125
0 0.1796875 0.54453125 0.05703125 0.1765625
0 0.21484375 0.49609375 0.034375 0.05234375
0 0.275 0.58203125 0.071875 0.25546875
0 0.32109375 0.51484375 0.034375 0.134375
0 0.36015625 0.49296875 0.04140625 0.08359375
0 0.38203125 0.57734375 0.06484375 0.1734375
0 0.45546875 0.5703125 0.0921875 0.159375
0 0.4859375 0.57109375 0.09375 0.1859375
0 0.54765625 0.5453125 0.04375 0.10859375
0 0.57734375 0.5390625 0.040625 0.11640625
0 0.58046875 0.48203125 0.0296875 0.05546875
0 0.62578125 0.51484375 0.04140625 0.178125
0 0.640625 0.4640625 0.01640625 0.03125
0 0.6515625 0.5234375 0.025 0.1484375
0 0.67578125 0.53515625 0.05 0.22265625
0 0.73203125 0.5140625 0.03203125 0.1921875
0 0.75078125 0.52734375 0.034375 0.18125
0 0.7765625 0.56953125 0.08515625 0.31875
0 0.8203125 0.4671875 0.03046875 0.08515625
0 0.8578125 0.56484375 0.05 0.3
0 0.878125 0.57890625 0.09921875 0.315625
0 0.9328125 0.53828125 0.0578125 0.24765625
0 0.975 0.52265625 0.0328125 0.165625
0 0.51328125 0.53203125 0.040625 0.08046875
0 0.0078125 0.55546875 0.015625 0.11015625
0 0.0546875 0.46328125 0.0109375 0.0140625
0 0.1109375 0.4953125 0.01875 0.06953125
0 0.090625 0.5078125 0.01796875 0.09140625
0 0.34921875 0.46796875 0.02109375 0.0390625
0 0.80625 0.52421875 0.0296875 0.190625
0 0.98671875 0.52578125 0.0234375 0.159375
0 0.95546875 0.52265625 0.0203125 0.18125