0 0.29921875 0.60859375 0.28359375 0.38046875
0 0.371875 0.4734375 0.04453125 0.065625
0 0.5671875 0.64765625 0.33828125 0.46953125
0 0.6921875 0.65859375 0.046875 0.12578125
0 0.50703125 0.5609375 0.0703125 0.10703125
0 0.7484375 0.628125 0.07421875 0.14296875
0 0.73359375 0.61640625 0.11015625 0.17109375
0 0.8140625 0.59296875 0.053125 0.06953125
0 0.84140625 0.59296875 0.02890625 0.06640625
0 0.8765625 0.59375 0.03671875 0.06328125
0 0.90859375 0.60703125 0.0578125 0.07578125
0 0.89765625 0.56796875 0.021875 0.02109375
0 0.93515625 0.58828125 0.03359375 0.06328125
0 0.965625 0.5828125 0.0359375 0.05078125
0 0.95 0.58359375 0.01953125 0.04296875
0 0.91328125 0.57109375 0.01328125 0.00859375