0 0.06328125 0.1609375 0.12578125 0.27734375
0 0.08125 0.27890625 0.16171875 0.2546875
0 0.06953125 0.63125 0.1390625 0.6625
0 0.225 0.29765625 0.1796875 0.5953125
0 0.18125 0.37265625 0.13671875 0.334375
0 0.17109375 0.7046875 0.17421875 0.5875
0 0.403125 0.14296875 0.2 0.2859375
0 0.2859375 0.54296875 0.08203125 0.50390625
0 0.378125 0.4609375 0.19296875 0.65234375
0 0.34921875 0.8046875 0.13125 0.38828125
0 0.2828125 0.82421875 0.19375 0.34921875
0 0.2828125 0.85625 0.196875 0.28515625
0 0.4890625 0.20078125 0.12421875 0.4015625
0 0.46171875 0.503125 0.15390625 0.415625
0 0.521875 0.8921875 0.2296875 0.21328125
0 0.59765625 0.16953125 0.1078125 0.3390625
0 0.534375 0.39375 0.12890625 0.58359375
0 0.65 0.1953125 0.121875 0.3015625
0 0.6171875 0.509375 0.1171875 0.7046875
0 0.61953125 0.6046875 0.0890625 0.34921875
0 0.6984375 0.68984375 0.175 0.61796875
0 0.73984375 0.0984375 0.0953125 0.19609375
0 0.6953125 0.24453125 0.09296875 0.23125
0 0.75625 0.55703125 0.21171875 0.703125
0 0.79140625 0.11328125 0.109375 0.2265625
0 0.84765625 0.34375 0.190625 0.50859375
0 0.9171875 0.26484375 0.14921875 0.5265625
0 0.8546875 0.5734375 0.1296875 0.265625
0 0.82734375 0.7921875 0.1546875 0.4125
0 0.93671875 0.62578125 0.12421875 0.26875
0 0.8828125 0.8828125 0.14609375 0.23125
0 0.15546875 0.0296875 0.0640625 0.059375
0 0.04453125 0.81953125 0.0890625 0.35859375
0 0.31015625 0.0515625 0.125 0.10078125
0 0.66171875 0.04375 0.0953125 0.08671875
0 0.78125 0.02890625 0.04375 0.0578125
0 0.953125 0.05625 0.07890625 0.1125
0 0.97109375 0.26796875 0.05 0.3046875
0 0.9375 0.80859375 0.12265625 0.3796875