0 0.05234375 0.52421875 0.06484375 0.12265625
0 0.090625 0.65546875 0.1703125 0.68515625
0 0.2171875 0.66328125 0.08671875 0.38984375
0 0.246875 0.63125 0.025 0.26640625
0 0.2671875 0.66171875 0.0578125 0.34375
0 0.38828125 0.73046875 0.09296875 0.47265625
0 0.61875 0.64921875 0.0515625 0.27265625
0 0.65703125 0.64140625 0.05546875 0.275
0 0.7734375 0.63828125 0.0703125 0.28515625
0 0.79140625 0.62578125 0.0375 0.28125
0 0.8125 0.596875 0.02109375 0.12734375
0 0.871875 0.596875 0.03984375 0.15234375
0 0.54140625 0.60078125 0.028125 0.12734375
0 0.5234375 0.57578125 0.0234375 0.08515625
0 0.5234375 0.57109375 0.0140625 0.075
0 0.01171875 0.55546875 0.0234375 0.17265625
0 0.1734375 0.48515625 0.0234375 0.06640625
0 0.35078125 0.53359375 0.03984375 0.16640625
0 0.71328125 0.53828125 0.015625 0.06875