0 0.078125 0.62578125 0.15625 0.74375
0 0.0859375 0.63828125 0.1171875 0.60234375
0 0.153125 0.56875 0.034375 0.25859375
0 0.2140625 0.51640625 0.06953125 0.2
0 0.165625 0.59296875 0.0328125 0.15234375
0 0.26171875 0.55546875 0.04921875 0.31015625
0 0.28984375 0.46796875 0.01875 0.06875
0 0.3265625 0.67578125 0.1125 0.54765625
0 0.346875 0.47265625 0.0296875 0.075
0 0.38203125 0.49453125 0.04375 0.13984375
0 0.4125 0.61796875 0.21015625 0.76015625
0 0.2 0.79140625 0.15390625 0.4125
0 0.50390625 0.82265625 0.0390625 0.1625
0 0.54375 0.671875 0.103125 0.62265625
0 0.5890625 0.48359375 0.04453125 0.1125
0 0.659375 0.63671875 0.19140625 0.72265625
0 0.7390625 0.69296875 0.11953125 0.57265625
0 0.7765625 0.609375 0.0859375 0.35625
0 0.81953125 0.55234375 0.02734375 0.19609375
0 0.83828125 0.57109375 0.0421875 0.25859375
0 0.8953125 0.59921875 0.065625 0.30625
0 0.9125 0.57265625 0.025 0.22109375
0 0.96484375 0.6125 0.065625 0.34140625
0 0.140625 0.46796875 0.009375 0.03125
0 0.18125 0.49375 0.0390625 0.09609375
0 0.2375 0.521875 0.02734375 0.13515625
0 0.35234375 0.465625 0.01328125 0.02265625
0 0.571875 0.48515625 0.01640625 0.05
0 0.59140625 0.425 0.01875 0.0125
0 0.73125 0.46171875 0.02578125 0.03515625
0 0.8828125 0.48125 0.00703125 0.02890625
0 0.98671875 0.53125 0.025 0.06640625
0 0.03125 0.48046875 0.0625 0.05234375