0 0.9140625 0.48671875 0.1703125 0.97265625
0 0.8 0.47734375 0.21953125 0.95390625
0 0.65234375 0.35859375 0.03515625 0.30859375
0 0.63203125 0.37421875 0.03671875 0.36875
0 0.61875 0.36796875 0.06015625 0.39375
0 0.559375 0.40625 0.10390625 0.60859375
0 0.53046875 0.378125 0.07109375 0.47734375
0 0.47421875 0.43046875 0.04609375 0.35234375
0 0.446875 0.36953125 0.16796875 0.69375
0 0.37109375 0.35625 0.096875 0.65
0 0.33828125 0.34765625 0.04609375 0.35
0 0.04609375 0.49921875 0.0921875 0.9984375
0 0.14921875 0.496875 0.20234375 0.99375
0 0.09375 0.47109375 0.18671875 0.94140625
0 0.24921875 0.37421875 0.06640625 0.51015625
0 0.21171875 0.37890625 0.0734375 0.47109375
0 0.2875 0.39296875 0.04765625 0.16484375
0 0.29921875 0.34921875 0.02578125 0.11015625
0 0.2828125 0.178125 0.034375 0.13515625
0 0.321875 0.18203125 0.034375 0.16484375
0 0.34375 0.15078125 0.0390625 0.09375
0 0.3640625 0.13359375 0.028125 0.06640625
0 0.31796875 0.14921875 0.01640625 0.04375
0 0.49296875 0.40234375 0.0328125 0.29609375
0 0.88203125 0.43046875 0.09140625 0.86015625
0 0.23671875 0.103125 0.1421875 0.07265625
0 0.40859375 0.490625 0.03046875 0.06015625