0 0.13671875 0.565625 0.2046875 0.7625
0 0.1015625 0.440625 0.203125 0.7078125
0 0.18828125 0.365625 0.0921875 0.49375
0 0.26796875 0.46328125 0.1578125 0.5234375
0 0.25390625 0.30078125 0.0859375 0.40234375
0 0.31328125 0.3515625 0.0796875 0.52109375
0 0.36640625 0.38203125 0.1578125 0.56171875
0 0.38203125 0.15390625 0.0328125 0.0484375
0 0.44609375 0.36640625 0.0828125 0.40234375
0 0.5078125 0.3484375 0.096875 0.4640625
0 0.284375 0.13046875 0.025 0.06953125
0 0.546875 0.28671875 0.06875 0.33671875
0 0.4953125 0.28515625 0.065625 0.3328125
0 0.6234375 0.36640625 0.1 0.41953125
0 0.67265625 0.40703125 0.0734375 0.1734375
0 0.69375 0.33359375 0.05625 0.1546875
0 0.60078125 0.18046875 0.0390625 0.09296875
0 0.63046875 0.18515625 0.0859375 0.12109375
0 0.66640625 0.19609375 0.0515625 0.125
0 0.6765625 0.16015625 0.028125 0.06171875
0 0.69296875 0.19921875 0.0234375 0.12265625
0 0.71953125 0.2328125 0.0515625 0.19921875
0 0.74453125 0.2046875 0.0390625 0.1375
0 0.78125 0.22421875 0.034375 0.13125
0 0.83359375 0.3265625 0.0921875 0.2375
0 0.84140625 0.203125 0.0421875 0.059375
0 0.90234375 0.184375 0.0234375 0.071875
0 0.95390625 0.20859375 0.0640625 0.15859375
0 0.01953125 0.38203125 0.0390625 0.4171875
0 0.36875 0.121875 0.025 0.0359375
0 0.503125 0.1125 0.1 0.0296875
0 0.903125 0.0359375 0.015625 0.03828125