0 0.04296875 0.4203125 0.01875 0.15625
0 0.05390625 0.42421875 0.0171875 0.17578125
0 0.06953125 0.4375 0.02109375 0.146875
0 0.0875 0.4765625 0.0265625 0.24765625
0 0.10234375 0.40078125 0.01015625 0.06953125
0 0.075 0.55625 0.0796875 0.40625
0 0.10078125 0.60234375 0.01875 0.12109375
0 0.11640625 0.66640625 0.02890625 0.225
0 0.12578125 0.65234375 0.059375 0.30625
0 0.14375 0.7296875 0.0421875 0.18984375
0 0.18046875 0.71640625 0.03828125 0.20546875
0 0.22578125 0.6921875 0.06640625 0.2625
0 0.2546875 0.7109375 0.03046875 0.1625
0 0.28203125 0.725 0.04453125 0.18046875
0 0.3203125 0.715625 0.03828125 0.19765625
0 0.35546875 0.68828125 0.046875 0.17734375
0 0.3546875 0.709375 0.04453125 0.23671875
0 0.39765625 0.66484375 0.0296875 0.121875
0 0.4421875 0.71640625 0.05 0.23671875
0 0.46484375 0.621875 0.01953125 0.1203125
0 0.48203125 0.615625 0.03125 0.15078125
0 0.4796875 0.5703125 0.01640625 0.09453125
0 0.4875 0.740625 0.03203125 0.18515625
0 0.484375 0.7125 0.0640625 0.2625
0 0.5296875 0.728125 0.03515625 0.1875
0 0.56171875 0.728125 0.03359375 0.2046875
0 0.5875 0.75234375 0.03046875 0.16796875
0 0.59765625 0.70390625 0.034375 0.2375
0 0.64140625 0.7640625 0.0359375 0.1671875
0 0.64375 0.746875 0.04921875 0.25703125
0 0.67578125 0.69296875 0.04609375 0.284375
0 0.734375 0.72265625 0.0375 0.2453125
0 0.734375 0.69765625 0.0625 0.31015625
0 0.771875 0.76328125 0.0609375 0.2390625
0 0.81171875 0.778125 0.07890625 0.278125
0 0.85703125 0.8109375 0.040625 0.24296875
0 0.8671875 0.7578125 0.06328125 0.33046875
0 0.871875 0.5578125 0.07109375 0.29921875
0 0.8421875 0.5625 0.04765625 0.33046875
0 0.821875 0.45078125 0.0234375 0.096875
0 0.83671875 0.39765625 0.0203125 0.04375
0 0.81484375 0.43125 0.01796875 0.11796875
0 0.80390625 0.5875 0.05625 0.315625
0 0.79140625 0.45625 0.01953125 0.096875
0 0.78828125 0.40234375 0.0171875 0.05625
0 0.77265625 0.5734375 0.04375 0.29453125
0 0.74296875 0.54140625 0.0328125 0.17578125
0 0.73984375 0.46875 0.04765625 0.146875
0 0.7546875 0.4296875 0.0296875 0.1515625
0 0.71484375 0.6390625 0.03671875 0.32578125
0 0.6953125 0.64375 0.01953125 0.284375
0 0.68359375 0.59140625 0.0234375 0.14140625
0 0.65546875 0.57890625 0.025 0.10390625
0 0.703125 0.4640625 0.03984375 0.15859375
0 0.675 0.49921875 0.0328125 0.1671875
0 0.6421875 0.51953125 0.03984375 0.2125
0 0.625 0.68359375 0.040625 0.271875
0 0.6703125 0.4265625 0.03515625 0.14375
0 0.64296875 0.41875 0.025 0.09375
0 0.61796875 0.44296875 0.0453125 0.13515625
0 0.60703125 0.51484375 0.0375 0.2046875
0 0.6109375 0.39140625 0.0421875 0.13671875
0 0.5859375 0.4453125 0.02890625 0.14609375
0 0.5671875 0.48671875 0.04296875 0.16875
0 0.56953125 0.615625 0.046875 0.17578125
0 0.57734375 0.534375 0.02890625 0.1265625
0 0.55390625 0.54921875 0.02109375 0.10703125
0 0.5375 0.61171875 0.0421875 0.22109375
0 0.5375 0.48984375 0.0296875 0.1578125
0 0.53671875 0.44453125 0.04609375 0.175
0 0.50078125 0.60546875 0.04453125 0.16640625
0 0.51015625 0.4796875 0.03203125 0.24609375
0 0.48671875 0.48359375 0.04140625 0.17421875
0 0.4671875 0.4625 0.03203125 0.203125
0 0.45 0.3890625 0.02265625 0.0640625
0 0.44609375 0.50078125 0.04375 0.23046875
0 0.42578125 0.6328125 0.0359375 0.24609375
0 0.425 0.42421875 0.0359375 0.184375
0 0.4 0.3953125 0.01875 0.0796875
0 0.40859375 0.5421875 0.03203125 0.34453125
0 0.38046875 0.484375 0.046875 0.23515625
0 0.3609375 0.46875 0.040625 0.271875
0 0.33359375 0.5328125 0.0359375 0.321875
0 0.31484375 0.50546875 0.028125 0.384375
0 0.28359375 0.45625 0.053125 0.29140625
0 0.2515625 0.4203125 0.03984375 0.1859375
0 0.23984375 0.378125 0.0296875 0.11796875
0 0.246875 0.48828125 0.028125 0.2171875
0 0.22734375 0.45859375 0.02265625 0.19453125
0 0.28359375 0.64921875 0.0375 0.22109375
0 0.2828125 0.60859375 0.0421875 0.19375
0 0.2390625 0.58671875 0.03671875 0.1953125
0 0.1984375 0.57890625 0.0390625 0.184375
0 0.18515625 0.49609375 0.0546875 0.13515625
0 0.17109375 0.61171875 0.0328125 0.26953125
0 0.20625 0.44765625 0.04140625 0.23671875
0 0.18671875 0.3921875 0.0328125 0.15546875
0 0.17109375 0.37734375 0.01484375 0.0734375
0 0.1671875 0.43671875 0.02109375 0.06953125
0 0.16015625 0.52734375 0.0359375 0.384375
0 0.1375 0.45 0.0453125 0.2640625
0 0.92890625 0.528125 0.0265625 0.14296875
0 0.93671875 0.5140625 0.0109375 0.121875
0 0.96640625 0.4796875 0.0125 0.0421875
0 0.98125 0.546875 0.03671875 0.23515625
0 0.13359375 0.365625 0.0109375 0.0390625
0 0.9015625 0.478125 0.0421875 0.08984375
0 0.95390625 0.4765625 0.0140625 0.08984375
0 0.97265625 0.44765625 0.02421875 0.03203125
0 0.99609375 0.4546875 0.0046875 0.053125