0 0.0265625 0.4125 0.009375 0.028125
0 0.0625 0.42421875 0.0125 0.05546875
0 0.075 0.5109375 0.01484375 0.0640625
0 0.08671875 0.509375 0.01796875 0.0671875
0 0.09609375 0.5109375 0.02109375 0.0640625
0 0.1125 0.509375 0.01875 0.0671875
0 0.07890625 0.5359375 0.01796875 0.07890625
0 0.01015625 0.61640625 0.01953125 0.08828125
0 0.06640625 0.65 0.034375 0.1296875
0 0.103125 0.65 0.03515625 0.12265625
0 0.121875 0.59765625 0.03125 0.04765625
0 0.14453125 0.6296875 0.028125 0.1078125
0 0.15859375 0.65546875 0.03203125 0.11484375
0 0.17890625 0.59609375 0.02578125 0.08046875
0 0.18359375 0.6234375 0.01796875 0.0640625
0 0.20859375 0.6421875 0.02890625 0.07734375
0 0.20078125 0.72734375 0.04140625 0.1359375
0 0.29765625 0.8109375 0.0375 0.18203125
0 0.4796875 0.6265625 0.02421875 0.11171875
0 0.5125 0.61875 0.02734375 0.12265625
0 0.54453125 0.6234375 0.02421875 0.11328125
0 0.58046875 0.6234375 0.028125 0.096875
0 0.58671875 0.634375 0.02890625 0.0984375
0 0.603125 0.6453125 0.03515625 0.103125
0 0.61640625 0.61953125 0.02421875 0.07890625
0 0.63828125 0.62578125 0.03125 0.1
0 0.66328125 0.634375 0.03125 0.0984375
0 0.69296875 0.6265625 0.021875 0.1078125
0 0.7140625 0.59921875 0.01796875 0.0734375
0 0.72578125 0.60234375 0.01953125 0.07734375
0 0.70703125 0.55390625 0.01875 0.05234375
0 0.73671875 0.5578125 0.02734375 0.05703125
0 0.76015625 0.5640625 0.01796875 0.0625
0 0.7625 0.59296875 0.01875 0.1
0 0.7734375 0.590625 0.021875 0.1
0 0.81796875 0.59453125 0.02578125 0.1
0 0.7671875 0.52578125 0.01171875 0.02109375
0 0.83359375 0.54765625 0.015625 0.05546875
0 0.86953125 0.584375 0.028125 0.08984375
0 0.93828125 0.5703125 0.01875 0.08828125
0 0.91328125 0.48671875 0.01328125 0.04609375
0 0.0796875 0.40390625 0.02578125 0.03125
0 0.04453125 0.4140625 0.02109375 0.040625
0 0.01484375 0.39296875 0.00859375 0.02421875
0 0.00625 0.47109375 0.0125 0.0515625
0 0.03671875 0.47265625 0.028125 0.04765625
0 0.184375 0.403125 0.12109375 0.0296875
0 0.33203125 0.41171875 0.09765625 0.04609375
0 0.48515625 0.43046875 0.090625 0.034375
0 0.12578125 0.45703125 0.0125 0.0265625
0 0.16953125 0.4796875 0.015625 0.0375
0 0.18046875 0.6515625 0.02578125 0.0703125
0 0.21796875 0.68046875 0.02109375 0.059375
0 0.68828125 0.5640625 0.03203125 0.04921875
0 0.72109375 0.559375 0.01796875 0.04921875
0 0.6140625 0.41640625 0.165625 0.04296875
0 0.83125 0.41484375 0.06015625 0.0328125
0 0.79609375 0.55546875 0.03203125 0.07578125
0 0.84375 0.55390625 0.00859375 0.04296875
0 0.90078125 0.5734375 0.05703125 0.08515625
0 0.58125 0.84296875 0.25 0.0984375
0 0.771875 0.803125 0.12734375 0.071875
0 0.9390625 0.82578125 0.040625 0.159375
0 0.41953125 0.39453125 0.06875 0.028125