0 0.98046875 0.74140625 0.03203125 0.04140625
0 0.98125 0.7265625 0.02578125 0.046875
0 0.9640625 0.73515625 0.0203125 0.0515625
0 0.9515625 0.7375 0.0140625 0.04765625
0 0.94140625 0.73828125 0.02109375 0.04765625
0 0.93359375 0.7328125 0.01171875 0.0328125
0 0.93203125 0.7171875 0.01015625 0.01796875
0 0.8859375 0.7328125 0.0125 0.0453125
0 0.8546875 0.73359375 0.00703125 0.01953125
0 0.871875 0.76796875 0.0265625 0.04765625
0 0.8546875 0.76875 0.01640625 0.05234375
0 0.85546875 0.76796875 0.01484375 0.0515625
0 0.846875 0.76953125 0.0125 0.05390625
0 0.84609375 0.7703125 0.01328125 0.053125
0 0.84140625 0.77265625 0.01640625 0.05546875
0 0.82421875 0.79296875 0.0375 0.0953125
0 0.81484375 0.7796875 0.021875 0.05625
0 0.80234375 0.7890625 0.02421875 0.04609375
0 0.796875 0.7609375 0.0203125 0.021875
0 0.8015625 0.78828125 0.0234375 0.0453125
0 0.77421875 0.77890625 0.04375 0.0671875
0 0.73203125 0.8125 0.06328125 0.125
0 0.7296875 0.79453125 0.0875 0.109375
0 0.6375 0.82421875 0.040625 0.1734375
0 0.5859375 0.7984375 0.05625 0.11171875
0 0.53984375 0.8265625 0.05 0.11796875
0 0.54609375 0.80703125 0.171875 0.18203125
0 0.44375 0.8125 0.1015625 0.1828125
0 0.42109375 0.86875 0.1015625 0.2546875
0 0.36015625 0.85 0.08828125 0.17109375
0 0.31171875 0.86328125 0.0625 0.16875
0 0.20078125 0.87109375 0.20625 0.25625
0 0.03984375 0.7953125 0.0796875 0.3796875
0 0.0671875 0.77890625 0.040625 0.26328125
0 0.12578125 0.8046875 0.08203125 0.37265625
0 0.15078125 0.778125 0.04375 0.2390625
0 0.18203125 0.7203125 0.0171875 0.05078125
0 0.2 0.7375 0.03203125 0.115625
0 0.21015625 0.7171875 0.01875 0.0609375
0 0.23125 0.7171875 0.01640625 0.0828125
0 0.24296875 0.71875 0.03359375 0.078125
0 0.2515625 0.72421875 0.0140625 0.0453125
0 0.26875 0.7 0.0296875 0.0671875
0 0.2703125 0.74453125 0.0375 0.06953125
0 0.30703125 0.73046875 0.05859375 0.1171875
0 0.32421875 0.72734375 0.01953125 0.075
0 0.34375 0.77109375 0.01796875 0.04609375
0 0.34140625 0.7296875 0.01796875 0.03984375
0 0.34921875 0.7609375 0.0203125 0.06484375
0 0.37421875 0.75546875 0.04609375 0.22421875
0 0.39921875 0.709375 0.05390625 0.125
0 0.4375 0.68515625 0.0484375 0.11796875
0 0.484375 0.71796875 0.05078125 0.11796875
0 0.503125 0.7234375 0.02890625 0.07578125
0 0.52890625 0.7234375 0.0296875 0.09296875
0 0.5515625 0.74609375 0.04140625 0.13828125
0 0.6109375 0.7671875 0.03359375 0.1734375
0 0.609375 0.76796875 0.03203125 0.1703125
0 0.625 0.6984375 0.01953125 0.0296875
0 0.665625 0.7546875 0.1046875 0.1984375
0 0.696875 0.7640625 0.04140625 0.140625
0 0.690625 0.7078125 0.028125 0.04765625
0 0.70703125 0.70625 0.0140625 0.0390625
0 0.721875 0.7578125 0.0359375 0.12890625
0 0.7546875 0.7375 0.0140625 0.04453125
0 0.759375 0.73125 0.00703125 0.02265625
0 0.84921875 0.715625 0.0125 0.01796875
0 0.84296875 0.71875 0.0203125 0.05546875
0 0.81328125 0.72578125 0.02421875 0.06484375
0 0.8015625 0.7296875 0.01484375 0.05390625
0 0.78984375 0.7203125 0.01171875 0.02421875
0 0.77890625 0.73203125 0.0140625 0.03359375
0 0.09765625 0.7625 0.03828125 0.3
0 0.70703125 0.3921875 0.05703125 0.22109375
0 0.971875 0.72421875 0.00859375 0.009375
0 0.94765625 0.72734375 0.00625 0.0125
0 0.94296875 0.71484375 0.0078125 0.01171875
0 0.9265625 0.7390625 0.0046875 0.01484375
0 0.8890625 0.73125 0.0109375 0.03046875
0 0.871875 0.73046875 0.00625 0.025
0 0.8625 0.72109375 0.0140625 0.01484375
0 0.8734375 0.7640625 0.003125 0.0109375
0 0.81484375 0.75078125 0.02109375 0.02265625
0 0.16953125 0.71328125 0.0109375 0.04375
0 0.203125 0.6984375 0.01015625 0.021875
0 0.5796875 0.71796875 0.0296875 0.04765625
0 0.5125 0.721875 0.0140625 0.0359375
0 0.79609375 0.7203125 0.00625 0.0125
0 0.70390625 0.6234375 0.06640625 0.1140625