0 0.065625 0.78828125 0.13125 0.4203125
0 0.24453125 0.65390625 0.06953125 0.35859375
0 0.365625 0.74921875 0.10234375 0.49765625
0 0.4875 0.83515625 0.1 0.325
0 0.39140625 0.64140625 0.0671875 0.36640625
0 0.321875 0.48203125 0.05546875 0.26015625
0 0.40703125 0.38515625 0.02578125 0.1125
0 0.46796875 0.4375 0.0328125 0.09609375
0 0.484375 0.309375 0.0234375 0.06015625
0 0.4546875 0.30234375 0.0109375 0.0375
0 0.60234375 0.3625 0.02734375 0.125
0 0.59765625 0.32734375 0.01640625 0.05
0 0.709375 0.56640625 0.08359375 0.30390625
0 0.73359375 0.63203125 0.0515625 0.23125
0 0.7765625 0.659375 0.053125 0.22734375
0 0.7796875 0.58046875 0.04375 0.09375
0 0.83359375 0.68671875 0.06015625 0.23515625
0 0.83125 0.653125 0.05859375 0.20234375
0 0.8328125 0.590625 0.06015625 0.13515625
0 0.85078125 0.51953125 0.0421875 0.06875
0 0.89609375 0.653125 0.10703125 0.43984375
0 0.96875 0.68984375 0.06015625 0.3375
0 0.97421875 0.51171875 0.04921875 0.26015625
0 0.97734375 0.396875 0.01171875 0.02265625
0 0.95546875 0.4625 0.03046875 0.17109375
0 0.89765625 0.42578125 0.02109375 0.06484375
0 0.87890625 0.44609375 0.02265625 0.10859375
0 0.86171875 0.440625 0.02578125 0.10625
0 0.83984375 0.459375 0.025 0.12734375
0 0.8265625 0.45859375 0.0234375 0.1125
0 0.8328125 0.38515625 0.0296875 0.0625
0 0.81796875 0.36171875 0.02109375 0.04765625
0 0.80546875 0.37109375 0.0203125 0.09140625
0 0.81328125 0.45546875 0.02109375 0.11484375
0 0.79453125 0.45078125 0.0234375 0.11484375
0 0.7859375 0.46875 0.02734375 0.09609375
0 0.7890625 0.38984375 0.028125 0.075
0 0.803125 0.41015625 0.01796875 0.09609375
0 0.8125 0.40234375 0.01875 0.05
0 0.7703125 0.45078125 0.02265625 0.10625
0 0.77734375 0.37109375 0.01640625 0.05
0 0.76484375 0.43359375 0.02265625 0.1375
0 0.75859375 0.36640625 0.02265625 0.0625
0 0.73828125 0.43984375 0.0328125 0.12109375
0 0.7328125 0.359375 0.02734375 0.05234375
0 0.71796875 0.41328125 0.025 0.07734375
0 0.70078125 0.42734375 0.0234375 0.10859375
0 0.6921875 0.43359375 0.028125 0.1125
0 0.67109375 0.42890625 0.02109375 0.10859375
0 0.6640625 0.36875 0.00859375 0.0125
0 0.6453125 0.41953125 0.01875 0.12265625
0 0.634375 0.40703125 0.0203125 0.10234375
0 0.653125 0.365625 0.01796875 0.08125
0 0.6671875 0.35078125 0.025 0.05234375
0 0.68046875 0.40625 0.02578125 0.1125
0 0.66875 0.41953125 0.02109375 0.11484375
0 0.70390625 0.39140625 0.025 0.125
0 0.88515625 0.328125 0.01640625 0.02734375
0 0.68984375 0.36796875 0.0109375 0.02265625
0 0.69453125 0.34453125 0.01171875 0.03125
0 0.03359375 0.475 0.0390625 0.11640625