0 0.315625 0.51640625 0.134375 0.56953125
0 0.4296875 0.43125 0.034375 0.28828125
0 0.50703125 0.45546875 0.0609375 0.27109375
0 0.5578125 0.48046875 0.06953125 0.38828125
0 0.5875 0.44609375 0.02421875 0.14296875
0 0.59765625 0.39765625 0.04140625 0.17421875
0 0.621875 0.37578125 0.02578125 0.14453125
0 0.63984375 0.46328125 0.06484375 0.3171875
0 0.659375 0.47734375 0.0703125 0.40078125
0 0.69921875 0.453125 0.053125 0.378125
0 0.740625 0.428125 0.03984375 0.24765625
0 0.76640625 0.43515625 0.0609375 0.259375
0 0.671875 0.3765625 0.02421875 0.15078125
0 0.8390625 0.4328125 0.04609375 0.3140625
0 0.88203125 0.42109375 0.0296875 0.21640625
0 0.9203125 0.43671875 0.046875 0.29921875
0 0.940625 0.41015625 0.0421875 0.28125
0 0.96171875 0.40625 0.0234375 0.2734375