0 0.2078125 0.08046875 0.1875 0.1609375
0 0.409375 0.10625 0.115625 0.18203125
0 0.484375 0.1578125 0.08515625 0.10234375
0 0.6609375 0.26875 0.059375 0.13671875
0 0.690625 0.27109375 0.028125 0.04921875
0 0.70703125 0.30234375 0.04140625 0.1171875
0 0.7375 0.303125 0.07890625 0.21484375
0 0.759375 0.33515625 0.09375 0.2453125
0 0.825 0.471875 0.15234375 0.74375
0 0.88828125 0.49921875 0.2203125 0.9984375
0 0.91796875 0.19921875 0.06796875 0.096875
0 0.73203125 0.23203125 0.0265625 0.040625
0 0.80703125 0.228125 0.0078125 0.02109375