0 0.0796875 0.459375 0.15859375 0.6875
0 0.18515625 0.31484375 0.16953125 0.27578125
0 0.39140625 0.2625 0.23125 0.23359375
0 0.43828125 0.3515625 0.134375 0.28828125
0 0.5671875 0.31796875 0.16171875 0.38046875
0 0.6796875 0.321875 0.146875 0.271875
0 0.7828125 0.3203125 0.14140625 0.24609375
0 0.9140625 0.34453125 0.16953125 0.43359375
0 0.27578125 0.68046875 0.5515625 0.6359375
0 0.2734375 0.61875 0.3734375 0.63203125
0 0.54609375 0.6734375 0.31484375 0.65078125
0 0.70703125 0.66953125 0.21875 0.65078125
0 0.73515625 0.684375 0.52734375 0.62890625