0 0.7175480769230769 0.8137019230769231 0.09615384615384616 0.22355769230769232
0 0.4891826923076923 0.30288461538461536 0.06009615384615385 0.17067307692307693
0 0.22355769230769232 0.3798076923076923 0.06490384615384616 0.15865384615384615
0 0.27163461538461536 0.29447115384615385 0.04807692307692308 0.13701923076923078
0 0.3545673076923077 0.16346153846153846 0.040865384615384616 0.0889423076923077
0 0.39302884615384615 0.109375 0.02403846153846154 0.052884615384615384
0 0.41947115384615385 0.06850961538461539 0.019230769230769232 0.04807692307692308
0 0.8521634615384616 0.2403846153846154 0.04807692307692308 0.09615384615384616
0 0.4375 0.23197115384615385 0.028846153846153848 0.1201923076923077
0 0.45552884615384615 0.16947115384615385 0.036057692307692304 0.09134615384615384
0 0.4723557692307692 0.12980769230769232 0.028846153846153848 0.07692307692307693