0 0.32091346153846156 0.5216346153846154 0.02403846153846154 0.1346153846153846
0 0.27884615384615385 0.48197115384615385 0.021634615384615384 0.12740384615384615
0 0.2283653846153846 0.4699519230769231 0.021634615384615384 0.09615384615384616
0 0.7295673076923077 0.7451923076923077 0.04567307692307692 0.0985576923076923
0 0.8088942307692307 0.6430288461538461 0.08173076923076923 0.12740384615384615
0 0.7259615384615384 0.4891826923076923 0.021634615384615384 0.07451923076923077
0 0.7536057692307693 0.49759615384615385 0.03365384615384615 0.0625
0 0.9278846153846154 0.6526442307692307 0.04326923076923077 0.08413461538461539
0 0.5913461538461539 0.453125 0.016826923076923076 0.05048076923076923
0 0.5576923076923077 0.43990384615384615 0.019230769230769232 0.04326923076923077
0 0.028846153846153848 0.4074519230769231 0.019230769230769232 0.04807692307692308
0 0.020432692307692308 0.4326923076923077 0.016826923076923076 0.07692307692307693