0 0.5757211538461539 0.671875 0.06009615384615385 0.29086538461538464
0 0.8978365384615384 0.609375 0.0625 0.25240384615384615
0 0.8533653846153846 0.4987980769230769 0.04807692307692308 0.2091346153846154
0 0.5685096153846154 0.3786057692307692 0.03125 0.1658653846153846
0 0.59375 0.2512019230769231 0.021634615384615384 0.11057692307692307
0 0.265625 0.6862980769230769 0.07211538461538461 0.23557692307692307
0 0.24639423076923078 0.171875 0.021634615384615384 0.07932692307692307
0 0.5817307692307693 0.13581730769230768 0.019230769230769232 0.09134615384615384
0 0.5625 0.125 0.014423076923076924 0.09134615384615384
0 0.7175480769230769 0.1658653846153846 0.019230769230769232 0.11057692307692307
0 0.6887019230769231 0.19591346153846154 0.026442307692307692 0.09134615384615384
0 0.75 0.33413461538461536 0.038461538461538464 0.08653846153846154