0 0.5084134615384616 0.6466346153846154 0.06971153846153846 0.31009615384615385
0 0.8064903846153846 0.6286057692307693 0.0673076923076923 0.0985576923076923
0 0.84375 0.5769230769230769 0.06490384615384616 0.17307692307692307
0 0.7800480769230769 0.5805288461538461 0.04807692307692308 0.18028846153846154
0 0.3317307692307692 0.6442307692307693 0.08653846153846154 0.20673076923076922
0 0.39783653846153844 0.5925480769230769 0.040865384615384616 0.22596153846153846
0 0.09615384615384616 0.45552884615384615 0.03125 0.10336538461538461
0 0.1201923076923077 0.3942307692307692 0.016826923076923076 0.04567307692307692
0 0.4651442307692308 0.4519230769230769 0.02403846153846154 0.08173076923076923
0 0.4387019230769231 0.4375 0.016826923076923076 0.07451923076923077
0 0.4182692307692308 0.44350961538461536 0.021634615384615384 0.06490384615384616
0 0.6105769230769231 0.4567307692307692 0.019230769230769232 0.057692307692307696
0 0.7259615384615384 0.7524038461538461 0.05048076923076923 0.10336538461538461