0 0.47734375 0.4828125 0.3953125 0.3078125
1 0.47734375 0.4828125 0.4046875 0.3171875
1 0.6609375 0.5890625 0.03125 0.0265625
1 0.7359375 0.6046875 0.0515625 0.0515625
1 0.4015625 0.584375 0.021875 0.0203125
1 0.63671875 0.615625 0.025 0.0265625
1 0.44765625 0.603125 0.7625 0.6015625
0 0.559375 0.63671875 0.49375 0.3203125
0 0.559375 0.6375 0.4859375 0.3109375
1 0.7375 0.6640625 0.046875 0.0390625
1 0.6875 0.66796875 0.0609375 0.0640625
1 0.1296875 0.65625 0.090625 0.090625
1 0.2796875 0.66953125 0.1375 0.05
1 0.190625 0.7125 0.034375 0.034375
1 0.49921875 0.75 0.0328125 0.0234375
1 0.3265625 0.7609375 0.290625 0.2171875
1 0.16796875 0.75234375 0.0703125 0.06875
1 0.7640625 0.81484375 0.028125 0.0328125
1 0.5640625 0.821875 0.0359375 0.0234375
1 0.45078125 0.83984375 0.1359375 0.0625
1 0.5921875 0.86015625 0.09375 0.0328125