1 0.53984375 0.4828125 0.3828125 0.359375
0 0.5390625 0.48359375 0.3703125 0.346875
1 0.328125 0.56640625 0.03125 0.025
1 0.2515625 0.5703125 0.0515625 0.05
1 0.54453125 0.59375 0.7375 0.60625
1 0.3484375 0.5953125 0.025 0.0265625
1 0.2421875 0.6296875 0.0453125 0.0375
0 0.46015625 0.64296875 0.5375 0.328125
0 0.46015625 0.64375 0.5453125 0.3390625
1 0.290625 0.63984375 0.059375 0.0625
1 0.8453125 0.70625 0.0890625 0.0875
1 0.69453125 0.6984375 0.1359375 0.0453125
1 0.41875 0.69375 0.0328125 0.021875
1 0.38359375 0.728125 0.0796875 0.0390625
1 0.19453125 0.775 0.0265625 0.0328125
1 0.65390625 0.8 0.24375 0.175
1 0.39140625 0.809375 0.0359375 0.021875
1 0.5015625 0.84375 0.134375 0.0578125
1 0.35859375 0.84375 0.09375 0.0296875