0 0.0985576923076923 0.23076923076923078 0.05048076923076923 0.17307692307692307
0 0.33653846153846156 0.38461538461538464 0.13221153846153846 0.2403846153846154
0 0.6550480769230769 0.3737980769230769 0.0889423076923077 0.4375
0 0.5144230769230769 0.1935096153846154 0.07932692307692307 0.15865384615384615
0 0.578125 0.12139423076923077 0.06009615384615385 0.13701923076923078
0 0.3870192307692308 0.12620192307692307 0.04807692307692308 0.17548076923076922
0 0.45072115384615385 0.109375 0.04807692307692308 0.15384615384615385
0 0.39663461538461536 0.1045673076923077 0.052884615384615384 0.15865384615384615
0 0.31009615384615385 0.12379807692307693 0.038461538461538464 0.15865384615384615
0 0.25721153846153844 0.1346153846153846 0.057692307692307696 0.16346153846153846
0 0.359375 0.055288461538461536 0.026442307692307692 0.0625