0 0.09735576923076923 0.23317307692307693 0.040865384615384616 0.19471153846153846
0 0.12860576923076922 0.19591346153846154 0.05048076923076923 0.15865384615384615
0 0.42788461538461536 0.4206730769230769 0.1201923076923077 0.2956730769230769
0 0.6262019230769231 0.35697115384615385 0.06971153846153846 0.43028846153846156
0 0.5372596153846154 0.24158653846153846 0.11298076923076923 0.27884615384615385
0 0.40024038461538464 0.11298076923076923 0.057692307692307696 0.1466346153846154
0 0.4519230769230769 0.12379807692307693 0.06009615384615385 0.15865384615384615
0 0.3605769230769231 0.10817307692307693 0.040865384615384616 0.17307692307692307
0 0.31490384615384615 0.125 0.038461538461538464 0.15625
0 0.2692307692307692 0.12620192307692307 0.04326923076923077 0.1466346153846154
0 0.9387019230769231 0.14182692307692307 0.040865384615384616 0.07211538461538461