1 0.37265625 0.25 0.0109375 0.021875
0 0.4078125 0.23828125 0.06875 0.0609375
1 0.40390625 0.2375 0.0796875 0.0671875
0 0.3859375 0.33671875 0.05 0.125
0 0.3859375 0.33671875 0.053125 0.1296875
1 0.48046875 0.41875 0.0078125 0.0140625
1 0.47265625 0.42109375 0.0046875 0.0140625
1 0.46484375 0.4234375 0.0046875 0.0109375
1 0.4109375 0.4140625 0.00625 0.0109375
1 0.43515625 0.4234375 0.0046875 0.0078125
1 0.45625 0.40625 0.0078125 0.00625
1 0.45859375 0.42734375 0.0046875 0.009375
1 0.40234375 0.31171875 0.0875 0.2234375